1437809713614295042	
1438216721194799105	
1437981269615329285	
1438419260938784769	
1438313449038176261	
1438407065320427521	
1438507394288406539	
1438667956959993865	
1438745794522329092	
1439264786261360647	
1439400376948740107	
1439952239230128139	
1439949487422726145	
1439985535620206594	
1440307365731913728	
1440197897304166401	
1440293596222017546	
1440739957715263496	
1440673298518446097	
1440684805159481345	
1440719543907717121	
1440788138461302790	
1440488036953833474	
1440482248818450437	
1440645585703342091	
1441100096607698953	
1441100098356662282	
1441082518866849793	
1440864019829645312	
1441133228505640961	
1441289526379356160	
1441334586311524353	
1441228674011914243	
1441808246897971200	
1442497183530434569	
1442539424017903621	
1442592010838360065	
1443117965017235459	
1443138335933878273	
1443150436782026755	
1443714786638843904	
1443408794235588610	
1443446442480254976	
1443909613959716873	
1443958149426421762	
1443975217273978881	
1443886169889071104	
1444087564894363653	
1444178178386407424	
1444586614320242688	
1444605804586360832	
1444995505830957060	
1444948986629173249	
1444838018641272832	
1445492018172493833	
1445363897427447817	
1445593675682050053	
1445781432522006531	
1445869491032838145	
1445871251289948161	
1445742170581860352	
1445799573134454784	
1445822864276475904	
1446049402599231488	
1446141248188915718	
1446028419301613576	
1446168486540152834	
1446157136912953350	
1445961849137205250	
1446309790318219267	
1446508406655832069	
1446487366844178440	
1446829091118800900	
1446978352192139267	
1446735131931197444	
1447227506206064653	
1447492133494067204	
1447618250003595268	
1447471308728635392	
1447612845605130243	
1447559810749276160	
1447385561535242246	
1447675157045202946	
1447803516370792450	
1448060942034550789	
1447978655947399173	
1447975142223716352	
1448150776770088961	
1448138206713552897	
1448426732067987458	
1448429578125512704	
1448397098811002885	
1448507882119614468	
1448495059540795392	
1448636725744611329	
1448508287666860035	
1448557352647548932	
1448698506953244674	
1448549379212816385	
1448931018925387776	
1449015013071536134	
1448912054220468225	
1449321417741381632	
1449874968557326339	
1449681382771417089	
1450043562473795584	
1449980830659534851	
1450236375073230848	
1450107678181703683	
1449985865506295812	
1449999203074252801	
1450278056824815621	
1450424002502139905	
1450329879564722179	
1450412708503904258	
1450402365404860416	
1450350877118799873	
1450454790199197700	
1450465537356611586	
1450343616967217152	
1450492196210216966	
1450518882750537730	
1450326594908835840	
1450427017573326856	
1450687995376553990	
1450627331370983424	
1451168656667385856	
1451002560278577152	
1451215382866497545	
1451332932514295809	
1451357252498100229	
1451606194729193499	
1451698236830461952	
1451459589833175044	
1451555304093663273	
1451978631878746120	
1451876094617993233	
1452180564413399049	
1452326543045414920	
1452495913818206210	
1452517157582118912	
1452613933634838532	
1452667959349071879	
1453047764343005187	
1452994195031998471	
1452973247268593674	
1453166838444171275	
1453185106928193540	
1453501135705329666	
1453648775260561412	
1453665615319814147	
1453621643440529410	
1453662600982577156	
1453659193215442945	
1453928095103299590	
1453894862814777350	
1454417611949854723	
1454384101805416450	
1454379068858769413	
1454371253645623296	
1455143149530124290	
1455166780079542280	
1455335255951519748	
1455335737952440325	
1455942460748742665	
1455724930734206976	
1455765423257968642	
1456015844945891342	
1455987913842479107	
1456241837551783937	
1456299829450117134	
1456135649937985538	
1456066929903480837	
1456081690020007936	
1456542846341816336	
1456749934468870145	
1456697000439820294	
1456592170954145792	
1456967621170114565	
1457315928102875144	
1457681311125102602	
1458222427905871874	
1458441845088964617	
1458297382735695875	
1458482210898591755	
1458724148826492928	
1458731501584015361	
1458914217084530693	
1458886773191458821	
1458875265904488451	
1458845702252122123	
1459160885478543370	
1459148607081308173	
1459130357341634566	
1459114865726009344	
1459449968457138177	
1459313795550093322	
1459452738178277378	
1459636580155592706	
1459816139224137730	
1459923668713230337	
1460299327146967041	
1460289501247463424	
1460130984796508162	
1460140276312272900	
1460712305084219400	
1460532861061238784	
1460602771347017729	
1460742002094530561	
1460714050376159233	
1460713818007420943	
1460697325391826948	
1460941873787375617	
1460809691706056707	
1461030902360944656	
1461068154218631179	
1461668337662976002	
1461677168371589128	
1461734729108107268	
1462026160892743686	
1462057699500306436	
1461849321800929281	
1461996279366565893	
1462009841644412931	
