1326519369938120705	
1326519384358215680	
1326764779428589569	
1326924491604299776	
1326908782048387075	
1326894254250143747	
1327365016685846528	
1327367939339718657	
1327373261475356672	
1327286625148264449	
1327086527416037377	
1327575270723899392	
1327671753917788165	
1327706397736382464	
1327830461947711489	
1327780042420727811	
1328096328648417288	
1328313694611181568	
1328318197750247424	
1328321898690850820	
1328265814416498689	
1328203918325796866	
1328187508262363137	
1328335794445176832	
1328341742484123655	
1328456482938122245	
1328566998763270144	
1328716586308546561	
1328788764324409346	
1328819270810292226	
1329173037657231360	
1329137369866493955	
1329110643052515328	
1329136663403048963	
1329137651505618950	
1329138045459820547	
1329138219590561793	
1329168029968719872	
1329181118818553864	
1328852552725778432	
1328922235797708804	
1328924480350064640	
1329009269195288576	
1329063644433424386	
1329517164156612609	
1329330381250834432	
1329357072358649856	
1329376851370930176	
1329415792715309058	
1329518248220643330	
1329542038577156096	
1329222951712026625	
1329246745801396224	
1329643849141129217	
1329645523209515009	
1329704255301750785	
1329587169082683392	
1329579259359277058	
1329579264920997888	
1329772048407793665	
1329928692966027266	
1329926839922470913	
1330158190558916608	
1329950793701744640	
1330239238240149507	
1330202550235258885	
1329955866590720000	
1330433609845657601	
1330475753440505856	
1330510638746103811	
1330548327910412289	
1330564254722879491	
1330994140574846981	
1330928947413078018	
1330863251987582976	
1330687086672928769	
1331329413175250944	
1331066616038256640	
1331079073242689537	
1331277195629764608	
1331344521242824707	
1331599487501000705	
1331590266067824640	
1331573194675933185	
1331551787657146368	
1331745413989355523	
1331408691812323339	
1331759505458212864	
1331763478886027265	
1331775921997672448	
1332099297777766400	
1331909757100285952	
1331914746749218817	
1331874939687870466	
1332317006327111682	
1332405507781496835	
1332295656946405383	
1332485695122894848	
1333075541780520961	
1332839095542960128	
1333424064514437120	
1333371970503794688	
1333246873369513984	
1333208357071675393	
1333199872510615552	
1333736765409124356	
1333810549516361729	
1333862984314200066	
1333632290665205760	
1333655501687705601	
1334163404722999299	
1334229362422525953	
1334234306072506370	
1334620948507594752	
1334539207998631939	
1334502231610101760	
1334453517944283136	
1334557015163744256	
1334563410583937024	
1334610051898765315	
1334294985374621696	
1334290463055089665	
1334650963978825728	
1334743819783462913	
1334990916680028163	
1335171574228537344	
1335015683118272512	
1335282225936560129	
1335121204424937472	
1335377760773152774	
1335556065317031936	
1335688128477204486	
1335623387054542848	
1335942288351105025	
1335927829263953926	
1335891180198965249	
1335783282047324160	
1335764031903309827	
1336014002351190016	
1336050272716673025	
1336052098211962888	
1336080826866544642	
1336102078670901250	
1336102619446702080	
1336400748079407104	
1336378522147885056	
1336770364735676422	
1336651835424337923	
1336718585054552066	
1336728424015130627	
1336626523386875905	
1336588570862252032	
1336495165972897794	
1336461772820279296	
1337032705356214272	
1336991743213002753	
1336849792438325256	
1337167923622842370	
1337163326145622016	
1337148865972199427	
1337105531694166019	
1337261670285119488	
1337220916988796929	
1337232783664697349	
1337347233092612097	
1337398454692302848	
1337188626757791745	
1337193741031968768	
1337725037600759808	
1337832066436698112	
1337864348769902593	
1337714815704461313	
1337556748471832578	
1337558507378315266	
1337914767831339008	
1338086367415431170	
1338158378523176965	
1338073350527127552	
1338294406143762441	
1338539729793527818	
1338597608164618242	
1338344238392741888	
1338398018811408384	
1338499352042631169	
1338617543674781702	
1338948708092825600	
1338836648386326529	
1338828614763245570	
1338779182906695685	
1338773155075207168	
1338882533157691393	
1338749930203181056	
1339250405063200768	
1339217215934099457	
1339095247834525699	
1338998435597459456	
1338997859975311362	
1339327042429587457	
1339636702806241281	
1339712598456057863	
1339529575169191937	
1339365354175406080	
1339993602991243269	
1339724477144453125	
1339727302993829890	
1340031413421285378	
1339740337045168130	
1339894953997168641	
1339931409331437569	
1339891034331996160	
1340085812747243520	
1340295996971110405	
1340264340524560386	
1340154334609289217	
1340095995758129152	
1340086369780195329	
1340423692229242881	
1340429906996551687	
1340638316799143936	
1340531351020314625	
1341147410047905794	
1341157351244656640	
1341063653437673476	
1340897208141492224	
1340886994130505728	
1340881917844074498	
1340858114233552897	
1340821326261567488	
1340900599160778753	
1341132468188045312	
1341119817559011329	
1341116643439747081	
1341359543591251974	
1341216816220303360	
1341175449423065089	
1341366427371122689	
1341381351380029440	
1341415287535579143	
1341443364428910597	
1341454225402945544	
1341448463331041280	
1341753125296848909	
1341537474414325761	
1341544849980461056	
1341721776515117057	
1342048621513089024	
1342021688519757825	
1341975333868875776	
1342208667656073225	
1342211027090468866	
1341965149289271297	
1342083133051699201	
1342164300820000768	
1342164283795402753	
1342218349045043202	
1342607497392173057	
1342470023416328192	
1342445457260294145	
1342432228647837696	
1342490765071675395	
1342821479742902272	
1342654506157432832	
1342827020280082437	
1342853289910661120	
1342954117514358788	
1343065685392568321	
1343155704283209731	
1343268588724039687	
1343335424241053697	
1342997146598051840	
1343512757614817280	
1343587283488931844	
1343636306014986246	
1343366573285904389	
1344026971307728896	
1344067385528115200	
1343792716577173506	
1343809706037555201	
1343843884825243648	
1344015866615238660	
1343909085683585025	
1343967304770609155	
1343960149996810242	
1343938346083639297	
1343879344092028928	
1344000013098250240	
1343747408472272896	
1343709930986098694	
1343709932554756098	
1343711061032239110	
1344382425795862529	
1344404456901894145	
1344414093818671105	
1344369336660725760	
1344324131936985088	
1344120657152507904	
1344129157693755392	
1344151803563290626	
1344268269650374658	
1344305178770604036	
1344310809602764800	
1344717621976043521	
1344670726289301511	
1344609451769270272	
1344474671987654658	
1345357781151449088	
1345320730016305152	
1345379493461053442	
1345689260179992576	
1345630630747504642	
1345520789882347520	
1345729003072708609	
1345538911653789696	
1345799436304318470	
1345772964948664321	
1346224494894059522	
1345928528433467392	
1346055330799738880	
1346120349054885889	
1346140238066888708	
1346226015480270848	
1346323386872569857	
1346312624741474309	
1346317183291428864	
1346477170068078602	
1346597611445346306	
1346453545176997891	
1346655847406067712	
1346616750272557061	
1346811303881547778	
1346959528143822848	
1346902620368220161	
1347281185916014595	
1347272679917838337	
1347209112208216066	
1347171074602119168	
1347341186260983809	
1347454656662937600	
1347379188416868352	
1347954309930102785	
1347697610975490053	
1347698733031555074	
1347701014548402178	
1348062215748923392	
1348709719012241411	
1348675112011264003	
1349023340128858113	
1349029660500307968	
1348969599933550598	
1348786186635120649	
1349148464052109316	
1349310734635851787	
1349418693575454728	
1349197262719746049	
1349495251824758796	
1349581355533918211	
1349688779481763841	
1349727056712638465	
1349753913776500738	
1349787435119607810	
1349842645468770309	
1350135287888965632	
1350178153998790657	
1350009342087589888	
1350235025539788801	
1350395550848462851	
1350249769604677639	
1350283730796085252	
1350376111570624514	
1350812643070763009	
1350824204715892736	
1350693329583960064	
1351251798401683456	
1350968564233199619	
1350973116294508551	
1351256426665177089	
1351127408821358593	
1351491882870845441	
1351562320690999297	
1351595749079977989	
1351452100971081728	
1351620201603878912	
1351857903066640384	
1351850422919704578	
1351854745762324482	
1351967968536756227	
1351969012654211075	
1351684433385025536	
1351905468520816642	
1351861814104125440	
1351876397573275648	
1351683872661123073	
1352267237642690564	
1352266975486083074	
1352257386015293441	
1352293496812658688	
1352318594265337862	
1352346677995298823	
1352385956989558785	
1352344963703570432	
1352248373672337409	
1352060028371525645	
1352441125706080259	
1352577949766193153	
1352573868079198208	
1352567974494941184	
1352545188749651968	
1352500212095451137	
1352486925710585857	
1352471719315988480	
1352469813642321921	
1352422458201141251	
1352600688006672387	
1352699705344598016	
1352605711394594818	
1352764603881697281	
1352755143511568386	
1352661826782318594	
1352646981500465152	
1352628095728181255	
1352996842800345093	
1353057438556033033	
1352778101089046528	
1352777536296677377	
1352960289164189696	
1352975904486653954	
1353377609254506497	
1353473890761248772	
1353335140529958912	
1353294404421898240	
1353428583570690048	
1353623698633338880	
1353625936994983937	
1353629964751536130	
1353822576221556736	
1353764907242708992	
1353705707430932481	
1353691143729516544	
1353673233392930817	
1353648129288101889	
1353622983735189506	
1353494261866631169	
1354027258126757892	
1354002537234509824	
1353988566955806721	
1354130324574318595	
1353947441557549056	
1354037883921981442	
1354036135748653059	
1353920178195726341	
1354136347234234370	
1353874890949074946	
1353868134860681217	
1354214472240549893	
1354209205708857346	
1353882226514157569	
1354100812612591617	
1354077393921712130	
1354060809400418305	
1354348461722894337	
1354372349919899649	
1354370271826882560	
1354369444743688193	
1354321515756589057	
1354535629024075787	
1354221044098338818	
1354407214325362688	
1354565841673707521	
1354514255467446273	
1354383415223742467	
1354456094907760641	
1354444935139897349	
1354652238279544843	
1354776014656827392	
1354785979362652160	
1354793671707807746	
1354811935787683846	
1354817827048312832	
1354769207288868871	
1354751838080393217	
1354842950770057217	
1354864333986140162	
1354861800739786757	
1354774004184342529	
1354953335548366851	
1355014381084569601	
1355061628149100547	
1355075210656014340	
1355062906346418178	
1355172865180655622	
1355242811382243328	
1355156532070113282	
1355250893319507969	
1355179470014046208	
1355119277150531584	
1355196015213764610	
1355151227055722498	
1355314967612952576	
1355307004936511491	
1355654780023144456	
1355561352266444805	
1355337733368111105	
1355491659287572486	
1355883007853420547	
1355844003351179265	
1355703477595475972	
1355672870177959939	
1355900573237829643	
1355982094309187590	
1356355650029293570	
1356302980853747714	
1356378746626961408	
1356229161669550080	
1356209807003418625	
1356215028022726661	
1356092426792919044	
1356172680844734466	
1356101982893854726	
1356541010436907009	
1356674268273250312	
1356639121511493634	
1356593407330820096	
1356572592166088706	
1356570590006685696	
1356633245216083968	
1356974741115064321	
1356980196180717569	
1356927156073476098	
1356941820505317376	
1356943787658993666	
1357302918064521218	
1357260153419096066	
1357120877821837317	
1357406349710266374	
1357796967116644352	
1357814521965006854	
1357835874264899586	
1357825337984442369	
1357592341746503683	
1357626035144167424	
1357723091670085634	
1357509625806024711	
1357994115414315008	
1358017828100714498	
1357864344235757568	
1357855196559388675	
1357853503222390784	
1358112556607545344	
1358096566582718464	
1358389866053177344	
1358384581406298115	
1358412209735553024	
1358487405393825796	
1358443452665634816	
1358664957336854528	
1358641476004179970	
1358847704294690816	
1358849048288108544	
1358850235125161985	
1358860399949606914	
1358865705492504578	
1358903028305256455	
1358832869389594624	
1358812598859423744	
1359226504241156097	
1359242957979869190	
1359267769498353672	
1359283826598563841	
1359236132324655107	
1359009009760632833	
1358980119772205056	
1359210434591612940	
1358970266706182148	
1359175257979027458	
1359028012168151042	
1359114711334334464	
1359576394095865860	
1359571287304069121	
1359526918794715141	
1359447280991039490	
1359457043606814736	
1359469120509661187	
1359475702316343297	
1359601791290257409	
1359297980034134022	
1359329244757770246	
1359338816998420483	
1359346373230026752	
1359767011635699714	
1359760724600508423	
1359843372983332864	
1359861901296078848	
1359927962431283202	
1360018295420825605	
1360050749485514758	
1360017721753284609	
1360347522649239553	
1360317264168419331	
1360368346450055179	
1360317522365579264	
1360058794886201347	
1360175754638741504	
1360161605007396865	
1360221895770206215	
1360256247233191938	
1360249127523782663	
1360430949469683717	
1360603978476773378	
1360627459071344640	
1360638653798694914	
1360653741872066568	
1360562894589616136	
1360494968570335233	
1360529915490299916	
1360633896367489027	
1360396697415938053	
1360539207094198272	
1360754049369464836	
1360862227587235843	
1360762191713034242	
1360854802738077696	
1360876023081029633	
1361055364121325572	
1361047831193223177	
1361087429613146116	
1360970357755301891	
1360940382436143106	
1361371453313146888	
1361419521869766660	
1361443175202717699	
1361212409860550659	
1361213596110364673	
1361214656803651584	
1361302879836008450	
1361108720374210567	
1361620092476358659	
1361740897826791428	
1361595085662617600	
1361618653754572803	
1361581738116468737	
1361558069537366016	
1361507860639862784	
1361469519533903875	
1361645953300709379	
1361466258831650824	
1361640685221347328	
1361755935497203713	
1361727062533419013	
1361711453389152257	
1361692191412924417	
1362075109402554372	
1362027546561421314	
1361983141066530822	
1361972019072544770	
1361885856836026374	
1361863119635628035	
1362095322990804994	
1362531432472719361	
1362191892818104320	
1362347369950564352	
1362454043126353920	
1362250252347129857	
1362352460019474434	
1362507056088051716	
1362822016143925253	
1362775630543261701	
1362582176315932672	
1362582356171833347	
1362603941205315584	
1362846937507102720	
1362883494108688384	
1363035857628913665	
1363052740977565696	
1363103134583820291	
1363128734656720896	
1363564824781807618	
1363402715100033025	
1363450927487803392	
1363467268458504196	
1363456197807001600	
1363977850131533824	
1363768946877468672	
1363745869141577729	
1363818851096547331	
1363657589901434889	
1364033154407874560	
1364213226804756482	
1364052932526804993	
1364208030452187136	
1364192270354907137	
1364163402017476612	
1364114845415702528	
1364219240711151617	
1364253382375051266	
1364290508894461965	
1364510841316466690	
1364704424711626753	
1364676410284142592	
1364621868435652613	
1365040039458144259	
1364809121271328777	
1364760290500427777	
1365129357975502850	
1365144069295505409	
1365439031262273537	
1365423923970641921	
1365421631452160003	
1365404050620092420	
1365670858442878979	
1365805851743813638	
1365745256545857538	
1365565735842557956	
1365553918961455104	
1366054816074649602	
1366013618849009672	
1365820044861730818	
1366536254918168576	
1366507778601345024	
1366264702381219843	
1366283619858325508	
1366274265323081728	
1366270241991512065	
1366451122240643073	
1366392811998879745	
1366343736477777925	
1366212026091982850	
1366550836382470145	
1366582465880592386	
1366693356676481028	
1366782768756248578	
1366758971093221386	
1366744052591394818	
1366878188857606144	
1367054283305287684	
1367016946043092993	
1367022110544166912	
1366907609417187333	
1366992504059551744	
1367227976002265088	
1367157603076349955	
1367092095132061698	
1367178342290587648	
1367360929613103116	
1367282676210802688	
1367276136804347904	
1367266230202163200	
1367605872499826690	
1367596438323093504	
1367593946797371396	
1367514682655965186	
1367343511524278273	
1367806628960088066	
1367804106606317569	
1367713993985495041	
1367715230382440451	
1367717772722139137	
1367744308116398082	
1367768760396963840	
1367784250590826498	
1367643861829496833	
1367737730831122436	
1367990302796038145	
1368337605490860033	
1368260911446786048	
1368250057561169921	
1368222318980370432	
1368164535627100167	
1368530132726583297	
1368418020058599424	
1368565861880053760	
1368960738014924800	
1368714808997085185	
1368719910260662274	
1368771726981672961	
1368997728194355204	
1368984124166463494	
1369337451047772170	
1369199055411290112	
1369254027746238467	
1369076954943660032	
1369695263439392770	
1369466230533423105	
1369459261949046786	
1369455612229222405	
1369708094519975938	
1369636137334169602	
1369717031755513856	
1369630629852291072	
1369621588744765444	
1369881543846600704	
1369877886304460801	
1369874241852735489	
1369802040751386626	
1369932662908018688	
1370006749869137920	
1369811620550082564	
1369987016167985157	
1369817292524118019	
1370093791345016837	
1370038320336674826	
1370074059548069895	
1370019114073415680	
1370167268353703938	
1370442008448397314	
1370331756394598400	
1370333647589539840	
1370334495828742146	
1370334498567651328	
1370334499855273984	
1370376385546616841	
1370393838855061504	
1370521530405429250	
1370448641161314308	
1370229343562108929	
1370227563625390088	
1370211968087375873	
1370327963749789697	
1370668795614871552	
1370763488797278208	
1370544225234862082	
1370546919760625665	
1370538916923736067	
1371076522774237185	
1371063339627995136	
1371166020250046465	
1371366061598195713	
1371351962902466561	
1371342594853253122	
1371292502284775425	
1371289119695986689	
1371423512372645888	
1371427975250518016	
1371494665220993033	
1371349349377146881	
1371487637895327748	
1371487121815523331	
1371788595120513026	
1371891836231487497	
1371819521032527874	
1371786093906042886	
1371708892258910209	
1371742352348446724	
1371747433303130112	
1371779541153239041	
1371931559549341699	
1371939468953927681	
1371947822640160769	
1371956472536571908	
1371879708447682562	
1372047807054544897	
1372065458422214661	
1372066440853995521	
1372097385866928129	
1372259199615438857	
1372146210975399938	
1372176632635658243	
1372195364170784768	
1372229182655246336	
1372250715431784459	
1372134836798906369	
1372301980308234250	
1371992758429360130	
1371986590868905993	
1372285519065931780	
1372523814152777728	
1372343881887588356	
1372409197791473667	
1372595691957190658	
1372599128094556172	
1372639738801315842	
1372670310181437440	
1372579528913133573	
1372529439993651204	
1372572250231083008	
1372732577505800193	
1372967389617328141	
1372987520150016005	
1373223227019911170	
1373220258098610179	
1373112821127479298	
1373068658113581056	
1373081108078792706	
1373330260222226437	
1373320222933913600	
1373597859090677760	
1373579095477530625	
1373610375875297280	
1373611624620306435	
1373610376529592322	
1373618657193041922	
1373678156486434819	
1373788477154865159	
1374147462739464192	
1373990751508529154	
1374021028406517762	
1374044013322452993	
1373808877054136332	
1373920652281937923	
1373897823054393347	
1373893945609105409	
1373885099113086977	
1373899923129831430	
1374155558664671237	
1374224912550871040	
1374245504759050245	
1374374069647241222	
1374405308160692228	
1374240007054098435	
1374234971834048512	
1374648694881067010	
1374655945674997760	
1374668631469068292	
1374690939382460416	
1374696756764631040	
1374705315795632129	
1374755974498631685	
1374763491496767492	
1374770694374973446	
1374779805850296320	
1374788183255347205	
1374639367411675136	
1374523674326224900	
1374549804852858881	
1374551812292931590	
1374721296559435778	
1375101425647292426	
1375099413954191360	
1375140202637824005	
1375143976500613120	
1375235828562206727	
1375201169031716885	
1375152051227885585	
1375146983871152144	
1375141557297418253	
1375079385540214794	
1374962016931155968	
1374965274923962375	
1375029068010303490	
1375034165507276803	
1375048443421458442	
1375050591077076995	
1375055647289585668	
1374993961216004097	
1374926569865641991	
1375436902745190402	
1375486148315860995	
1375454629039865860	
1375329081647071232	
1375509110666321923	
1375847387655208961	
1375617512881131525	
1375632801043714055	
1375749820137283584	
1376066256965619712	
1375968283086688259	
1376224063799050241	
1376273539125370891	
1376084822737756160	
1376077776839643138	
1376344378495619079	
1376656637369450501	
1376589754498699267	
1376563028922097670	
1376398230087462912	
1376422302083080198	
1376454354161565699	
1376431792035663873	
1376946539420073991	
1376808940143529984	
1376969883246792707	
1376789058291126273	
1376784012115640321	
1376780927632875525	
1376775301540290560	
1376767136530624512	
1376755740363386882	
1376791904172580866	
1376837880371380227	
1377160971974668290	
1377251968658370560	
1377454945314738178	
1377432045211639808	
1377469241247551490	
1377512827179700224	
1377473316135567361	
1377497464840855552	
1377554846061039617	
1377684420140879878	
1377720721154179075	
1377715400364920836	
1377725724052840448	
1377581081285824513	
1377616010245775370	
1377621548358569984	
1377628582290333699	
1377569273560887297	
1377638405962670081	
1377884659669946368	
1378038977396097030	
1378104189440638980	
