1215240911862554624	
1219075248194236417	
1219737185630507011	
1220074384506916864	
1220073253504503809	
1220015638300762113	
1219950421508337665	
1220465323356442624	
1220245280345546752	
1220292574121996290	
1220336547616239616	
1220832559422197760	
1220544884093988864	
1220760157136674816	
1220688757432688642	
1220508565909184512	
1220859963137982465	
1220880121667751936	
1220881291920531461	
1221048580015869953	
1221370775514570753	
1221467191582871554	
1221616260716335105	
1222069020310089728	
1221978163753910273	
1222105541478096896	
1222146729115635715	
1222302181480632320	
1222195633098035208	
1222329092554526720	
1222541002323505153	
1222504134328356865	
1222573173138501632	
1222487374648741888	
1222819252811501568	
1222892149815103488	
1222952706517753856	
1222952906414002178	
1222954240852811778	
1222969316494249985	
1223005720599322626	
1223021090844368898	
1222761610277801984	
1222712066185756673	
1223059155419836417	
1223197095181504512	
1223618957703335936	
1223569486969802752	
1223815857089978373	
1224096238951419904	
1224272688014942208	
1224274560239001601	
1224179005248692224	
1224390684569935872	
1224404292930621442	
1224430371338686464	
1224762863811809283	
1224682830841761792	
1224654771153461248	
1224484031603052544	
1224849127328165888	
1225077307200692224	
1225083557124681730	
1224893610090549248	
1225003641527992320	
1225228745612681218	
1225444210037469184	
1225432490384424960	
1225420932107337728	
1225563064231170048	
1225214053112537088	
1225228108514635776	
1225253298279714821	
1225820168380612609	
1225845913752657921	
1225761439899684864	
1225579808811339778	
1225597691603890176	
1225851304909660161	
1226283060993413121	
1226203706850512897	
1226507499831951361	
1226917698795384832	
1226834974420152320	
1226694539878043650	
1226928061796487169	
1227198996193665024	
1227268761314643969	
1227258125675323392	
1227332484767068163	
1227500768036446208	
1227705968642973696	
1227688396493119488	
1227603070261104640	
1227764023191592962	
1227963259078238210	
1227810175412768770	
1228005710107205633	
1228377329480687617	
1228108290074251265	
1228153398870016000	
1228261960820629504	
1228391475416829952	
1229098296389623815	
1229068993882923009	
1228874284942155778	
1229468967334531072	
1229282823439294464	
1229197320736137216	
1229617629767311360	
1229924687888764931	
1230186878508453889	
1229954402808729602	
1230078590886326273	
1230111501157007363	
1230348909140234240	
1230468418563969024	
1230543904371593216	
1230654613239554048	
1230698215076290560	
1231153910771048448	
1231371728120664064	
1231624529585344512	
1231377180237664257	
1231413073522647042	
1231539820062760960	
1232006683913789442	
1231793701321682944	
1231859305063895040	
1231936332727037952	
1231911196653166592	
1232250636995121152	
1232273471025143809	
1232374503868706816	
1232334253762977793	
1232397551560806402	
1232182634857582593	
1232177885152239616	
1232773070475137025	
1232455527713533952	
1232669160724975618	
1232706252049915905	
1232736574795919366	
1232745761818980353	
1232762811912216576	
1232585861868539904	
1232459757472055296	
1232819030806990854	
1232825555877269504	
1232934514005020673	
1232973829418430464	
1233095084947771393	
1233070912943075328	
1233052530239774720	
1232999130235953154	
1232993981316943872	
1232954156459184128	
1233107193035153411	
1233107203126628355	
1233107201520230400	
1233306595519553536	
1233322028788277248	
1233335939788877827	
1233346403612659712	
1233398919771672578	
1233428428818436096	
1233458377533116417	
1233182269805858817	
1233477776910487552	
1233863855060738049	
1233596806136770561	
1233583361022664704	
1233635461131796483	
1233868610675920897	
1233847625834778624	
1233824734267289600	
1233801292063084547	
1234159355290947584	
1234175886322229252	
1234093766132322306	
1234151186632265740	
1234312125641875456	
1234478086785290240	
1234491814448697344	
1234496190521257989	
1234531938985238534	
1234569733711826944	
1234420622169706498	
1234424515150651393	
1234845918924595200	
1234805181528903681	
1234754707412987904	
1234849173889077249	
1234851265001246726	
1234872506999345152	
1234873038291767298	
1234878572143239168	
1235153322644066305	
1235169016299376647	
1235108081429884928	
1235222287751819264	
1235089013519704064	
1235224925792866310	
1234996066367373312	
1235371517518569472	
1235716161561456641	
1235649158649913345	
1235611558169980935	
1235606016101883904	
1235543952092209153	
1235565508679868421	
1235977126219825152	
1236006123104239616	
1236056559710584832	
1235745631878008832	
1235759239911571456	
1235963495688085506	
1235922921543131136	
1235926850775498752	
1235881130311761920	
1235888064775491586	
1236061325102583809	
1236429121384824832	
1236315636520955911	
1236084579641036802	
1236084036583526402	
1236445947544117248	
1236456679782440961	
1236687667129171971	
1236727857675632647	
1236612952746340352	
1236566061392310272	
1236518999757852673	
1236589310759055361	
1236618794229006336	
1236845411706580992	
1236841823605325824	
1236813862864916483	
1236995210883862531	
1237008255366369283	
1237049434883702784	
1237059862258999296	
1237146238925049856	
1237079818656796672	
1236950349963046912	
1237034178996310025	
1237418433001684992	
1237380952151728129	
1237248587005902848	
1237295050566090752	
1237299857481662464	
1237330764104118272	
1237352258561609734	
1237352493073473536	
1237339668032741376	
1237424917873901568	
1237430616154669058	
1237445099837100032	
1237490644983169036	
1237464010368450560	
1237445256393654273	
1237433572983746565	
1237867823529177088	
1237845172651577344	
1237771697484333063	
1237779875622158337	
1237784157666914304	
1237803410143010817	
1237810280077410304	
1237543887519940608	
1237711913682964480	
1237671310160998406	
1237632129628090368	
1237570081309114368	
1238233286209679360	
1238208011912523776	
1238163473567277058	
1238160997812187138	
1238143020232577025	
1238141706224242690	
1238136445837197314	
1238134937628413955	
1238096209631481858	
1238081000539906048	
1238062458817908738	
1237948294657183751	
1237942665196568576	
1237925108150394881	
1237908176240025605	
1237895080305778690	
1237892445284655106	
1238170750487605250	
1238482694096539648	
1238471689668788225	
1238442066713235458	
1238438966766047232	
1238424367664705537	
1238504657116434433	
1238507449088380929	
1238507690537730048	
1238550999238873088	
1238580828218802181	
1238503780087455750	
1238313917564231680	
1238630814008647680	
1238642422978170880	
1238682299891437568	
1238700893014548480	
1238745259443658752	
1238778693390139393	
1238785072632913922	
1238815841245937664	
1238790883581009920	
1238837353642364928	
1238809881840402434	
1238874261269426177	
1239005489914142723	
1239058820380459008	
1239087672561487872	
1239128502928052224	
1239144326313148417	
1239153282725171206	
1239159891706687488	
1239168625984049152	
1239204908794097664	
1239220877549600770	
1239243558349090817	
1239258514327064578	
1239267152546467843	
1239313644200099841	
1239214217674346497	
1239181075152330754	
1239189780937744385	
1239165661051604992	
1239585673151209473	
1239659388962508807	
1239654006340956160	
1239506616740990977	
1239483006458515458	
1239447977099513856	
1239415503006896128	
1239354814330437632	
1239644212242628608	
1239644995344314370	
1239636362464198657	
1239510417086521344	
1239562477584744451	
1239583228555603969	
1239578154999656448	
1239626258817957890	
1239739079031500806	
1239706518733369345	
1239810701880897536	
1239755834265133062	
1240054614562660352	
1240032527655546880	
1239772067781840896	
1239977619367567361	
1239969810110271488	
1239940900677136387	
1239912294013980678	
1239907074999562241	
1239906953503150080	
1239881396329603072	
1239837531996291072	
1239989171571302400	
1240246343446269952	
1240244587433807873	
1240083740841435140	
1240227214404341760	
1240121518308417541	
1240086697284718593	
1240250871654551552	
1240273803734921217	
1240287548141907974	
1240067677953110017	
1240074811436662785	
1240239295971106822	
1240289870674788352	
1240285752690442241	
1240301944859693056	
1240293162209460230	
1240295916042702850	
1240297942369656837	
1240316843551797250	
1240315773786238977	
1240313041704628224	
1240310781692055553	
1240305478393085953	
1240317445690327040	
1240389313768144896	
1240392789134921730	
1240405862629416965	
1240406158659158017	
1240336611298115591	
1240434017322835968	
1240603438574174209	
1240595645267918849	
1240584969019424769	
1240580733296472064	
1240574019394551808	
1240523081145298945	
1240496796956274688	
1240465483662528513	
1240464904521474048	
1240462077132709890	
1240456924975583234	
1240490547527200768	
1240640217314361345	
1240634405565149184	
1240628351229927426	
1240658866720976900	
1240667436417978370	
1240672973327077376	
1240670782541398020	
1240753245796139015	
1240728392900718593	
1241045109904465921	
1241036060467105794	
1241023215058718722	
1241019314477715457	
1241005457080229888	
1241000113411108864	
1240986822370643971	
1240800402066608128	
1240993626181775361	
1241126573107023878	
1241115141892079618	
1240984708336492544	
1240970039752359937	
1240966903276933125	
1240960648433086464	
1240946926687784962	
1240939025013395457	
1240897980489773058	
1240826056124387329	
1241072766440398849	
1241073887674318849	
1241105733824864256	
1241485797079031808	
1241387817357451264	
1241362927850074114	
1241329707041394695	
1241312731359260674	
1241298989691154432	
1241231976771858432	
1241160591705767936	
1241159464297861120	
1241843369887911936	
1241829519461400576	
1241810622658088962	
1241778006433169410	
1241705876681089029	
1241688547050106880	
1241592134312099840	
1241568319876091904	
1241548518822760453	
1241683291683635200	
1241835964248592384	
1241862958982053888	
1242223304380944392	
1241934312452378625	
1242189374374150145	
1242157281921376270	
1242147131634462721	
1242116685349486592	
1241953627234844676	
1242003737419419656	
1242017054435225602	
1242042104676786195	
1242069674130640896	
1242088816166518784	
1242091227820052481	
1242099109244346368	
1241893198148091904	
1242139042021617669	
1242142133865381894	
1242076008947372032	
1242151405596684288	
1242507032739172355	
1242386995764174848	
1242452469831131138	
1242371689578725384	
1242458565136302099	
1242482221426061312	
1242500072664899587	
1242434258397999104	
1242434309841133569	
1242446023987023872	
1242439016026386432	
1242435157920972801	
1242480019861123072	
1242586668877529089	
1242543998012665856	
1242542853047402496	
1242529170300841986	
1242343933600059392	
1242247085552029697	
1242243127643119617	
1242241993138454528	
1242249371502157824	
1242912245274869761	
1242859228903112704	
1242851854515609602	
1242844006700273665	
1242828093276000262	
1242827527573385216	
1242819957827788800	
1242602591885942784	
1242608227407351808	
1242645120756912129	
1242727777117356034	
1242772295959134208	
1242784862672691200	
1242790256686043139	
1242795319169089537	
1242818406958739458	
1243285994780143616	
1243279395097317376	
1243269241052319744	
1243161783914967041	
1243146258233131009	
1242965495663546368	
1242966051425529858	
1242966051501023232	
1242967363336667136	
1243033512044900355	
1242968892697387009	
1243123493228642305	
1243126533176332289	
1243138993933467648	
1243256407136272392	
1243222458360123392	
1243221481980604418	
1243220301430820864	
1243200392860745729	
1243196212544770051	
1243193380500373504	
1243187912788844551	
1243165234346549250	
1243152346558988288	
1243106035704963074	
1243687862891098118	
1243681959303405568	
1243663595629510657	
1243656998857687040	
1243651615422328834	
1243339340668903424	
1243528768393818115	
1243533335877615622	
1243557676119965696	
1243565080572289026	
1243565172922425345	
1243595780583194626	
1243622166513569800	
1243494620530606080	
1243379539423531013	
1243365394393362435	
1243345568711180294	
1243647497697984512	
1243644695479279616	
1243634445418213376	
1243327448491704320	
1243330821081255943	
1243626619102773249	
1243327448474890240	
1243697108697468928	
1243699386149896194	
1243710201590620160	
1243817286022168576	
1244012348056186882	
1243690303086907393	
1243897184187289600	
1243924634870919170	
1243817319429746688	
1243997418695376898	
1243955615862607873	
1243897178520719361	
1243690864846819331	
1243820699283841024	
1244082354458636293	
1244227919116992513	
1244331691147223042	
1244391744839581698	
1244241501418381312	
1244316029397938178	
1244063663390105600	
1244218867490095104	
1244070460641480704	
1244702997944418304	
1244597355036446722	
1244633403393261568	
1244626367762833408	
1244526634021146624	
1244715830992154624	
1244720407388860427	
1244760347774537728	
1244768848756211715	
1244579569056784384	
1244460158627000322	
1244577036758384640	
1244477740226674688	
1244574450227523585	
1244567266202615809	
1244611201830715392	
1244597106096177152	
1244559809296371712	
1244573468542337025	
1244532447485837312	
1244554326212775936	
1244565149639495680	
1244587636892864514	
1244566252347109378	
1244813025414176770	
1244969493841022977	
1244982051100602371	
1244989458711228418	
1245006561384083458	
1245013628648120321	
1245029153298096133	
1245119996692496398	
1245126804811198464	
1245124538968477698	
1244974934952226818	
1244965924765130753	
1245131326509981699	
1244809051369865219	
1244811312770801664	
1244838534487461888	
1244867953667067904	
1244903522333753351	
1244920130678784000	
1244921231046041601	
1244929044602335236	
1244935196920688641	
1244935479918833666	
1244945228555005958	
1244949288456773632	
1244977472514469888	
1245315108680667137	
1245328239876362240	
1245322773033033732	
1245330541131464706	
1245163053299240962	
1245266532172812288	
1245281184155869184	
1245292550258384896	
1245301737499615232	
1245339621363453957	
1245369522896371712	
1245392382503370752	
1245408572382609409	
1245432678779883522	
1245493347097116672	
1245495652580278272	
1245496227841572865	
1245857279833829377	
1245735789314609157	
1245781460512133120	
1245708353524858880	
1245862956056719362	
1245724948565569541	
1245860691652644870	
1245860111131611136	
1245852711410479104	
1245714274552602627	
1245643919687176193	
1245650044247666693	
1245663049790435338	
1245671697912664064	
1245674857884418050	
1245677867457019905	
1245793245688446976	
1245851567300976640	
1245545991748513793	
1245548312226398208	
1245551696383807489	
1245576637632008197	
1245842450607898625	
1245843030298578944	
1245873699808518144	
1245978876968407043	
1245995025948909568	
1246039254666555392	
1246000659817811969	
1246006426998386688	
1246015374128222209	
1246025924765761536	
1246034979685109761	
1246037244894490625	
1246044884345196544	
1246048033005076480	
1246057370473697281	
1246058136697528320	
1246069467450392577	
1246071655035801600	
1246093562845986816	
1246100290253750273	
1246100538384670720	
1246100545309376513	
1246004116888915968	
1246100543388504064	
1246217809862053889	
1246213836954374149	
1246212722158682115	
1246197913652531201	
1246190236901638144	
1246121579563663361	
1246100553299644417	
1246452667418923010	
1246427833972506625	
1246353242587529216	
1246335192001908736	
1246279541531779074	
1246261456125022208	
1246580960151379974	
1246244595006091265	
1246229759681597440	
1246235346163163136	
1246582094786158592	
1246938892261089282	
1246934372181258243	
1246936088448565250	
1246933361723150336	
1246906027741786112	
1246900826284658690	
1246892329035800576	
1246850247734767616	
1246843766092312577	
1246811052907663360	
1246808011915628546	
1246803748963434497	
1246747082460971009	
1246730562360000514	
1246718589538906112	
1246867410663153669	
1246936660136296448	
1246937788379009030	
1246995039860883458	
1246999625921368065	
1247273253682511873	
1247072807969841155	
1247013813452443649	
1247135677315190785	
1247163156306235392	
1247157009838788612	
1247149363006234625	
1247139252741251073	
1247128033191964677	
1247115683600699392	
1247111844097069057	
1247103911737122820	
1247085274984841217	
1247214657917632515	
1247217140534476800	
1247221202894098434	
1247303399923646470	
1247223282954317829	
1247237494350938115	
1247439427581992961	
1247323837424902144	
1247348196680126465	
1247353299575214081	
1247376033734627330	
1247408876267470848	
1247417488268308485	
1247433985044746241	
1247433723504726016	
1247623905809965057	
1247457292926300160	
1247468123684515841	
1247474887150706688	
1247480418389168129	
1247480464442626048	
1247482608633741315	
1247490924462170112	
1247506926197497856	
1247519657474625536	
1247536257007157250	
1247554054420602881	
1247560105148768256	
1247582784220278784	
1247588229609652230	
1247596087751454720	
1247624940947456006	
1247632006881689601	
1247438905445683200	
1247661203222134787	
1247666834372988934	
1247667973055184905	
1247451761545293825	
1247794915901227009	
1247834090168037376	
1247829090742284289	
1247821455024369664	
1247748064879624192	
1247728165654532097	
1247703775969710080	
1247688436749828096	
1248023956210307072	
1247882956649058320	
1248026208169873410	
1248025636435869696	
1248225525610483713	
1248235258094465024	
1248203782158155777	
1248198743096262658	
1248388129502838789	
1248386443942092801	
1248341646007296000	
1248294800488566784	
1248243583368351744	
1248184646241849344	
1248177701099364352	
1248158153428123649	
1248110749601476609	
1248099898895085571	
1248070945895600128	
1248196996982362112	
1248558405545050112	
1248457793251639299	
1248439649615429632	
1248453244000452610	
1248742568214630400	
1248733630731620355	
1248687301737283592	
1248686287780970498	
1248610191530004483	
1248569932801093632	
1248570900485636096	
1248577054024572929	
1248583942468276224	
1248674131928907777	
1248681728241262592	
1248569254250778628	
1248928861452152832	
1248811923589734401	
1248779922979594240	
1249082118682095617	
1248777083465105409	
1249026315291971590	
1249070202798714883	
1249080152660889600	
1249124489029451776	
1249123347113394176	
1249121343611777024	
1249086157398343680	
1249475849805594626	
1249479253915246594	
1249486599651504130	
1249316510327324673	
1249247137243725824	
1249245088263307265	
1249412780203139077	
1249434549307805698	
1249169781044936705	
1249768961304145923	
1249778206816821249	
1249788218381344775	
1249826923766833152	
1249677856252268544	
1249837134573457411	
1249838831626526721	
1249673956455481347	
1249665545596809216	
1249761017770512387	
1249490016180621317	
1249835420696928256	
1249697141595017217	
1249691249281585152	
1249489460686921728	
1249506589104427008	
1249520831409131523	
1249549246807801862	
1249591293531115520	
1249594688266518533	
1249613036664631296	
1249636915369971712	
1249654838096429058	
1249642496918990848	
1249811290169761794	
1249879044440633344	
1249914839998349312	
1250202513854345216	
1250191198662332417	
1249930176298979334	
1250198586786226177	
1250186650619129856	
1250182743817949185	
1250122438622543873	
1250152736299024385	
1250147556551778305	
1250140271171579905	
1250136825521455104	
1250132352073961475	
1250001225568968704	
1249973470311710720	
1250200815144443909	
1250170760703946755	
1250007677633257473	
1250106343849156615	
1250203622954147841	
1250099355660570626	
1250085144804954115	
1250075789883846658	
1250072786934136832	
1250056333325488130	
1250047332470661125	
1250046470574702593	
1250014443746070528	
1250010707699040257	
1250012439669866496	
1250327763656962056	
1250345792914608130	
1250355447141289984	
1250358951574556673	
1250362406535966720	
1250380309771759623	
1250300485652762625	
1250395431978315778	
1250428820076630021	
1250439687598010369	
1250538893985939459	
1250504102360072193	
1250493083449524224	
1250485340533665794	
1250480551041122306	
1250470206281048066	
1250458047409016842	
1250448296054849537	
1250578620025917445	
1250586573948751872	
1250586580122841088	
1250587711347527681	
1250609302924115973	
1250782977535217666	
1250781277986476032	
1250755775720538114	
1250751108659777542	
1250788867315294208	
1250842824154767364	
1250839303422345220	
1250830124985057286	
1250893520585535488	
1250815583014268930	
1250877550370394121	
1250746026547445760	
1250907777289068544	
1250796950552743936	
1250728418532089862	
1250584863578771457	
1250734664547008512	
1250725295101001730	
1250724325780590592	
1250714285707231232	
1250685903766523904	
1250663092666675207	
1250702895940538368	
1251235795958149120	
1251206670388285443	
1251238035871739905	
1251284897907556354	
1251020536861376513	
1251236260238286849	
1251236669145190400	
1251264115454214144	
1251159249566093322	
1251178618434334720	
1251192267584536580	
1251199396617781251	
1251142022544666624	
1251169383398998018	
1251140912488615936	
1251136713524723718	
1251133599111417862	
1251128590088966149	
1251125982917996547	
1251009212534132736	
1251118063593959425	
1251138838317215750	
1251164850979344385	
1251103399166324738	
1251160983873024000	
1251065310339379200	
1251061395631812609	
1251081744540893184	
1251084968056455168	
1251160050887868417	
1251147422513762307	
1250961644043280384	
1250948596469547010	
1250947466108841984	
1250945754182582273	
1250946883884851200	
1251541408139354112	
1251536987384840193	
1251511493205602304	
1251487019949326338	
1251449207157899264	
1251586121370394624	
