1377930679112114178	
1378480241585295373	
1378228678824488960	
1378253415961272322	
1378422458546524165	
1378485331624914949	
1378169313975279616	
1378623756705394690	
1378735623503286275	
1378847245857083392	
1378847819319107589	
1378719324228177922	
1379135237372923904	
1379005902058049543	
1378972049100652544	
1378968683335270403	
1378946336154923008	
1378996476655906818	
1379265882430509064	
1379287779360800773	
1379558009085558790	
1379406721811103745	
1379615944440434690	
1379656951290867716	
1379658209972092931	
1379659716549304321	
1379680850015629313	
1379701216607879170	
1379709059553767426	
1379753075322261507	
1379773206932807680	
1379849716691841031	
1379844429981302789	
1379941708545294341	
1379937750149906433	
1380192124948381698	
1380165325631721476	
1380278052656181257	
1380295665176166408	
1379989629257068545	
1379947143746756611	
1380025615039004673	
1380112092649422849	
1380111645070987265	
1380073254908534786	
1380458558878318593	
1380424235127017478	
1380435511337234437	
1380333155622748162	
1380348525414912001	
1380379448822927362	
1380869637886345225	
1380907160339689476	
1381131832696127490	
1381700516330283017	
1381448011843260416	
1381546072607178754	
1381549244901908480	
1381493542036602880	
1381780189185736709	
1381801830359916545	
1382026067435786242	
1382103832843407363	
1381909924125495301	
1381955112864714753	
1381943139712262147	
1381941493183746050	
1382020277446533125	
1382390224865607681	
1382472726439460867	
1382162967962263552	
1382198440982155266	
1382203483336667137	
1382272889957855232	
1382327226352467968	
1382493584562253827	
1382840935655034880	
1382837561006161928	
1382715786880544768	
1382639807503986688	
1382828997025873920	
1382781921692950528	
1382788445119086593	
1382760743330791426	
1382898552918175745	
1382861324481392640	
1383076745662849025	
1383196783258566660	
1383144720935833603	
1383558813492473862	
1383328950890360841	
1383398860597334020	
1383373712410353667	
1383919899299385357	
1383841691556147201	
1383777523603886093	
1383731545005977609	
1383918774198308866	
1384143080148791315	
1384171023872892938	
1384051379040251913	
1384060205583912966	
1384066935109783564	
1384323198519582726	
1384384350951821312	
1384390265062969344	
1384437762510802948	
1384336222366150656	
1384380084522561537	
1384509923694895105	
1384647808515547137	
1384457587563892736	
1384551451809230849	
1384540640751624192	
1384536365258395648	
1384515458171293697	
1384910705242017792	
1384822743233966080	
1384955647482109953	
1384678286417178625	
1384922391084687365	
1385342176587100161	
1385358615410794500	
1385370473467424772	
1385133016440360962	
1385093707947515905	
1385071627042443270	
1385201826459488259	
1385290812184006657	
1385266901568339977	
1385257405223690245	
1385054411542700033	
1385516178085400581	
1385603787788857346	
1385540591921008641	
1385612535655718914	
1385645425470881796	
1385489279531601922	
1385467479993032705	
1385458941241569283	
1385901600984678401	
1385865574878793729	
1385771557579108354	
1385906944041537536	
1386098968648691715	
1386026339577237506	
1385997732222013446	
1386015845520969730	
1385929476060717058	
1386111423005163520	
1386271532746428416	
1386250890932273155	
1386228594976952326	
1386749542423572483	
1386707798738808834	
1386524201478152195	
1386763728637530112	
1386486450435330050	
1386488704756297730	
1386802024755367938	
1386561547217080321	
1386666135559495688	
1386581069101666304	
1386584596683317248	
1386648661560541186	
1386914277248864259	
1387150434226393090	
1387134671918600197	
1387110975325757440	
1387086270111879168	
1387078464717692936	
1386967716062535680	
1386987850227503105	
1386999791691964418	
1387021737662062595	
1387393158917595139	
1387401184248541186	
1387406428277776392	
1387421848342781960	
1387518102729068549	
1387555650696253441	
1387291214173573122	
1387416961454333959	
1387430423333064705	
1387448130967375872	
1387449793857925125	
1387451721799110661	
1387453326250455049	
1387469672262602758	
1387474901301403662	
1387286744127754241	
1387300913136734208	
1387308601623019521	
1387313238308700160	
1387317158015819777	
1387318653075562498	
1387296818376155137	
1387329111320842243	
1387323974426759168	
1387369535863332864	
1387494312754221065	
1387343181000417282	
1387347620520153089	
1387360215704670209	
1387571596177649667	
1387817124316524545	
1387840274383183878	
1387630234787360768	
1387858996808327171	
1387775955217915906	
1387681484249653248	
1387653951856775169	
1387642827790864388	
1387639291531120642	
1387632000887050242	
1387805411017961475	
1387796341246529537	
1387785397237862410	
1387593619322937345	
1388007484259016705	
1388017041530032129	
1388037186667388929	
1388026646251380737	
1387984049214459905	
1387964451694039042	
1387976529372753922	
1387965445676933120	
1388276669081923586	
1388182635017654276	
1388210130903355397	
1388224698484412416	
1388278945100017664	
1388162770403741701	
1388107640002301953	
1388133294961840128	
1388126512008896513	
1388146957995192322	
1388489486041034757	
1388430271587004419	
1388425106062520320	
1388643649211224068	
1388393041241780227	
1389002708993069056	
1388991964406820864	
1388821557552758787	
1388789306521706496	
1388867034671370240	
1389039963724034048	
1389209890556682242	
1389163070216343556	
1389365874348503040	
1389169375018688512	
1389276448045871105	
1389725927484149770	
1389374839870394370	
1389515117348413441	
1389415258901684225	
1389406198147997704	
1389421796110344192	
1389698318079565826	
1389748698461184000	
1389973707897114624	
1389963537884368899	
1390061931202031619	
1389812782414041092	
1390089248011923456	
1389779390674972675	
1389879055244267522	
1389887139354140675	
1389736715288469510	
1390287999414460419	
1390293381683761158	
1390321896533725184	
1390112862241230848	
1390185466130051073	
1390153629366202378	
1390102044967587844	
1390393199370379268	
1390354447755264011	
1390573887662997504	
1390559540765134851	
1390625821728116737	
1390642489380544512	
1390654755513544709	
1390504426402717699	
1390517282955304960	
1390533611061907456	
1390709963664896003	
1390745730948767745	
1390579464233443331	
1390860032644898816	
1390880799470325762	
1390888282817433602	
1390988204485091328	
1390980069162688513	
1391048310014844936	
1390999694764019713	
1391441680461668354	
1391345656938254337	
1391301684400467971	
1391318543094923265	
1391635656246497282	
1391591330661474306	
1391759413988544514	
1391787434048897028	
1391736298319273986	
1391765528096788486	
1391668235783835654	
1391905032006733827	
1391872049124188169	
1392263527310794752	
1392041492563349504	
1392142488899620866	
1392174476725456907	
1392222759254728704	
1391955994905825283	
1392034978037477376	
1392465211811041281	
1392320133385883651	
1392309326346428417	
1392379938649657346	
1392559215177240579	
1392582223610646530	
1392600236967796736	
1392732361708683272	
1392640959201038336	
1392669189849206794	
1392684786918072322	
1392701907521740802	
1392706942221623297	
1392845981188767745	
1392947270212100102	
1393311586379501570	
1393060521553825792	
1393156877035479049	
1393174986811183105	
1393184302284804097	
1393216024061829120	
1393059756227629064	
1392995009650204678	
1393030066737713152	
1393508478728261632	
1393501670219386880	
1393456313078882307	
1393862222330335234	
1393953036473671682	
1393828138967347202	
1394399537482108928	
1394087826032107525	
1394178641853091843	
1394181904618897409	
1394422488751382536	
1394467271108595713	
1394488426959937540	
1394492724158607360	
1394716326434951169	
1394524910144339973	
1394623890685628426	
1395111646935330816	
1395021811511959560	
1395009112950419459	
1395007599221805063	
1395083850766864387	
1395061212661096449	
1395058832800460801	
1394911209988702209	
1394872193138450432	
1394854844335333383	
1395117833219153920	
1394962226730123264	
1395159312088043533	
1395407381400535040	
1395257090285916161	
1395333254652338176	
1395194821283926022	
1395200624799756291	
1395603015990718466	
1395684677097242624	
1395692613446082561	
1395579129785950212	
1395578357249683456	
1395566789124370434	
1395690345980178434	
1395860346360012800	
1395776558963609605	
1396106826287095814	
1396002411211378688	
1396027142866153472	
1396057524604973056	
1396084150252228613	
1396102313346011137	
1396009314754732033	
1396478546755866627	
1396414299015421958	
1396474771341291525	
1396689946811981828	
1396693215118508032	
1396705008213762051	
1396647654482927616	
1396967629114462209	
1396940260865679366	
1396829511598104580	
1397321315103739905	
1397192450377125888	
1397243694370197511	
1397070241407111169	
1397012311022374914	
1397024009351532547	
1397565712609288197	
1397593246122000386	
1397357574761205764	
1397636427282849796	
1397354741718474753	
1397779365912588289	
1397880397317480450	
1397797826361540616	
1397806557916708865	
1398006575588126722	
1397759907970138114	
1397761997060591622	
1398233318659874818	
1398216921951129601	
1398340248724180994	
1398328896278388740	
1398082030764765184	
1398741552781049859	
1398955363949584385	
1398880310117507077	
1398952815490437121	
1398994507140567040	
1399356071223955460	
1399334217893486597	
1399176572800753664	
1399172292089987074	
1399444280054358020	
1399322035030048770	
1399202750949437441	
1399355532373381124	
1399632079764299778	
1399619455462821891	
1399719153632690182	
1399791635001708547	
1399770169631817734	
1399642538789818368	
1399692397399916552	
1399550039106764801	
1399581768810905600	
1399536695884849155	
1399953698118377473	
1399907393610424324	
1400026166455640065	
1400121488888545284	
1399929177197867008	
1400340716484694016	
1400318097781923843	
1400510506927067136	
1400447444849102848	
1400305383999217665	
1400836768212078596	
1400857644743774209	
1400902275942563842	
1400962526284763146	
1400675193618579458	
1400685514928398338	
1401101257486516225	
1401179155102842883	
1401534082811666432	
1401511323775737862	
1401493196954275844	
1401482291071836160	
1401456987838234624	
1401880686840238087	
1401771663470075906	
1401794130934648835	
1401836338404593665	
1402402082343247873	
1402364064362381314	
1402130774585917441	
1402205024202153984	
1402232718960873479	
1402617912616226819	
1402612588291182592	
1402565792521150464	
1402638282140405763	
1402715954577121286	
1402729868475916288	
1402442345409286146	
1402449385460572160	
1402458449020129281	
1402507560561881089	
1402709831354626051	
1402655498021834754	
1402647468140019719	
1403107328992415745	
1402845478631399428	
1403003791641882624	
1402991695898181634	
1403032877303058432	
1402791570827616257	
1403285136062492677	
1403202109177319428	
1403229175541112839	
1403676975206744064	
1403670706806792193	
1403652304688107520	
1403627122229497858	
1403622014959632385	
1403999126031904769	
1404016292743598082	
1404082912123891712	
1404105199204147205	
1404215377635258370	
1404784539810078724	
1404852978255859712	
1404856322772832257	
1405247963853639683	
1405111721476374529	
1405234488494415875	
1405197236930240515	
1405265454898114565	
1405475221474263040	
1405525150921945095	
1405551933864218627	
1405537003777585155	
1405664805629857793	
1405443660641079297	
1405418199714353153	
1405400329680834560	
1405797046146244609	
1405802098168582145	
1405818126407815169	
1405685138294456330	
1405772950477819906	
1405843731467620357	
1405709629485617156	
1406023922273955847	
1405954588948275202	
1405895411253063682	
1405890055768621059	
1405883520355012615	
1406155116495970304	
1406365053754949643	
1406360549395517450	
1406762494975172612	
1406593857593217028	
1406575519622221832	
1406539660143247361	
1406831592841138182	
1407088011171479554	
1406968474463842304	
1407213182557560832	
1407284057852030980	
1407303953084293120	
1407261248035635200	
1407344643570868227	
1407370522833326088	
1407427687656927245	
1407393350676791301	
1407380452315381767	
1407374337624186886	
1407567110000291842	
1407588143121977346	
1407594774949859330	
1407564363263791108	
1407561582851379200	
1407516790746460160	
1407755544987832332	
1407716012376604682	
1407675113626128385	
1407932000955256833	
1408081927354060801	
1408087161782648834	
1408010023897292803	
1407882448533340161	
1408034037655080960	
1407985119609212932	
1408250358942609410	
1408266471030001667	
1408334711739633668	
1408220658018947073	
1408792459518251012	
1408817748814204939	
1408761963568631812	
1408695410076573699	
1408703841407803392	
1409193206730964992	
1409102132209459200	
1409328213290016770	
1409342058943426561	
1409655412140351492	
1409644605352513544	
1409477513496178690	
1409445390387195907	
1409396211438735381	
1409598094694551554	
1409592551963832322	
1409569181918445576	
1409994663667322886	
1409708735178543104	
1409813062375378949	
1409756148031541249	
1409768978117976067	
1409806109079224322	
1409735150389301252	
1410222345550245895	
1410281001708830722	
1410101661935280128	
1410291554791591936	
1410107690710360069	
1410123884519624707	
1410180588355608579	
1410307426562215938	
1410151662090698753	
1410660737693913088	
1410688931356684298	
1410460699566936064	
1410484029049163777	
1410623753483132934	
1410416636830552070	
1410412876368654338	
1410637468840431616	
1410593210729222146	
1410900818904092673	
1410970702698762247	
1410796375965581315	
1410773988121448451	
1410817642156408832	
1410822745311567873	
1411273782564687872	
1411586168362311680	
1411616042208595968	
1411920802644115458	
1411898401327706112	
1412186461269594116	
1412186460963414017	
1412403979699560450	
1412480982939222023	
1412419076618604562	
1412369509881634818	
1412293773825122304	
1412374538436943874	
1412327878986014721	
1412333590550126592	
1412317160861544450	
1412314635286585347	
1412388351714467840	
1412760783105167361	
1412706483469443073	
1412697663376658435	
1412611776932421632	
1412638902284861440	
1412650114787778560	
1413158206164045831	
1412948826298757122	
1413281967001554953	
1413009337153429505	
1412985199848312836	
1413114919772467206	
1413081691611095040	
1413525114252054534	
1413446979514867715	
1413440217898487809	
1413380692860448768	
1413397522010288134	
1413504747382841357	
1413375453432356867	
1413544960348069894	
1413637543690706945	
1413738801026019328	
1413849242293219329	
1413775760884736000	
1413787079016914944	
1414152896053186562	
1414356995394707460	
1414130354143862785	
1414064699101097985	
1414113983464972288	
1414461552519000065	
1414653720818823175	
1414657337311338503	
1414714706284195842	
1414722892638695434	
1414586695975161869	
1414428066026229760	
1414619845333815297	
1414474620544106501	
1414532525469409280	
1414566451831316483	
1414770833977921536	
1414749134003884035	
1414882050994225154	
1414822169851449345	
1414953030743646214	
1415098559691739139	
1415366330015010823	
1415359733754646530	
1415443482605506562	
1415350056459325445	
1415336024994160651	
1415186338123485184	
1415237810945150978	
1415558513867251712	
1415461621099638786	
1415489047590580224	
1415524290678636544	
1415535739094413313	
1415795513316757511	
1415809353148424200	
1415611800473772039	
1415580839673569281	
1415593170709123073	
1415656406188007426	
1415732149618155521	
1416171220589060100	
1416181410633764866	
1416041585469448196	
1416051752495984644	
1415844146728812545	
1415948641794154498	
1415927942157324288	
1416048480884305922	
1416046486996066314	
1416316252008730628	
1416311746067849216	
1416325605570891779	
1416727849801768967	
1416761249291980804	
1416662972420788224	
1416775304971014146	
1416692655363346435	
1416780312223391753	
1416969190100115459	
1417151167780511748	
1417086335039516673	
1417059912711118850	
1417139294205054981	
1417041583124398083	
1416949933735874561	
1416937385863045120	
1417354599942475793	
1417308678609195008	
1417532558229843970	
1417483541101830160	
1417446904867209217	
1417495699789434887	
1417302003571695622	
1417817677897285635	
1417759196121010178	
1417783276501094401	
1417917061343453186	
1417702651727388672	
1417678291847290881	
1417652230954553347	
1417718540459728897	
1418236958439100424	
1418092717729583110	
1418273146902298636	
1418087431081971715	
1418239391991058439	
1418098392497065986	
1418115348453335040	
1418025509863182339	
1418331358494175233	
1418434464489803776	
1418429926840094720	
1418612504326983687	
1418604356555870214	
1418539151759134725	
1418681504218165249	
1418438249429745664	
1418822900942000134	
1419078321632124934	
1418886433348231172	
1418933607796707332	
1418954223052632069	
1419260302181404678	
1419251055225880577	
1419240522087030784	
1419208127212396544	
1419227216278392833	
1419194973870862338	
1419738276488007680	
1419743587215060997	
1419713215475425286	
1419678058815053825	
1419496885941899266	
1419506528860659715	
1419537402985697291	
1419461929609973766	
1419617589316173825	
1420146510260494339	
1420141306911858693	
1419855444810551311	
1419892151404670976	
1419959230648442880	
1419980823651143690	
1420124347004510213	
1420105473055932417	
1420072878029029383	
1420049638145642499	
1420015275068567553	
1420211677371539459	
1420222747003740163	
1420217967174950914	
1420246151509458944	
1420447495075860483	
1420343345319120896	
1420351118543106049	
1420325442733629443	
1420631063550992386	
1420812555262496774	
1420651136823054340	
1420894363098484740	
1420652938226192386	
1420750997035491340	
1420705929591414784	
1420993567854632961	
1421002138663243778	
1421006169984880640	
1420976563185668096	
1421041813071220737	
1421124296345276417	
1421484816676102159	
1421515651261292551	
1421787009123823626	
1422149206500859905	
1422060351793860608	
1422327767694249984	
1422648228542140424	
1422645973004783621	
1422620448869728259	
1422465776611700742	
1422420736644427777	
1422373932225736704	
1422495789423681537	
1422561242590371848	
1422538052614987785	
1422628856855474178	
1422772815258918916	
1422812059843039237	
1422814335169085445	
1422747137541087232	
1422820627711410179	
1422731784278659073	
1422726508876075009	
1422985702489350144	
1422920202694561795	
1422893489654833153	
1422904899185037316	
1422907937505304582	
1423119850109607938	
1423101213868888067	
1423179324971274240	
1423169411326808066	
1423227299240022016	
1423346075298107396	
1423285675676164101	
1423373510043373570	
1423293226434240521	
1423288974357848081	
1423276617913311232	
1423273219616907265	
1423548418526523394	
1423610251920789506	
1423458312109047808	
1423462615653695492	
1423508685599514624	
1423634549116919809	
1424145381118648326	
1423887711086301184	
1424712251152470027	
1424749569028599820	
1425135903970840579	
1424964828641308680	
1425239595348856839	
1425196971212615687	
1425369167922876416	
1425318882374529025	
1425354187412549633	
1425756498450386944	
1425951109277962243	
1425859668342104065	
1425926715516334081	
1425664611865530370	
1425733816451313667	
1426279839032565767	
1426108605313519626	
1426222700708745220	
1426029628313980937	
1426558999869198350	
1426756727370813445	
1426876099305394178	
1426871553573146632	
1427287319980167168	
1427315712817774594	
1427721069415346181	
1427615969535533066	
1427588535146762253	
1427547626782797873	
1428027745108467720	
1427908638874734593	
1427945877998555139	
1427817800765255687	
1427873222213738499	
1428033412259057673	
1428193779664707590	
1428229880022503426	
1428277434517016583	
1428246091233955843	
1428437832914374662	
1428601301051625473	
1428551331103612929	
1428683261602148359	
1428659303766970369	
1428657825304260608	
1428769091662319620	
1428766704042221580	
1428663355636654080	
1429041158873886722	
1429053123176419330	
1429422077174599686	
1429581628813287424	
1429872630174257156	
1429799092281122821	
1429679126353416195	
1429609859218030592	
1429817270285606917	
1429790183730421760	
1430210648160546824	
1429972496732860420	
1430507424277045250	
1430540512918970376	
1430342164320595972	
1430352495528787970	
1430569157653843976	
1430950107495682053	
1430856091047505927	
1430830935382102018	
1430810041024749570	
1430799697694937088	
1430993282323165195	
1431123241159073792	
1431072287319539714	
1431343943225065473	
1431368708623159299	
1431537257886982144	
1432369097300402177	
1432388557520441344	
1432379594624090122	
1432332842508427265	
1432297183898898438	
1432185329096798218	
1432212263910395905	
1432267559609507842	
1432205455565021190	
1432743543244791811	
1432649235497988097	
1432580941009113093	
1433118986812731393	
1433093832384598022	
1432908075296595968	
1432940160249999362	
1433077899373039618	
1433071969105235971	
1433137159104516101	
1433360043840315394	
1433383724620652548	
1433427322430918663	
1433287091408961536	
1433231608421683202	
1433862368178622467	
1433856608019288066	
1433827381341560834	
1433797213281472517	
1433668809265754123	
1433804754451410947	
1433719222870360065	
1434170052308357127	
1434082573114871809	
1434461945390931968	
1434962637322924036	
1434946771097108481	
1434753757884059655	
1434699510056427523	
1434722791392100353	
1435240448738709509	
1435156891580211200	
1435131581908361217	
1435066569219055618	
1435103309627539456	
1435626791759056897	
1435966237373353985	
1436085929593163783	
1435831614857269249	
1435762003365318658	
1437634318684332037	
1437600507183484934	
1437632681160888324	
1437725269855510531	
1437729087200583687	
