1274827469971959809	
1274797868075954177	
1275164528708370434	
1275000113262481410	
1275152920149975040	
1275090286763544590	
1275019230304448512	
1275049277174284288	
1274951320127049728	
1274958204850634752	
1275204011042525185	
1275164536593661954	
1275164538267107335	
1274859458871595009	
1275567625247117318	
1275507439283113987	
1275538220277735424	
1275538222513295362	
1275538225721942018	
1275344669816295424	
1275348769345810434	
1275502853969371136	
1275358586936463366	
1275346403812876289	
1275379648566870016	
1275492789732679681	
1275482357168996352	
1275431392235655169	
1275437018651099137	
1275930248438317060	
1275939416809365504	
1275883904822652928	
1275843024161996800	
1275933274930634759	
1275797952326443010	
1275698666737668096	
1275698668675444737	
1275698677873545216	
1275699753788022785	
1275705595983810562	
1275729188994105344	
1275704905618141185	
1275777589081190402	
1276210891256668161	
1276205079687827457	
1276221260071145473	
1276221262457643008	
1276221277817225217	
1276221272591122434	
1276221285530558469	
1276221292409126913	
1276221297069039619	
1276271757733879808	
1276292836061777920	
1276295428816932864	
1276048886810005506	
1276087111129747458	
1276145510982787073	
1276148670069649418	
1276069441504231424	
1276443404826746880	
1276481660066897920	
1276481219258191872	
1276654455904239616	
1276653321475022848	
1276638299092922369	
1276499827577126912	
1276517436217536512	
1276537848418746369	
1276462598272061440	
1276371589127340033	
1276424903432994816	
1276455513568489472	
1276939356410953730	
1276949669000687617	
1276939366389211137	
1276939364334002176	
1276886626707406850	
1276939354951372803	
1276839343634755584	
1276847983775137792	
1276807999860940800	
1277080138975453185	
1277227030246035463	
1277285338088534016	
1277376810804707330	
1277377190024433672	
1277544635989135360	
1277538597818830849	
1277510378893840386	
1277510372912660481	
1277510368550584321	
1277510360426299392	
1277472112228384768	
1277510376792494080	
1277606011940020224	
1277608411312644096	
1277615868239904772	
1277666258146734083	
1277647006249476096	
1277723971853656064	
1277750138530934785	
1277670193796386817	
1278080617834516481	
1278076117119893510	
1278075239512055815	
1278075236416729090	
1278075233686216706	
1278075231324831746	
1278075223447830528	
1278044237922283525	
1277965229645639682	
1277818692345237504	
1277788655566946309	
1277757514193518606	
1278130288917467142	
1278421057565798401	
1278348863800311810	
1278374564620361730	
1278159195167166464	
1278470167530475520	
1278313978955993093	
1278164862934437888	
1278222243475214336	
1278267966103212033	
1278268311474704384	
1278273576530051072	
1278276314743615488	
1278290918064480258	
1278472444731445248	
1278798725603786758	
1278695156527611910	
1278694667945684993	
1278642011059425281	
1278620298804428801	
1278607066148622337	
1278836919863042049	
1278833540600381445	
1278994404431351808	
1279063406495006724	
1278891578594131968	
1278954951847424000	
1278885286597005312	
1279201855160094721	
1279154924002185223	
1279210338140000256	
1279206927873069056	
1279205223022694400	
1279432228339154945	
1279477763125248003	
1279432219338125314	
1279432217446539264	
1279820179850113032	
1279783838445600768	
1279651754997669890	
1279638753284325377	
1279921503367200768	
1279916952299986945	
1280254639556919297	
1280254634574196741	
1280180555984900098	
1280254645080854529	
1280098039680708611	
1280281843464581122	
1280072264164270080	
1279933422186778625	
1280275601711140864	
1280254650101497864	
1280254648461524994	
1279955021094928384	
1280020824595083264	
1280043696197701637	
1280050819933634560	
1280087780232749056	
1280418391967313920	
1280584128463847424	
1280584125108420608	
1280584119634845696	
1280565571889893377	
1280525524255813637	
1280294900140032000	
1280376114997796865	
1280528311484104704	
1280436847764819968	
1280621492989046784	
1280584155294765057	
1280641962375249925	
1280584131362074624	
1280461541444386817	
1280795305483603970	
1280774150823477248	
1280803052837093381	
1280712992393433089	
1280673150892638208	
1280820157510795264	
1280830279427514370	
1280883020669616128	
1280903832667553795	
1280910025024843776	
1280963130688974849	
1280976889117638656	
1280982752133877764	
1281287389042872320	
1281279191116320768	
1281325570308087810	
1281375242812821507	
1281372984809271296	
1281177555383582720	
1281172595753259008	
1281024407239110657	
1281657003455262720	
1281657018097508352	
1281657012636581889	
1281657010925309956	
1281608170239143936	
1281657008463269889	
1281656999034458113	
1281657005917249538	
1281656996874407936	
1281657020492451840	
1281555863380070401	
1281555879599517697	
1281555876562731010	
1281686692894781448	
1281731936021602305	
1281729668715094016	
1281731935975374848	
1281683191108075520	
1281388474155896833	
1281404587061186567	
1281423036680491008	
1282041217069588480	
1282030287032025088	
1282044841086652417	
1282096153430032387	
1282092187593973766	
1282453648124063745	
1282114878505984000	
1282418721747861509	
1282416551552049152	
1282344627786448903	
1282333781584683009	
1282275323757899778	
1282300860316475392	
1282592219820625921	
1282583067102720000	
1282748962961862656	
1282760803440091136	
1282812989863858178	
1282814106630868996	
1282818075725893632	
1282620168724713472	
1283129779185750017	
1283186052879003650	
1283160315362934785	
1283129784571224065	
1283129783006695429	
1283129776857808898	
1283181538289614853	
1283129766397313024	
1283129764254023687	
1283129771216510978	
1283025999614169088	
1283021185274478592	
1282956270631292928	
1282948168150388736	
1282944527364431873	
1282831200785256451	
1283010892536455172	
1283406159123185664	
1283351279906037760	
1283313277523632128	
1283485927374049283	
1283437158561456130	
1283426834630287362	
1283370178592505860	
1283313272666677249	
1283313270447845376	
1283313267608375297	
1283313265385316352	
1283313263388893185	
1283313261555920896	
1283313259463020544	
1283313275674021894	
1283763798986432513	
1283790412067594243	
1283907016575131649	
1283903620619145218	
1283651773379551234	
1283885524370022400	
1283696318662225920	
1283886658895728640	
1283746851255132163	
1283749196374388739	
1283933067409842178	
1284275897084907523	
1284006819472564225	
1284007946221953025	
1284239478102593536	
1284037568909258753	
1284055742807506944	
1284065935440125952	
1284108281410211840	
1284277624169259008	
1284632836151050244	
1284550739696799745	
1284519345905971200	
1284633979551985664	
1284997040905359360	
1284742175423696896	
1284792136689426435	
1284849961000144896	
1284944566735507457	
1284964468695412742	
1284965271996968960	
1284972053347606534	
1284994206159831040	
1284996468579999746	
1284740483558891522	
1284784337427345410	
1284971185000919045	
1284657192445116417	
1285350304410669056	
1285332791757021188	
1285065077364797446	
1285147111617703936	
1285353735175184384	
1285246196110577666	
1285234113314795520	
1285169071605133313	
1285194725780328450	
1285422364549959680	
1285459333745127424	
1285515576471744512	
1285636440983048194	
1285692575672930310	
1285711876224094209	
1285716912085839878	
1285891173958156288	
1285875094527541249	
1285828494912622593	
1285799031432777734	
1286085858177757190	
1286087554744438785	
1285958468759883776	
1286282470116204544	
1286342030222929920	
1286436605549514754	
1286441685233340418	
1286610781757464577	
1286517027377745922	
1286732065896103936	
1286790567893049345	
1287084657750806528	
1287166453624471553	
1287163597458636800	
1287526675417313281	
1287227629305835520	
1287430724828696582	
1287527248623534080	
1287306910266470401	
1287465085347209216	
1287824115752226816	
1287701858568609792	
1287751320464756736	
1287600901528707073	
1287621276857708544	
1287881795912921091	
1287725708723269632	
1287905042733899776	
1288173282534076417	
1288232580169555969	
1288255603241111557	
1288261873025122305	
1288241985996849152	
1288543645508030464	
1288556923684556802	
1288609863505973248	
1288277721420890112	
1288462737106964488	
1288327495993917440	
1288333169679388673	
1288443218498146307	
1288384999541047296	
1288661376324509706	
1288979926553628677	
1288947791763570695	
1288858273416974336	
1289122622098354176	
1289137862190010369	
1289139767863578624	
1289168382537773056	
1289351385667035136	
1289712474778775552	
1289695340971646977	
1289602420264271872	
1289569426136686593	
1289565024521015296	
1289517091553517574	
1289510379828269057	
1289434097438330881	
1289912584645357568	
1289934890855731200	
1289978601857671168	
1290058309714587648	
1290061642328240128	
1290065924465111040	
1289785220850319360	
1289801750631919617	
1289868726867615744	
1290280505556865028	
1290297294206701568	
1290315936042450944	
1290346480734265345	
1290428432195649539	
1290228221162659840	
1290212731446898691	
1290182273862574081	
1290126116624019457	
1290087394419462145	
1290089213942145025	
1290495364236054529	
1290566856810672129	
1290619071436853249	
1290577389999796225	
1290551058675228672	
1290527119169257472	
1290787431533490176	
1290785744567644161	
1291159133501227008	
1291096186385051649	
1291126391761707012	
1290949943671304192	
1290853538806063109	
1291132852650876928	
1291391966106853377	
1291370858087415809	
1291418455095287810	
1291279172401270784	
1291428859888521224	
1291275657079595008	
1291455582541578240	
1291875827978821634	
1291693530847617030	
1291684445943140352	
1291628691794071552	
1291532745936707584	
1291532745898852354	
1291875822488424449	
1291752958330376192	
1291748529229180935	
1292242004777328645	
1291949877547720704	
1292005601984286725	
1292045528214261760	
1292122018134056961	
1292142628201476098	
1292163764347965440	
1292480580119142400	
1292349408848293888	
1292373995057184769	
1292383143325044736	
1292654355796111361	
1292752179162472448	
1292904851425374211	
1293217667436904448	
1293137554921881600	
1293127603654623232	
1293044988264296448	
1292982742930554880	
1292982742876119041	
1293212943941873667	
1293222915698298881	
1293248411152654337	
1293686047797399553	
1293663844569686016	
1293353395932352514	
1293585198593069058	
1293531321952874497	
1293501118253871104	
1293525854316879873	
1293984251893997569	
1294053921003012096	
1293741395744829446	
1293846606438109184	
1293860653510397953	
1294397172901982210	
1294236017436786691	
1294170092398350337	
1294368166873833474	
1294274609030799362	
1294776297659539456	
1295130253304758273	
1295017118652669958	
1295464761312804872	
1295500010533027846	
1295408515620769794	
1295222360249958400	
1295770472949350405	
1295810070991769603	
1295825328758235142	
1295830044888244225	
1295764903215747072	
1295710529542029312	
1295680142078025729	
1295620064226443265	
1295732842895466496	
1295690952930201602	
1295925914015080448	
1296052567588450304	
1296208873204912129	
1296114084392427523	
1296496296510054400	
1296584639482601472	
1296580668898639873	
1296584639369351168	
1296676933237977089	
1296750297654726657	
1296842868997476354	
1296842862043312130	
1296842855407919107	
1296842852824231939	
1296760323085656066	
1296699426891849728	
1296914702384148481	
1296950099260641280	
1297311487682383874	
1297309802847182848	
1297309802843066369	
1297238997178241025	
1297233322142310401	
1297097265006469125	
1297185739248209926	
1297507291420340230	
1297672253065371651	
1297671100151795714	
1297714740064550914	
1297831571119112192	
1297946011915235330	
1297973762625884165	
1297916404746919938	
1297973761195507714	
1297932156891803650	
1297973745831890945	
1297973748293939206	
1297973750902726656	
1298381536333635586	
1298050566443216898	
1298109442932781057	
1298182709223849986	
1298187500813459456	
1298190729639088135	
1298305309556039682	
1298318894344658944	
1298130968654630912	
1298283449615351808	
1298497959252951041	
1298629099561398274	
1298819139268743169	
1299101903314444289	
1299071843081564163	
1299070515492126725	
1298956738398490624	
1299003863983370240	
1299011433485815809	
1298821414779269120	
1299145878704398336	
1299258419493437440	
1299466257117442049	
1299463277362245634	
1299646663401799682	
1299680521765687297	
1299848870311100423	
1299999934008250368	
1300173403429756929	
1300219836388306949	
1300031214015967232	
1300385513145237504	
1300418232097165313	
1300525756431335424	
1300696482866245632	
1300639421293834240	
1300930698749120512	
1300942005934133248	
1301172467508092928	
1301298251002503168	
1300976569087913984	
1301561146051309569	
1301344134087741441	
1301392851088084992	
1301434368947359744	
1301434487683846147	
1301434502485508096	
1301434507984285697	
1301788707075297281	
1301672729624670208	
1301871793905586182	
1302018208900280325	
1302209415370739712	
1302684923384549379	
1302543001374294017	
1302463349905555462	
1302830915371048960	
1302829185384296449	
1302796916254744576	
1303116659335614465	
1302805409280012289	
1302956688153161728	
1303288243190980610	
1303197920863363072	
1303350433822519296	
1303473776517054465	
1303834904841654273	
1303486230022234112	
1303485097597964289	
1303859249081184258	
1304202020551827456	
1304021497657384960	
1304147027341783040	
1304027228695678976	
1304021478086770688	
1304021481777762305	
1304021485670064128	
1304021490296332289	
1304110658515021825	
1304521982344597506	
1304551184326369280	
1304551187715416070	
1304551197278429185	
1304551207340515330	
1304551205369196544	
1304551201627869189	
1304441353997295616	
1304839705817763842	
1304931767074291712	
1304783181879615488	
1305092802624319490	
1305139943199645696	
1305156090724847616	
1305197580289224707	
1305298132645933058	
1305471173833248769	
1305456009272537091	
1305523462828634114	
1305444418372206592	
1305395266271490049	
1305644222624694272	
1305572298632638465	
1306006083920637953	
1306006082716921857	
1305941101858164736	
1305879821713637376	
1305876312666628096	
1305875738059571200	
1306263624512671747	
1306377602735706113	
1306080864938360833	
1306200626846670848	
1306387237614088192	
1306529833942482944	
1306588727943352320	
1306668370520047620	
1306553669383532544	
1306730572392341510	
1306739625839538178	
1306762873033633792	
1306903402052546560	
1306873050839867395	
1306873048977543168	
1306873045605404672	
1306873042358992902	
1306873035660689409	
1306873039091576832	
1306997704783003654	
1307040546708430852	
1307069469500608514	
1306873026168991744	
1306873031902535680	
1307463281511198726	
1307113219857829890	
1307201652223553536	
1307688166179119104	
1307748641143238661	
1307600335083536384	
1308161306755768326	
1308081413951029250	
1307906822964219904	
1308003231503732736	
1308195904252502020	
1308449705710555136	
1308750535986745345	
1308701966260936705	
1308711204265885697	
1308746991434948610	
1308780310142824448	
1308905693106384897	
1308855336040902657	
1308810223486930944	
1309249177726181377	
1309115473640988674	
1309112530804133893	
1309145676337610753	
1309124423484608524	
1309384241235537921	
1309617417736392705	
1309337812030894082	
1309406878435344384	
1309426985983250433	
1309530659774509057	
1309898798190260224	
1309938837666361344	
1310367680621424641	
1310689192943529989	
1310683535766892544	
1310651881405009927	
1310662591551856657	
1310523432120061953	
1310887511703592960	
1310843566021804033	
1310870963773485057	
1310982080092876800	
1310990256620081152	
1310746604777934851	
1310843551958339584	
1310843556794445824	
1310843564209975296	
1311436479600758784	
1311425523801874434	
1311161871203028992	
1311124204750864390	
1311190335796711425	
1311096141929418754	
1311286215178674179	
1311121170914254848	
1311737913374367744	
1311459270412697601	
1311636093645795333	
1311906708155961345	
1311930151417139200	
1312058683027787777	
1312127440496410624	
1312061867720937472	
1312063518011731968	
1312089025126248452	
1312089210170601472	
1312100414884470784	
1312170055401041920	
1311823455709466624	
1311905571138830336	
1311831394180640768	
1311823453817835520	
1311824010162974721	
1312001607140364289	
1312013927883124737	
1312025911848505344	
1312040591178584064	
1312046367255285767	
1312047369425481733	
1312054730458357760	
1312057649438089217	
1311922000294805504	
1312319826392735745	
1312185331685318658	
1312319842826039296	
1312319848274329600	
1312446892588986375	
1312529163794837505	
1312319832910630912	
1312787442525667330	
1312890709515661315	
1312891260366094338	
1312705616599830529	
1312900300014051329	
1313261777615028235	
1313265745783119874	
1313020739210096642	
1313149391562321922	
1313058447735349250	
1313124044846366720	
1313407177885995008	
1313371655071301632	
1313368157487337472	
1313514892058558466	
1313505491478347778	
1313510877258186753	
1313443989035593728	
1313439517232238592	
1313425853418790912	
1313623720246874113	
1313622624979881985	
1313602758218592257	
1313589376354586624	
1313579756043014144	
1313544203306258432	
1313982820776316928	
1313903732283891713	
1313782217479462912	
1313869426719064065	
1314114168694468608	
1314009776095887360	
1314001218214207488	
1313999635778764801	
1314174093806260227	
1314315381922828288	
1314281982390603777	
1314184264477536256	
1314085875748425729	
1314326696863182849	
1314087251626930177	
1314689643733037056	
1314659525165756417	
1314531660491259904	
1314446102519787521	
1314540603489878017	
1314991927029305349	
1314930868562153473	
1315223275002183681	
1315090021309984768	
1315237428794281984	
1315298647391825922	
1315326341823201283	
1315330699151511552	
1315270507076386816	
1315525083469885446	
1315781732881268736	
1315835454822985728	
1315944705096667136	
1315966688622411778	
1315969668214067200	
1315984778747936768	
1316005389083783168	
1315930824097837062	
1316317719432699906	
1316317989520707584	
1316318689025765377	
1316318805329575937	
1316279404327325696	
1316271335853690880	
1316486862408740864	
1316681329392652288	
1316769896701796357	
1317186994263425024	
1317252450370408449	
1317161457910468610	
1317080601065869313	
1317065140622209024	
1317051425348866048	
1317184749312610304	
1317598428776497158	
1317592244392759300	
1317563375153516544	
1317573565466742784	
1317801279415062529	
1317909451349893120	
1317966031864930310	
1317869882315296768	
1317839016641921026	
1317923569586884614	
1317964903601328129	
1318193438702116865	
1318335288175923201	
1318163631100579840	
1318112056294445056	
1318134976655884288	
1318373231896743936	
1318568153224515584	
1318494105396219906	
1318694931465146368	
1318909756258603009	
1318710202191970306	
1318708510381821953	
1318907095991881729	
1319051922091986951	
1319022018935902212	
1319040271376699393	
1319051381123198977	
1319055895498731521	
1319145964268126208	
1319428031912529920	
1319316798026776577	
1319289687870107650	
1319487357918285824	
1319447631446396928	
1319527694921396224	
1319557006026571776	
1319591632396816385	
1319446792975667202	
1319450259563610112	
1319451565317607425	
1319464876411146240	
1319465680266268672	
1319439436107730946	
1319656640182931457	
1319482530597392384	
1319630105292005376	
1319436311477047302	
1320149231856984064	
1319985345174360066	
1319940591464157184	
1319928798645727232	
1319802589291204608	
1320499598511755264	
1320398016944230406	
1320442809103634433	
1320379361430745090	
1320356181311934464	
1320731248227221507	
1320521288964866048	
1320692858530205696	
1320650801807806465	
1320806234098966531	
1320812236127035393	
1320800323255050244	
1320647497887453184	
1320788339813949443	
1321064625715204097	
1320940628969213954	
1321132709784264705	
1321143655089004544	
1321393502694105090	
1321241927497469952	
1321423557570777093	
1321576330404745225	
1321464798538813440	
1321823296229433345	
1321691072792330242	
1321674099421257729	
1322211204539056130	
1322148077264900098	
1321979354532974593	
1322269233573670918	
1322531570654334977	
1322673976976564230	
1322334085012951040	
1322588907846946816	
1322868257976713218	
1322970677364903936	
1322976779947155458	
1323029583315243011	
1322832568639774723	
1322855941079969792	
1323406324785467392	
1323386182940635139	
1323053452788981761	
1323307940011540481	
1323269983418372096	
1323234782487158784	
1323121400811577345	
1323775824022147073	
1323750111311208450	
1323663462384455684	
1323417681278754817	
1324120750157189120	
1323997880680697857	
1323991807580143616	
1323788345244291073	
1324217645751848960	
1324437336533442563	
1324336135938650113	
1324690767189868544	
1324731611263492097	
1324520784652603395	
1324830957443158016	
1324947734927970305	
1325049689276887046	
1325129034313859079	
1325255290879610882	
1325240671108800518	
1325733178506698753	
1325592250361982976	
1325909671417405441	
1325851325825953793	
1325847361776705538	
1325804847237648387	
1325815930597875717	
1325832260214517763	
1326189930733842432	
1326164921151856641	
1326099090346823686	
1326096694182875136	
1326020576436252674	
1326217468973641731	
1326321323908476928	
1326591235033882624	
1326621249951371266	
1326463765299277824	
1326519398966960128	
1326519393434660866	
1326519377290792966	
1326591203656282112	
1326591147834306561	
1326588605821816834	
1326579026421493761	
1326569818762448898	
1326519389278130176	
1326519351512588288	
1326543392591896577	
1326519358357692417	
1326519364208779265	
1326591276259618817	
