1251389177477959683	
1251990188294836225	
1252011367479103501	
1252011430225809410	
1252015409861144577	
1251911542393757697	
1251871239548874752	
1251965788854108162	
1251950012503920647	
1251920559925006336	
1251938194872033280	
1251910565158674436	
1251662909383610372	
1251664033545170956	
1251664604423479303	
1251888940509990913	
1251895172180385792	
1251907388543840258	
1251909536639848449	
1251910092167032841	
1251662355991232513	
1252352299852132352	
1252369879895691267	
1252374401246310401	
1252374401053413376	
1252183832926838784	
1252168194237890561	
1252165180806569985	
1252095607822565376	
1252092199887659008	
1252172396410417159	
1252287636519235587	
1252180961393102849	
1252249542516498432	
1252191603386650625	
1252245062840463360	
1252250699762671618	
1252176221808533507	
1252278960278376452	
1252284938289889283	
1252242677262880771	
1252469741526147072	
1252561226963603458	
1252558022687285249	
1252545153367248897	
1252533917904707584	
1252499836227727360	
1252471442207318018	
1252428389241073665	
1252403492280401920	
1252566920332787712	
1252571005547163649	
1252643257223393283	
1252666444283809796	
1252643007934935042	
1252642526433021955	
1252642333612523521	
1252642112400752640	
1252641902555467778	
1252605049529872385	
1252744441716256768	
1252737649581924354	
1252737067408334851	
1252736513282117633	
1252698345732296704	
1252686794530971648	
1252748421418680321	
1252802774305251328	
1253079721740509187	
1253071764378320898	
1253071195676737545	
1253066790579642371	
1253066382624862211	
1253066171114491905	
1253062511718522885	
1253052412241367047	
1253041317078319104	
1253026340695158787	
1253026344004399104	
1253098534603292673	
1253099095746584578	
1253107024717582336	
1253099656982269952	
1252924154166288385	
1252914091250892800	
1252906213530050561	
1252901762551382017	
1252892847134695424	
1252885469903196161	
1252878537444347905	
1252867337918668800	
1252958407633633280	
1252837319846973440	
1253026330784010241	
1253026334109990912	
1253015919669936130	
1252973642692079616	
1252989980538023938	
1252978807889448962	
1253004154869555200	
1253008740699308032	
1253008744616730626	
1253008757182922755	
1253026327734730760	
1253008749842882560	
1253319377723719680	
1253255657203085312	
1253331757455179781	
1253180085445824512	
1253126883367059456	
1253464724915789827	
1253277682130989056	
1253314838203371521	
1253335247963303943	
1253265456166772739	
1253459084935942148	
1253382893507837958	
1253405935357304834	
1253433947339407368	
1253446073013751808	
1253448893012074496	
1253452849503260678	
1253444441077092354	
1253533371696906246	
1253528286728204288	
1253630614194065408	
1253673962871173121	
1253653782505951232	
1253651574330724354	
1253535077960683522	
1253598457350230016	
1253810725212078080	
1253689348903575552	
1253824877771067396	
1253701976409419783	
1253828836585848839	
1253778402273869829	
1253745246275620865	
1253709958782357506	
1253704625712226304	
1253704615528468486	
1253812983945461762	
1253704610705035267	
1253823190004088835	
1253622191868051456	
1253906998137159680	
1254189612869849091	
1254187360717344774	
1254186779726565378	
1254185647306354690	
1254184525946642432	
1253838490032373762	
1254126051330002946	
1254084425937235970	
1254027283293233152	
1254005645101146114	
1253997791036178432	
1254115100702670848	
1254427857868263424	
1254549247942426624	
1254547893811363848	
1254208305284685825	
1254541776641277954	
1254500987299139588	
1254438264116785153	
1254479012400902144	
1254254756291371009	
1254339710882852865	
1254451394586779652	
1254445420387983361	
1254389998700371970	
1254407143098396674	
1254470998449106945	
1254388895690743808	
1254353616019894272	
1254842738413051904	
1254818322320932868	
1254805735852122118	
1254713240791191553	
1254804260174409735	
1254666319590502400	
1254634771432591361	
1254724113517686786	
1254727413466046464	
1254728289148698627	
1254909597325950976	
1254856446145110016	
1254797172526252032	
1254787702731362304	
1254778793765400583	
1254773400246956033	
1254769195973312513	
1254769039651467267	
1254753056123691009	
1254749056016015361	
1254746047676637187	
1254737693763866625	
1254733691013812224	
1254795273496379394	
1254732866455588864	
1254805295777357832	
1254890839383441409	
1254893368695574530	
1254922827737817091	
1254922500498128896	
1254914581283188736	
1254912874180481032	
1254909633187270658	
1254897263014490114	
1255182999538319366	
1255272013687664640	
1255272592812003330	
1255274311058960388	
1255274844725395457	
1255137888792002562	
1255120605361438720	
1255252967235760132	
1255114353084436482	
1255250082959687681	
1255194457282170885	
1255202408201965570	
1254989901638119424	
1255027975919206401	
1255045512765616129	
1255049821888577538	
1254983677588770817	
1255431676949417984	
1255644188953247745	
1255481086924206089	
1255473787946127361	
1255456798322102273	
1255538529104531456	
1255451077111173124	
1255440446865780739	
1255481990704508930	
1255407579272040448	
1255535667238625280	
1255637945488375808	
1255636265262776321	
1255635132322648064	
1255622689030578176	
1255619635841556480	
1255325810262712320	
1255541911160528899	
1255491196891418629	
1255521432966180865	
1255500000492244993	
1255466939176103944	
1255522228332085251	
1255573321770549254	
1255572091946106882	
1255572829963194372	
1255570457136377856	
1255571051699978240	
1255554200211202055	
1255548197449187330	
1255828051885281282	
1255996081378377731	
1255998356133986307	
1256000053438750721	
1256001173355716616	
1255985888103936000	
1255954638706290689	
1255859570712469508	
1255882013963411458	
1255904400406712320	
1255909682067243011	
1255913577082486784	
1255919127811817475	
1255947285239861248	
1255829548203212800	
1255691196107755521	
1255792359184437252	
1255797932399435777	
1255804258764697602	
1256225887781097474	
1256231517942165505	
1256241242641436673	
1256292238851784706	
1256297297488609287	
1256298584594669572	
1256013770587090956	
1256212580554747905	
1256036987179597825	
1256015450300985346	
1256067555896242176	
1256152186117070849	
1256157353659060225	
1256182726778109959	
1256302662145970176	
1256309291343998978	
1256162669540802563	
1256341513828806658	
1256320149231144963	
1256307165926764547	
1256575873635008514	
1256510058587971585	
1256428154157248518	
1256377771766546432	
1256374357254963201	
1257066627482427393	
1256967974805803008	
1257087807362863104	
1256942373059342341	
1256736348431622146	
1256738609866121216	
1256936987732426753	
1256932982075592705	
1256858094128242688	
1256739153670176768	
1257445556999290882	
1257359766244003841	
1257336823371763713	
1257244097720565760	
1257116368077565954	
1257119199610179584	
1257122582584799237	
1257120882457292800	
1257223304135544833	
1257211864565649421	
1257184325642133505	
1257178654716592128	
1257166757543981066	
1257156006070624258	
1257120333020225536	
1257247058513313794	
1257118624768294914	
1257323807053766657	
1257260473734647809	
1257257031070887937	
1257305787971428352	
1257454596420706305	
1257448392197910528	
1257545982075637760	
1257476702978084866	
1257570418510180353	
1257623748880064514	
1257608526031138817	
1257601241443598337	
1257669819010289664	
1257672475783159812	
1257672461165965314	
1257672458418688000	
1257672455314911233	
1257672449904324608	
1257636184370614273	
1257668614351728642	
1257582577038381056	
1257575018629922817	
1257728059257638913	
1257585758195638272	
1257809898961883136	
1257809898844360710	
1257780455342030856	
1257770245885919232	
1258124774796152839	
1258139123677908997	
1258139147413401607	
1258090241816244224	
1258085392978522112	
1258025483310174210	
1258139150676635648	
1258139152740204544	
1258166652472111106	
1258064047871844355	
1258176844488212481	
1258175720951615490	
1258173445130551297	
1258171746659827715	
1258171189219991553	
1258140624026578949	
1258058981311950849	
1258025747064786946	
1258057320724135937	
1257962169905315840	
1257974351946801152	
1257985900832792577	
1258000608063377408	
1258228948166684678	
1258441629888925696	
1258451338775728129	
1258461231545044994	
1258471128630202368	
1258533025932906496	
1258429389278150657	
1258292716557029376	
1258369891003965448	
1258332605730217985	
1258424155139198977	
1258185904289648646	
1258333497502175234	
1258417777481744387	
1258382531172368387	
1258390159218954243	
1258394633647915013	
1258398845031022592	
1258407009990385664	
1258410080288063495	
1258356775058882561	
1258828117805858817	
1258733038642638849	
1258675462546612224	
1258612338967613440	
1258847933207887878	
1258903490728001537	
1259209693987291137	
1259202952117526531	
1259168334974763008	
1259163701409611777	
1259159027386331138	
1259157831355437057	
1259124808840818689	
1259095013918720001	
1258913686112124929	
1258975404125192193	
1259031470267666433	
1259050240822448128	
1259059095182680064	
1258985622317998086	
1259474899342708738	
1259467610556715009	
1259457460903051264	
1259453265122648064	
1259445034182676480	
1259437434858868738	
1259433947592888320	
1259420119085785089	
1259404840284966912	
1259275008880398337	
1259634171741450241	
1259881889881624584	
1259873677568598017	
1259985526599421952	
1259984947378618369	
1259982150146940929	
1259946619027546120	
1259925986231177216	
1259832926444937216	
1259827413938249729	
1259802140802977792	
1259795028110647302	
1259779545768525824	
1259773495774515201	
1259768637658927104	
1259636438016167937	
1259635315335204865	
1260233566602084354	
1260238630850899971	
1260193960372338689	
1260169909860028417	
1260144554906456065	
1260142917416562689	
1260140521957318656	
1260204072210239488	
1260130347674669056	
1260235802413596672	
1260226879929356294	
1260348690436407298	
1260346406344196101	
1260345849374220289	
1260324131704377344	
1260317318074249216	
1260317315272445952	
1260317312705540096	
1260317310751051781	
1260302080042041345	
1260289577325125634	
1260274526853779456	
1260254972966506496	
1260222085261074432	
1260499869766221828	
1260482610561769472	
1260498312739860481	
1260616581035548673	
1260662376262762498	
1260680311630893056	
1260695242350776326	
1260712975360495627	
1260714105146617856	
1260714664708771841	
1260715233452208130	
1260715793584701447	
1260712416373018624	
1260587404953554944	
1260506411915776000	
1260546252263116801	
1260377012092502016	
1260478110459461633	
1261083564256485376	
1261081860949659649	
1260743560690876416	
1260903845737218048	
1260910874597953537	
1260922096512897026	
1260966875284021248	
1260975990609793028	
1260980835907440642	
1261060083880001536	
1261031254524342277	
1261017454374989824	
1260993701897293826	
1260984836254314496	
1260984304030683136	
1260982140289900548	
1260981531344068608	
1260838691515351041	
1260843308781318145	
1260981263487438850	
1261406042140770304	
1261385499819663360	
1261273281463713792	
1261202968260546560	
1261380606878978048	
1261303479076864000	
1261307252545327104	
1261320066840264705	
1261336985022664706	
1261231573527146497	
1261378436175736832	
1261379225954791426	
1261288790548717569	
1261161732699021312	
1261139075827994624	
1261370881672007680	
1261194029619974149	
1261419354823913472	
1261426623976366081	
1261433985168703490	
1261442512918474754	
1261444162391470080	
1261562679161958401	
1261807394465685508	
1261495759922438144	
1261670844046159873	
1261720197502849035	
1261727565800189954	
1261790984897249280	
1261803416617201666	
1261805691293110272	
1261962796511698945	
1262165345894350851	
1262107180209225733	
1262107182784544769	
1262107185359749121	
1262116930888118272	
1262166489618173955	
1262169307427061760	
1262032241976397824	
1262107172378468352	
1261864023773065216	
1261829486053646336	
1262107176337891330	
1261998075192791041	
1262035079020318721	
1262473304280981504	
1262491943013154818	
1262499350070034433	
1262519649239019521	
1262521913122918402	
1262524772686139395	
1262443214344196097	
1262441015367143425	
1262182320209092609	
1262437295413702661	
1262437289789136896	
1262403704701038592	
1262365954928979969	
1262359688622084096	
1262355047276515328	
1262326255543820288	
1262285816488960001	
1262270377012666368	
1262250310514413570	
1262172691550912516	
1262306349498740736	
1262884307779178502	
1262706518719442945	
1262834473898565633	
1262793394541256704	
1262889411823493121	
1262656729940209666	
1262640118344671235	
1262656717600538624	
1262656722063278080	
1262608556202905600	
1262659831288270853	
1262680460959850496	
1262699763700584449	
1262656731370401792	
1262803422601981954	
1262593878294777861	
1262797908061163521	
1262548582126804992	
1262753705108975618	
1262731180446814208	
1262717822846763009	
1263218627513368577	
1263216049224376320	
1263219921502326784	
1262900186529095683	
1263221095433412608	
1263096435576373250	
1263087346376982529	
1263054456385667073	
1263046252121513984	
1263125057703993344	
1263211673848107009	
1263199299250380803	
1263187862444523522	
1263181041038233601	
1263253673968390149	
1263261108791644160	
1263259388615294977	
1263293941060898818	
1263453599717371909	
1263546988701851650	
1263530374119985154	
1263518285863227393	
1263489051245645824	
1263473764991414274	
1263263343739129857	
1263263919545647104	
1263433238795685888	
1263429271823028225	
1263410739706040320	
1263402196068192256	
1263331897108836356	
1263444493979856898	
1263443462659203072	
1263706762764521472	
1263621799318892545	
1263626338512056322	
1263830062375337984	
1263806532346687488	
1263840814393851904	
1263851100458942469	
1263856670100328450	
1263892914335354883	
1263789079377960960	
1263785737369026561	
1263775733161304064	
1263739127868129286	
1263904311874117634	
1263904314336202753	
1263909989116186624	
1263945317269069824	
1263904305494581254	
1263782617209540608	
1263903697681158146	
1263747710211035136	
1263765126013952000	
1264001994727063553	
1264000871857299457	
1264130665718657024	
1264238728303702016	
1264202948927684608	
1264159490808610817	
1264303050048634880	
1264295048818106368	
1264346381977825283	
1264349211388239878	
1264346949882392576	
1264536739085004800	
1264578730271354892	
1264579982501859328	
1264658944104058882	
1264669976625131528	
1264687411872890880	
1264716287206477829	
1264734972037918720	
1264770097295564800	
1264828833116704769	
1264837717382369283	
1264902708227702786	
1264921509853900809	
1264715689518080000	
1264711167525732352	
1265062356012449795	
1265041501534466050	
1265068585082290178	
1265062356029255681	
1265279630476443648	
1265271572945948672	
1265270427967946752	
1265247149182332929	
1265254994049216514	
1265372057317126151	
1265371497251602440	
1265369236635111425	
1265368563105378310	
1265369561207111682	
1265194869733109760	
1265188438124507137	
1265114443874283520	
1265228416485404673	
1265433759760998401	
1265764595379187713	
1265765723340787712	
1265773065163673602	
1265775446098092034	
1265776396900667398	
1265786902805872640	
1265433761518403586	
1265642323079299072	
1265737592399712257	
1265497881991151617	
1265553309789827074	
1265574230223175681	
1265574852565573633	
1265579168370221056	
1265497299565903874	
1265612826577719297	
1265598278827204608	
1265546761604653064	
1265651931072135168	
1266148707596005377	
1266144173205446658	
1266085957738078209	
1266034016228081665	
1266008712835194881	
1265990941715894274	
1265985875495788550	
1265978800921358336	
1265969426173767687	
1265962424815030272	
1265953282528247809	
1265933036228657152	
1265801716911484930	
1266143598984286208	
1266390845315403776	
1266471984566865922	
1266508422125584385	
1266267197879414786	
1266299543773044737	
1266316665517740034	
1266307240883105792	
1266380002439856128	
1266480173358161920	
1266484846894997505	
1266506712627978242	
1266496521480142850	
1266874893897011200	
1266833074605654017	
1266874319621283846	
1266879997891039232	
1266659230838329344	
1266531629125820416	
1266727690461200386	
1266765339532107776	
1266640983900512256	
1267053917407502338	
1267140426093428739	
1267230313807253506	
1267025632157982723	
1267556600757264384	
1267598355724668930	
1267371098368344064	
1267379891068166144	
1267606275224985600	
1267392423753396225	
1267399851643408385	
1267477080507166720	
1267529501635944448	
1267480578816913411	
1267772082718486528	
1267745636918661120	
1267870631636471809	
1267955548567285768	
1267926924376059904	
1267715811558461440	
1267786001172267008	
1268202095540346880	
1268170564943974400	
1268110678457487361	
1268021814632079362	
1268273499996635137	
1268321304433885195	
1268546218285809664	
1268680859151892487	
1268666688045793287	
1268638958927347713	
1268638947107917828	
1268638944868159492	
1268511585682800640	
1268586691692019719	
1268495252106739712	
1268485054931644422	
1268414734883323917	
1268533560882978822	
1268476535620734976	
1268482109548695553	
1268488604151676928	
1268451645446291457	
1268833345397493761	
1268821992838479872	
1268769747107266561	
1268848815211241473	
1268851593337806849	
1268878401907105796	
1268882240215408640	
1268837106283089921	
1268997254196662272	
1269046101295931392	
1268887530721722373	
1269203671394521089	
1269187903025971200	
1269207981952024578	
1269273350494400513	
1269273355947032576	
1269142545017208832	
1269273361299001346	
1269273367682711553	
1269363707722817536	
1269301380663164929	
1269273373609254917	
1269273370841034756	
1269579876660543490	
1269731256679436291	
1269728169868824576	
1269627612420280323	
1269610915621744641	
1269606490429628418	
1269731264476700673	
1269739488969965568	
1269589572410884096	
1269575107267133440	
1269567003121065984	
1269550595054198784	
1269477671102267392	
1270136714380673024	
1270132114441281537	
1269963685725908993	
1269866802345107457	
1269970405651099648	
1270079796857503746	
1269993517696323586	
1269962996249477121	
1270223615829716995	
1270376147000471553	
1270356063670468609	
1270287721433649152	
1270280941542486024	
1270264142977368064	
1270258844686581767	
1270264145020162048	
1270252537132789760	
1270474632848605186	
1270453691598938114	
1270491824138981377	
1270681303046905856	
1270741344848359424	
1270717211213049857	
1270696367346913282	
1270681290564648960	
1270678624153276424	
1270581397015728128	
1270670107317096450	
1270640472814469120	
1270707465294876673	
1271127516330315778	
1270871014243741696	
1271105933289062404	
1271121020271972353	
1271113497452085248	
1271108945285963779	
1271142514305761288	
1271099060964003840	
1271094565718634496	
1271005440944623617	
1270991478651748352	
1271130352334057474	
1271136304345079810	
1271185436174618635	
1271173857018368000	
1271142502473531393	
1271142504620937218	
1271157774790078470	
1271141156827652102	
1270987489491193858	
1271091095758348288	
1271026038064263169	
1271028958390255616	
1271085558622752770	
1271083915751690243	
1271081768641323008	
1270954388085968897	
1271076985834536960	
1271069945938485250	
1271059879919304705	
1271054849438818310	
1271050328562155528	
1271046286905663493	
1271036773947314176	
1271011050251595777	
1271073461453103104	
1271103955116982276	
1271562504146214915	
1271425061724061696	
1271397122689175553	
1271391315029344261	
1271376230852550656	
1271371360485474304	
1271363877486419968	
1271413675962830849	
1271231658755309569	
1271582674952560642	
1271807954820501504	
1271840801044279300	
1271942044831944712	
1271942625805959168	
1271947734753447939	
1271942044798398466	
1272304778610184192	
1272155480354365440	
1272206087727570945	
1272257763494760449	
1272257769098412035	
1272257783954583553	
1272257791084965888	
1272300925621764103	
1272304776689201152	
1272311613643685889	
1272257808671617026	
1272493173495955457	
1272380108259688454	
1272591389335977984	
1272592160639062017	
1272595149986684932	
1272597473513672704	
1272629667946774529	
1272651172252352514	
1272667615979278336	
1272668753214476290	
1272677804686168066	
1272585539590512642	
1272444789296975872	
1272997466204495885	
1272824835064975360	
1272821178680446979	
1272769616411004930	
1272727144863596545	
1272835776607387648	
1272829085174161408	
1273034242046468096	
1272982659640233984	
1272942928164503552	
1272874342087524352	
1272893422240780291	
1272859192253169669	
1273380652398903297	
1273299709839450112	
1273331431259897856	
1273397146738405377	
1273396006890201090	
1273392048356368385	
1273201699168149506	
1273186984849289216	
1273210757103194112	
1273259742375313410	
1273263343361548289	
1273265830516703232	
1273247566868754432	
1273184255221383169	
1273096526399787008	
1273167705634418688	
1273605294585786368	
1273580246927802373	
1273580243471740930	
1273580239839428608	
1273580237490737153	
1273578821724319745	
1273580255710777345	
1273475858888634375	
1273580252363620352	
1273582801628073985	
1273639684191772673	
1273617040973201409	
1273585181337833473	
1273606010880614401	
1273837831375458304	
1273936134456958976	
1273948419976028166	
1273945044215648256	
1274067575715102720	
1274081824449409032	
1274098290703900674	
1274120443620974592	
1273934510585937920	
1274298092364365824	
1274435621126316032	
1274351318665244673	
1274373556894302208	
1274376545587679232	
1274389702964121600	
1274439235429416960	
1274480922402971650	
1274687735677235202	
1274592893886435329	
1274614570745835521	
1274843599830691853	
