1243175637948321792	
1243167331657740288	
1243129614840606723	
1243123069482221568	
1243123062431596544	
1243118137089724418	
1243104293646815238	
1243083549445517312	
1243057745776873473	
1243027158479458304	
1243020741202694145	
1243283723623100416	
1243130589550534656	
1243130596257198080	
1243144850905673728	
1243199620509040642	
1243203707887480832	
1243203714707369985	
1243205126774575105	
1243206073282158594	
1243207705432596481	
1243219694816919553	
1243215666859122688	
1243221351500046336	
1243234399572787202	
1243240451039039488	
1243241824501649409	
1243196652489330688	
1243013447874310145	
1242991296760823809	
1243125430304952320	
1243148751725789187	
1243147329449758721	
1243132871881003008	
1243261583012196352	
1243150125939163136	
1243160038765514752	
1243155566261940225	
1243150603632640001	
1243320211752677376	
1243619068000653312	
1243645996455714818	
1243645987475746816	
1243626227350425602	
1243572630206046208	
1243533622574895104	
1243537531737686016	
1243539112239542276	
1243542790920966144	
1243470199694614535	
1243470204899737600	
1243477500392423424	
1243477506159562753	
1243483667436933120	
1243485533843738625	
1243489151342739457	
1243490838375813121	
1243499533855670274	
1243500166977654787	
1243504426821636097	
1243504432894992384	
1243591112033361921	
1243514366533595136	
1243594774088568832	
1243469449719504900	
1243447935523631104	
1243447929764896768	
1243433965530140672	
1243543186796097540	
1243552034047082497	
1243565076310716416	
1243565081863970816	
1243514374943199233	
1243580054627483648	
1243580062214963200	
1243580694611349505	
1243541652293275654	
1243583351539167232	
1243587345170890752	
1243587353907580929	
1243588377762562048	
1243528973331468288	
1243511612587286528	
1243334191242072064	
1243377339557265410	
1243584633134100481	
1243476494363422722	
1243604716988198912	
1243999817094664194	
1243967483821711360	
1243953278896881664	
1243960327991001088	
1243947345135329280	
1243999824438898695	
1244003466025943040	
1243946222509076480	
1243895503319793664	
1243894755844481024	
1243874252438138880	
1243924583733841923	
1243804661838041088	
1244242677190643712	
1244278410404192256	
1244205671546941440	
1244212971120627712	
1244148045194784769	
1244371522719903745	
1244375921915621376	
1244375927443709952	
1244399832845807616	
1244184037989568513	
1244170192097173504	
1244140743536463872	
1244306465373839360	
1244306471459753985	
1244349621704355840	
1244162771018645504	
1244133322374045696	
1244250722914324481	
1244249335962824704	
1244634250353061888	
1244661055097196544	
1244630764630814721	
1244626721208291328	
1244626713339822080	
1244665608005980160	
1244610155670577152	
1244722351977017347	
1244722345387806720	
1244641809965305856	
1244707353301151749	
1244704089281191936	
1244612228940099584	
1244647334962548736	
1244656967664177152	
1244689877431508992	
1244656410152951810	
1244732276312690688	
1244729886532440064	
1244634258037080064	
1244659756075286528	
1244689868862545923	
1244668491371692038	
1244675649005993993	
1244671917476413440	
1244669674836688899	
1244732270092541952	
1244590840242040832	
1244604675372048384	
1244559889843642371	
1244464002794586119	
1244492692022673410	
1244559884420403202	
1244562653978083329	
1244568494202589185	
1244583538826960897	
1244590207992659969	
1244590216049905664	
1244520875652550658	
1244606935695056896	
1244661049074143235	
1245089247406612481	
1245098177474117632	
1245098183279013888	
1245120704229466113	
1244824507342155776	
1245083468985335809	
1245076283186245633	
1245053386078040064	
1245031867113287681	
1245031873526419456	
1245033687667924992	
1245034334567960578	
1245039042871218176	
1245075416286547973	
1245031366032416771	
1244957889678069760	
1244946311591235584	
1244953604739321856	
1244969091082981376	
1244817707888861184	
1244917996188872704	
1244824628125523968	
1244831926189355009	
1244875082658275328	
1244889303412404224	
1244896226937425920	
1244972476972462085	
1244898240773779456	
1244913212547452928	
1244923706692063234	
1244927682820714496	
1244927688059445254	
1244939610473541633	
1244943165389340673	
1244912542306242563	
1245029196293963778	
1244943159508914177	
1245024723504893954	
1245001795069284352	
1245024822934917120	
1244981793914105856	
1244981803565252608	
1244986946465624065	
1244989559500390403	
1244992320069664769	
1244994375874052096	
1244995622727569410	
1244996258730635269	
1244946302787399681	
1245001050068848640	
1244999255389069313	
1245023820274008064	
1245017533779816448	
1245017526527864834	
1245023827337162754	
1245013908563406848	
1245008963998904320	
1245008971284414466	
1244971450894868480	
1245298751553470464	
1245481460816957442	
1245474656758280192	
1245453661532065792	
1245369271770845185	
1245452901331263491	
1245424719077101568	
1245394893213597698	
1245394887270227968	
1245489762896494592	
1245388227608858624	
1245381183413747712	
1245380414434201604	
1245379461077446656	
1245375839333687296	
1245374258634612742	
1245374252028530688	
1245373127145566213	
1245387458881224710	
1245373118937321472	
1245385316413911040	
1245372482544173056	
1245387597532114945	
1245343425924173825	
1245337779841781763	
1245328452309250048	
1245328447020228609	
1245321026008797190	
1245317624860274691	
1245238229466353666	
1245302137099358208	
1245358143787302913	
1245295865113096193	
1245290234671235074	
1245287935295008768	
1245283786813624320	
1245283781398781957	
1245274928611500032	
1245295871232622598	
1245367594183319558	
1245358149302775811	
1245360407201513480	
1245181356138622978	
1245173818848509952	
1245138835131887617	
1245209913904615424	
1245359273988808704	
1245202366502023170	
1245209923467620353	
1245362497797992449	
1245859199591911425	
1245659376456568835	
1245733364247588865	
1245674230911348737	
1245674225873997826	
1245667670722297856	
1245538328314707968	
1245524237827207168	
1245595082914324480	
1245666940200161280	
1245658192882724864	
1245666928850419712	
1245665974675738624	
1245659626017656833	
1245659382764818432	
1245750305649811456	
1245755388563058688	
1245766716518326273	
1245769994237095939	
1245725943181619200	
1245716379702972417	
1245703544314847233	
1245699594857652231	
1245696944921608193	
1245696252529889281	
1245696243969306627	
1245694799807741953	
1245688957578252289	
1245688948963151872	
1245733370513854465	
1245740539175030786	
1245744443891695617	
1245859192792997890	
1245858069390618637	
1245858063615066112	
1245806728064557056	
1245799303576080390	
1245777294368460800	
1245681649599172611	
1245652333926612992	
1245644920972382208	
1245602127080075265	
1245644914542534656	
1245644907923910658	
1245631596486508544	
1245623392897622016	
1245996924613922817	
1246072347502604292	
1246072353366233092	
1246076388089589767	
1246079644782063621	
1246080296295886848	
1246087321910276096	
1246106691311218689	
1246108587031552001	
1246115782322356224	
1246134387843817473	
1246136649437806599	
1246137153668562944	
1246149227907911680	
1246151249910566912	
1246005909551083520	
1246005915171471360	
1246015728026697729	
1245924120476258305	
1246013462813085696	
1245973449501069312	
1245938589168357377	
1245932549941026818	
1245888014829539329	
1246171249048309760	
1246050203813076992	
1246044166217318401	
1246043029036617728	
1246035742377168896	
1246020888488587264	
1246015733970001921	
1246023278449180672	
1245987920059576320	
1245991064143425537	
1246312816232910848	
1246311800020193287	
1246319228539400192	
1246384296236965889	
1246427439095353345	
1246442170241806336	
1246448957594558475	
1246463176121528320	
1246491360921706496	
1246501427817545728	
1246505577460543488	
1246526343413526528	
1246363138049507328	
1246477268043460608	
1246428695427874816	
1246908105109041152	
1246880048054857728	
1246674819061440512	
1246675446575456258	
1246682997337686016	
1246690294805884929	
1246851870271746048	
1246837769965469696	
1246941195701387264	
1246695707152506880	
1246697717738299392	
1246756482051264513	
1246724016401833984	
1246780518286258176	
1246773343539171329	
1246808832233189378	
1246837778186244098	
1246872631359365120	
1247006504370098179	
1246992915282292736	
1246985494031826944	
1246978196890767363	
1247006510309191680	
1247077976824373248	
1247220232512561158	
1247206078611251207	
1246992795048357890	
1247116859435974656	
1247141780975284224	
1247141772737695744	
1247141674507272192	
1247139446727815169	
1247124157378072577	
1247206073330577408	
1247200348651114496	
1247163178242281474	
1247198778160889856	
1247206068028968960	
1247199709527248899	
1247116865064726530	
1247105909714608128	
1247198310315765761	
1247198772414705664	
1247091816245022720	
1247087926304882689	
1247197218429337600	
1247085018800721922	
1247087932793446400	
1247194935834664961	
1247191351449419777	
1247102521610362880	
1247102512500330498	
1247095093015666698	
1247095087600783360	
1247142568552534016	
1247146051485626369	
1247149840867512320	
1247191358768443392	
1247164865048805377	
1247168373416267777	
1247168709505908736	
1247168715323408392	
1247175501241815041	
1247183797897932800	
1247183804571111427	
1247150759621337089	
1247257907151777792	
1247265462594879489	
1247227707575787528	
1247427526994972672	
1247412811719831552	
1247356184421523457	
1247313154809290752	
1247463147981557760	
1247463142034001920	
1247457481061593088	
1247592497099894785	
1247570847939739648	
1247535136561758211	
1247552981207113729	
1247554145420292098	
1247560529012391938	
1247563554527404032	
1247565955670171648	
1247567706972286976	
1247498757819654144	
1247470307641720834	
1247457475407667200	
1247470313677312007	
1247486802409078784	
1247498749795905536	
1247501264637710336	
1247578020728041473	
1247620926973153280	
1247611620659851264	
1247634393696329728	
1247530965427040270	
1247530959919935489	
1247450175355801600	
1247448552873144320	
1247501270325157895	
1247715048014913537	
1247840286354661376	
1247972743884095490	
1247874559560298497	
1247867561678602240	
1247860192622108673	
1247847549597134848	
1247904672926449672	
1247906828219891713	
1247847544111030272	
1247781106088173568	
1247876612848119810	
1247876622507577346	
1247879459429961735	
1247883705227460608	
1247789166336720898	
1247899278153895940	
1247889983408496640	
1247888931942612992	
1247884289967972353	
1247795706569453571	
1247813957471084545	
1247817725784674304	
1247909477422170116	
1247926062605991939	
1247913989406773248	
1247913301650145282	
1247906834192584705	
1247983084349190144	
1247936277099368448	
1247954756632342529	
1247715055464058883	
1247824896605843456	
1247983076954624001	
1247832589785690112	
1247832596429434880	
1247832603559727104	
1247838385584078849	
1247838946379345920	
1247839620055715841	
1247719955891699718	
1247840251394965504	
1247733924995805184	
1247705744050286592	
1247705752187236352	
1248192209528082432	
1248223403053428737	
1248222014503923712	
1248215970407038977	
1248208804933554176	
1248206795052482561	
1248206788651921408	
1248199249474420737	
1248192204201324548	
1248090275232112643	
1248187422686375936	
1248187415484698624	
1248243783398916096	
1248184646669488128	
1248074540694958081	
1248184654944849920	
1248095434280558593	
1248166394560049152	
1248163123896266754	
1248144756472811521	
1248141233345593344	
1248229183945203714	
1248236383183003651	
1248279956028821507	
1248273474683949057	
1248258896348635136	
1248258379958464514	
1248255564947349504	
1248242937038659585	
1248253169131565066	
1248251345976438790	
1248251339504676864	
1248247477733474304	
1248244410556407813	
1248090269120991235	
1248053781683527681	
1248359923714379777	
1248292206395510784	
1248280788790947841	
1248280794272944128	
1248287951341027328	
1248317644182183936	
1248294990570082306	
1248280799708770304	
1248287964087455744	
1248408870059274244	
1248568229607456770	
1248650225301852160	
1248664820691288064	
1248672106851602432	
1248679023577681926	
1248597113488867328	
1248554832799174657	
1248456930764324864	
1248464489885732871	
1248479333515067399	
1248520480534880261	
1248530431353356289	
1248534953437978624	
1248552692273709057	
1248555430256705536	
1248650219551461378	
1248593442864848897	
1248650211565527041	
1248643036323561472	
1248638551043997698	
1248607054194831360	
1248620020998877185	
1248627309269020673	
1248627320392282112	
1248630740549537792	
1248632947940474881	
1248635623755239424	
1248597121659355138	
1248558531235721216	
1248570559417311232	
1248574727641128960	
1248582271105249283	
1248582276784386048	
1248708853941731328	
1248714647210831872	
1248716270821769216	
1248607061396447233	
1248443469145575425	
1248911444973764609	
1248855060429197312	
1248876954264031234	
1248896837060182016	
1248898852049969152	
1248911434899021824	
1248876197607440384	
1248889914877300737	
1248925522538577920	
1248925529274601472	
1248932315876569090	
1249066082121310208	
1249044691179286528	
1249030977428393984	
1248974355482021889	
1248949686095859713	
1248946174192537600	
1248946168567967745	
1248939368431017985	
1248935344206008320	
1248928040685469696	
1249330321360687104	
1249351845966839812	
1249374233412567041	
1249431741963485186	
1249431736183713797	
1249396379857772544	
1249382043961528320	
1249330315551621122	
1249237453854007298	
1249280363236474880	
1249273192654311424	
1249273186723573760	
1249215447293034496	
1249206246542135304	
1249641366402957312	
1249639485475717121	
1249633821026217984	
1249581593473077249	
1249560078077710337	
1249641371670962177	
1249526857738776576	
1249714474946195458	
1249714483162796038	
1249717005571129345	
1249729196835786754	
1249745051581698048	
1249752478330937344	
1249752486597951489	
1249774621005508608	
1249648799615578115	
1249646402176610304	
1249759648036474880	
1249709563709771777	
1249681379081637893	
1249670941900070913	
1249670947272941568	
1249653352813613059	
1249660242486419458	
1249660250078056449	
1249995833551933445	
1249969042066194432	
1249968145030209537	
1250003642007969798	
1249938961419481094	
1249866855122010113	
1249859677933862912	
1250010948787564544	
1249895919367020544	
1250026654937665537	
1250065304530694146	
1250070571813163010	
1250069687737749505	
1250075054555254785	
1250084033976913921	
1250084410696683520	
1250109906008584196	
1250127695179997186	
1250135245581463552	
1250164189441581056	
1250170994313949185	
1250026668258758662	
1250063155109249024	
1250062148778278915	
1250062140934959106	
1250060894228357121	
1250041378119155713	
1250054840052412416	
1250055994337607681	
1250055987907592193	
1250277942120177670	
1250491598187622400	
1250471462898556929	
1250455743716708352	
1250449592983977985	
1250449189592432640	
1250434593540304897	
1250358715506548738	
1250348162276937735	
1250348156014882816	
1250365886999015425	
1250369539277111296	
1250377830078218245	
1250390949307363329	
1250405903330766850	
1250362248356196352	
1250270645071437831	
1250270651597721605	
1250420888660398087	
1250512747529252864	
1250562563365953537	
1250825926927056901	
1250829193463558144	
1250807744036106240	
1250807750818316288	
1250807757164310530	
1250807763346747393	
1250825679542775808	
1250826744963219464	
1250847443165392896	
1250849582885437441	
1250849589185310720	
1250877892243775488	
1250829199805345792	
1250892611075764224	
1250892108249980928	
1250574640667217920	
1250900551195213824	
1250920291653439488	
1250807729586761729	
1250807723211423745	
1250807716844470272	
1250576930652352512	
1250591759014326272	
1250727773586538501	
1250769101548654592	
1250775701843775488	
1250794987761160192	
1250803840586338304	
1250807703850512385	
1250589240347385856	
1250807735903350785	
1251136888573919243	
1251114455187906561	
1251106574690631680	
1251103249991520256	
1251092307685765121	
1251085016353828865	
1251137855918755840	
1251085008413970434	
1251077702435520513	
1251039702657851392	
1251018441017798656	
1251011142610153472	
1251040469296967680	
1251084498177069056	
1251082364979011584	
1251003720256507909	
1250983834608271361	
1251138283616206848	
1251222664800161793	
1251215489889517568	
1251187808372314112	
1251180887582011394	
1251173602319163394	
1251172615584198657	
1251165788326658051	
1251163510425305088	
1251158502162042884	
1251155959549849602	
1251152194717413376	
1251148692565843972	
1251145025397780482	
1251140626944425985	
1251143647967371266	
1251252110374535168	
1251441225439166465	
1251377682903756800	
1251434431685906432	
1251497858068447233	
1251505271970516992	
1251525906000039936	
1251525912073367560	
1251526791841247237	
1251542015331823617	
1251563660243120129	
1251576870539128833	
1251576877329707008	
1251497851617546250	
1251825004620070912	
1251966939787714560	
1251812168976064514	
1251753665062297601	
1251760955282735104	
1251760961737773060	
1251804120408678401	
1251810909883789314	
1251953102623670272	
1251938751728631809	
1251834193232883714	
1251847152134840321	
1251861877652512769	
1251868671892307968	
1251896478223589376	
1251917616009998336	
1252203124770529281	
1252217227304042504	
1252220107066990592	
1252223498816311297	
1252234838712528904	
1252234846585274368	
1252238736286289922	
1252238742401630209	
1252242255173148673	
1252217217862623233	
1252253045037154307	
1252203131934392323	
1252202862140108800	
1252225863933988864	
1252233229286862854	
1252199606865313795	
1252089122820218881	
1252138958172991490	
1252183841915232256	
1252188648004440064	
1252256699840372736	
1252256603870343170	
1252249427231731712	
1252271570367594503	
1252258283655757824	
1252264287537520640	
1252264293862502400	
1252267671732666369	
1252304166736719872	
1252271578756182016	
1252274976318615552	
1252279121419186177	
1252339524920696833	
1252581293944168448	
1252584885505503233	
1252584891729891331	
1252573688093749249	
1252569868408365056	
1252562619321315328	
1252566767945125892	
1252709836044689408	
1252616854813634562	
1252611654615011329	
1252544684364378113	
1252417410042195974	
1252487617980977153	
1252516310216347649	
1252527230040842241	
1252531050850316288	
1252538649100648449	
1252552130889764867	
1252599857593716738	
1252552781891883011	
1252562613642293249	
1252695611150708736	
1252695115014922240	
1252688067799838720	
1252687692371902464	
1252645922313400320	
1252622148406919169	
1252624823387394048	
1252626185848315912	
1252629305030574080	
1252629310789148672	
1252644029591764993	
1252645918785941505	
1252651329865920514	
1252616818272997376	
1252653206993113090	
1252667051266551808	
1252673848287232001	
1252644023656828929	
1252925309101498368	
1252927790841843712	
1252941999549771783	
1252942251161866247	
1252945005892771840	
1252964266363064322	
1252966922406199297	
1252984774739718148	
1252991822906834945	
1252992601491374084	
1252994192789385217	
1252891279148544000	
1252863988678791168	
1252913426642251776	
1252909991536795649	
1252905882540584962	
1252905877247373315	
1252995208071000064	
1252934134982377472	
1252895385074499584	
1252898581456941058	
1252899836464005120	
1253019273007529984	
1253019265352884224	
1253000637064740870	
1252815529053577217	
1252822576625115137	
1252855171681357829	
1252863976012038144	
1252906759162744834	
1253425052961304579	
1253425046627872769	
1253417879120142336	
1253389691971198978	
1253382147001311233	
1253352326007599110	
1253367812346671104	
1253367806369775616	
1253365965523468296	
1253359616877924352	
1253353708580229121	
1253382140714037249	
1253425059219124227	
1253352319951003648	
1253344807277268994	
1253446686485016576	
1253305136186716162	
1253331837553786889	
1253346279675113473	
1253325263959556105	
1253318723974266880	
1253308536915808257	
1253305146978627584	
1253344665488809986	
1253131993522384897	
1253125579630505985	
1253118032072695809	
1253118026490146816	
1253181945330102272	
1253181951495700481	
1253293816540352514	
1253293457059336193	
1253290555993280513	
1253277601960992770	
1253264121086132224	
1253264114501050369	
1253176544475754497	
1253256817573941249	
1253183836516581377	
1253169232906301440	
1253293823444176896	
1253301232468254720	
1253251487075053568	
1253196669002248194	
1253683288855674882	
1253636070920593408	
1253738487288696832	
1253751083882606592	
1253753345153458176	
1253767810427174916	
1253790080604372992	
1253730959276552192	
1253775359012564993	
1253666011338829824	
1253666019345719297	
1253666901571571713	
1253679981231632387	
1253680479401684997	
1253694701019914240	
1253694706959040513	
1253679975162449923	
1253719977204514820	
1253715339084328961	
1253701504986263554	
1253702134446448641	
1253702212863373315	
1253707008764764161	
1253819143645609985	
1253650408175595522	
1253660856711340032	
1253638451846459394	
1253712026188251136	
1253615043326984192	
1253614421206679552	
1253610518935252992	
1253548248628776961	
1253548241318076417	
1253545473303953408	
1253621718234460166	
1253624111714037760	
1253621725813604352	
1253641493530775552	
1253483314033250306	
1253497651904933889	
1253525090991394816	
1253483319607431168	
1253973298171371520	
1253942332023431168	
1253973290277720064	
1254039721249914880	
1254040604662575105	
1254077711288610816	
1254069547818082304	
1254026640612417537	
1254105779591737345	
1254149691287060480	
1253928240529281027	
1253929620715352064	
