1323256182341951488	
1323263599595282435	
1323127838615105537	
1323303858148319233	
1323302266200313856	
1323298825637941256	
1323293805030731777	
1323284370325602310	
1323278693637197826	
1323306374948917257	
1323348419109216256	
1323231739775430667	
1323296371487723522	
1323177917581455360	
1323192135244414976	
1323622205977186304	
1323614656183758848	
1323547098533433344	
1323611656195248128	
1323603333869838336	
1323586356786814978	
1323584457157287938	
1323685892117073920	
1323775268750843905	
1323776870022828033	
1323755723944194049	
1323743016616517632	
1323865560090857473	
1323936730593054720	
1323937122739507201	
1324092944987512832	
1324290710535884800	
1324280807943360512	
1324317051519819776	
1324392028617232385	
1324416466352021512	
1324363093514833921	
1324822364031389696	
1324773178380488704	
1324750390047383552	
1324709111473340419	
1324809041202143233	
1324693487955173376	
1324687466591326209	
1324722596139552768	
1324671256667463680	
1324671262107422726	
1324777622958649344	
1324636388667486208	
1325105240958357505	
1325184413190287360	
1325080516413026304	
1325071002271969285	
1325066740448026624	
1325019802461597696	
1325916337869189120	
1325800099432304641	
1325806620979326976	
1325831765844398080	
1325751374999478273	
1325842472640016386	
1325761316481609728	
1325748857716699137	
1325829648350023680	
1325835540302884865	
1326074250143305729	
1326161204507598851	
1326185345231237126	
1326197321797758981	
1326111319054020615	
1326150148402114563	
1326125214271336449	
1326132516646912000	
1326138050020208640	
1326509367319932929	
1326525978986729473	
1326617833644544000	
1326567123758374913	
1326857276284690433	
1326865424462589955	
1326821803008774144	
1326834215128797191	
1326838398024372225	
1326845947956129793	
1326849741406134272	
1326856529186680832	
1326728688608538624	
1326699623612755968	
1326926730163089409	
1326944491224195072	
1326921961918750725	
1326876147192225793	
1326879921835134978	
1326883697266626560	
1326891246930026502	
1326898796740169730	
1326999854648684544	
1326906346390786048	
1326902572251312129	
1326910120828129280	
1327288629400461314	
1327223435903201281	
1327223958849028097	
1327231136120983558	
1327241468638081024	
1327252389754114068	
1327253267169030144	
1327217246666633217	
1327216658214133760	
1327216652652400641	
1327302842726584320	
1327338961832853504	
1327695309514838016	
1327559793414795265	
1327658843816431616	
1327563063885590529	
1328091543157108737	
1328091548408377344	
1328363447017484292	
1328362829733273601	
1328359672496201729	
1328292752430223360	
1328248454858956801	
1328355534966145024	
1328348851015544834	
1328341363444813825	
1328364993297846272	
1328330265979138062	
1328334513794134016	
1328463873549115393	
1328727093350461441	
1328740934960500738	
1328726860138639360	
1328720063340318721	
1328726865863819264	
1328727364017131521	
1328737302261215232	
1328734159733362688	
1328734264880410624	
1328711892412624896	
1328793170524553217	
1328733596518117378	
1328705464016588800	
1328793164983877637	
1328756809507586051	
1328783737362939904	
1328669745202167809	
1328655008930295808	
1328656629458370561	
1328662437642420224	
1328662443011182592	
1328680867716337666	
1328692578007527426	
1328604305415434241	
1328633245383102464	
1328636300405198850	
1328697810296901634	
1328700670002688000	
1328750381241864193	
1329031601322397696	
1329031738790617088	
1329050474780254209	
1329061803222052868	
1329069349873676290	
1329121328574599171	
1329110620596174848	
1329179461820981248	
1329017024899543040	
1329097178921332737	
1329095772894228481	
1329092008577691648	
1329084447803797504	
1329082574333898752	
1329080673257197568	
1329104521944068101	
1329106986571468800	
1329215447963639808	
1329265281198264320	
1329359648760111104	
1329379155889188864	
1329394630232719361	
1329398861622861824	
1329400418946805765	
1329410368783966210	
1329420781823156231	
1329423991078064131	
1329473534016405504	
1329516434116935680	
1329545250642087936	
1329516818705371144	
1329473522570170369	
1329853154096136194	
1329869649731674112	
1329794125114195968	
1329789733975670784	
1329788608996249600	
1329786584233865216	
1329811274482544647	
1329811502036000775	
1329817415681597440	
1329829360774250496	
1329834985709297665	
1329755872000679940	
1329738900126896128	
1329732356656091136	
1329710590089072640	
1329623759196626946	
1329616593928679425	
1329689077000531968	
1329782114238275586	
1329840449050144769	
1329718011943522304	
1329824726785662982	
1329869644119719938	
1329874290557108224	
1330155396301008897	
1330047684833587206	
1330062030527672329	
1330115379197341699	
1330151115246145539	
1330223215151624192	
1330567986952892417	
1330563580257701889	
1330447949231362049	
1330932391439790081	
1330924839612256259	
1330910492089466880	
1330907808615772162	
1330902966728011778	
1330932396791742464	
1330975659523416065	
1330989012387958784	
1330996435140046850	
1330888857290637312	
1330761007598223361	
1330816622206939136	
1330782776748961792	
1330825810039566337	
1330878201946632192	
1330881814232133633	
1330831346202071045	
1331236900049338368	
1331236127735386115	
1331258409589506048	
1331251231684251651	
1331247450447695872	
1331243675863707654	
1331236894550626304	
1331233146990452738	
1331219034168201216	
1331332994687250432	
1331343616640487427	
1331340513060990978	
1331339068102176773	
1331197384697671681	
1331331896920338433	
1331328417938157568	
1331327202428923907	
1331326372350988290	
1331324949777313793	
1331375558748323842	
1331317177605967874	
1331193113558151170	
1331200283578253318	
1331315718135160841	
1331262550596587525	
1331311899368169490	
1331311510254092288	
1331284483820150787	
1331270100498870273	
1331150196898578432	
1331290499508887553	
1331097099975360518	
1331140005318651906	
1331513087619334144	
1331505791249989633	
1331498493496627201	
1331448292513783808	
1331527432549982208	
1331551557272416257	
1331578023611564034	
1331555228416667648	
1331556380348596224	
1331556386132566017	
1331559254973681664	
1331570710330929153	
1331563799879434243	
1331578777562992640	
1331589997267447812	
1331621165488615424	
1331934477698797568	
1331938524833091586	
1331967588889464833	
1331974881429266432	
1331976665933766656	
1331984114896003080	
1331822637501140993	
1331944432283787269	
1331989230457765888	
1331822626973523968	
1331904539511951361	
1331911828184600576	
1331837098446393344	
1332320772933644288	
1332347258847825921	
1332317358526959626	
1332300643051122693	
1332293095694561280	
1332284799365443585	
1332275154991403008	
1332270327355764738	
1332261272218263555	
1332328733735333889	
1332334625922846720	
1332412391217266690	
1332378671315787777	
1332577602700152833	
1332651719474491393	
1332692996324683777	
1332736147768840192	
1333124959812534272	
1333124965617438720	
1333074381317181441	
1333009203200311299	
1333457738249211904	
1333425565475500035	
1333465587985436674	
1333535288853811200	
1333427201459404800	
1333530256167223298	
1333247770728099841	
1333363786527383553	
1333838664653148162	
1333882083014373376	
1333826331901980672	
1333823172655910916	
1333724200972988416	
1333813560405864450	
1333798350412341251	
1333717993633710080	
1333694471016390656	
1333782801125056512	
1333775501794545664	
1333819033964011520	
1333765932636749824	
1333600472007995392	
1334136508547096576	
1334146553376874498	
1334166866357608454	
1334180298020438017	
1334224202254061568	
1334180292890771456	
1334123878101245956	
1334122168255356929	
1334131454050242560	
1334078623913893889	
1334071320535994368	
1334054963316625408	
1334079108947484673	
1334114738414862346	
1334112214253412353	
1334105032669622272	
1334097480217210886	
1334086155420229635	
1334349151228764160	
1334421251431911430	
1334428679947001857	
1334445394089160704	
1334443018116452353	
1334509434744299521	
1334474968235614209	
1334475612564594689	
1334492626658189312	
1334499795176722434	
1334504175560888326	
1334432348243365888	
1334489830919585792	
1334533028371193856	
1334540419422543872	
1334564947703959552	
1334576148785688576	
1334633901726126081	
1334643843212267520	
1334527242563702785	
1334849954817327110	
1334831079505625089	
1334813438065987584	
1334798867036979200	
1334734699424452609	
1334722611561943040	
1334698460256190464	
1334890002946338816	
1334892864627609601	
1335218253958823938	
1335177870944083968	
1335177864598077441	
1335242540086259717	
1335228320535887874	
1335508539725336577	
1335964178457178113	
1335783352658378760	
1335747364716388352	
1335948450542731264	
1336021434338983936	
1335970126173233153	
1336151025300905984	
1336249428911517697	
1336324933316616198	
1336237475509899270	
1336251581453332480	
1336208920910544896	
1336266669048569856	
1336208915315392513	
1336208910059900929	
1336165369791172608	
1336411244815740928	
1336311353867460608	
1336303243153068034	
1336273961202511873	
1336327172244443141	
1336368080201498624	
1336353610012082182	
1336346563770126336	
1336343875712008193	
1336158076164960257	
1336468998670598147	
1336676977151905794	
1336622835373109250	
1336626645231398914	
1336713467819159554	
1336707824831746048	
1336809364053663745	
1336707830259228673	
1337035674374074368	
1336903228756094982	
1337184835849228290	
1337182445204959232	
1337059511232815104	
1337073988732739584	
1337502302802825216	
1337438243227381760	
1337411823419723779	
1337384639942496256	
1337387043911954433	
1337397173240074248	
1337404269939445761	
1337307906677460992	
1337341873778638849	
1337372308726538243	
1337369320347881474	
1337596674999402497	
1337553013351706626	
1337704887975440384	
1337877778016825345	
1338064505381646343	
1338200032399376384	
1338179893805256705	
1338395187215626241	
1338424258020589575	
1338439706481188864	
1338445806471442432	
1338345233776447488	
1338344728920694785	
1338532969632317441	
1338540016843194368	
1338490174607511553	
1338501977450352642	
1338503780229246976	
1338511656058499072	
1338518128188215309	
1338863887047946241	
1338868920506257409	
1338812834503819264	
1338900892825780227	
1338960915610275840	
1338857872394874880	
1338856098518822912	
1338794681384247296	
1338809780765220872	
1338814827783843841	
1338818588543758339	
1338821999334838274	
1338822004456112131	
1338872209201238016	
1338823621658046465	
1338829172089573376	
1338848787708530688	
1338829178016124928	
1338698561060409344	
1338698566760505353	
1338748765436461056	
1338771169504231430	
1338848806985637888	
1338850687916990465	
1338850693419913217	
1338852562515202048	
1338790479060750336	
1339261759002202112	
1339271712983019520	
1339300405805608960	
1339264413786726402	
1339285936333410306	
1339186011180584962	
1339204884470636545	
1339199865960550403	
1339199488229961728	
1339149283254181891	
1339152036198232068	
1339211492470771713	
1339216210211336194	
1339120716273225729	
1339135063653412864	
1339228176120049665	
1339178345817284611	
1339214080293228544	
1339605418134269953	
1339453033197944832	
1339554709217021953	
1339431144391987202	
1339612570345324544	
1339608795899674625	
1339445613050568704	
1339605410043494401	
1339576470193143808	
1339604152792408064	
1339563018976452608	
1339566765391659008	
1339574822225858560	
1339554703982530563	
1339424092882006017	
1339578597581803520	
1339605021663526919	
1339374013609463809	
1339517710766489601	
1339582897087385605	
1339631445543940096	
1339514476668850176	
1339547656343863296	
1339544622624718848	
1339537073053851650	
1339533299564376073	
1339526017602351105	
1339521973853057025	
1339518701855514625	
1339586149841469440	
1339582372254105600	
1339699532783763456	
1339704436684275712	
1339589921170993154	
1339858969272098817	
1339793779461484545	
1339798558946443265	
1339844617148137472	
1339849145700425728	
1339856187949342723	
1339827624181305347	
1339962375240216577	
1339882223646945280	
1339888023236820992	
1339908504652558336	
1339918338835791874	
1339923368724713472	
1339938740907622403	
1339948542870265858	
1339920990323703816	
1339909671906263041	
1339964531720691713	
1340007589304705024	
1340000267014602752	
1339993838459342848	
1339993216783769600	
1339986046734409731	
1339971586858704898	
1339971575014014978	
1339960125428097025	
1340367811160363008	
1340346037567832065	
1340317480430882816	
1340289041917308930	
1340144461993582592	
1340108350617395200	
1340547240570408960	
1340554546188230657	
1340870880247730181	
1340966880157298688	
1340935803669676032	
1340922717579558912	
1340921459733004294	
1340878046450962437	
1340858041780948993	
1341058349371047939	
1341144434482679808	
1341010048600850437	
1341088546623528961	
1341088309095776256	
1341071390506700801	
1341066916866080773	
1341062121791041536	
1340970266587877376	
1340856660038885377	
1340976033869279234	
1340982850586374145	
1341052587303260160	
1341001723884802050	
1340994174078824453	
1340986386527096833	
1340979074941014022	
1341050801918099456	
1341036972404400131	
1341034439414046727	
1341032688363421696	
1341031037783175169	
1341024935267938306	
1341024373721997313	
1341047022439329792	
1341038353207029760	
1341468814458777600	
1341309669193773058	
1341320643091066882	
1341323846628962305	
1341324989237096449	
1341324994337370113	
1341327621603246084	
1341384244874997766	
1341407396892176384	
1341440380852551680	
1341440757756878848	
1341490960149049344	
1341382873601826819	
1341274794633773058	
1341274787297992705	
1341223700247371778	
1341216406004670464	
1341342720770629634	
1341346390169939969	
1341357820403458048	
1341360980031238147	
1341361595436343297	
1341365370158891011	
1341368152391761920	
1341370151476838400	
1341338946383605762	
1341331396372021249	
1341347022176194564	
1341641826554445824	
1341555133897867264	
1341700080798187521	
1341583823952232459	
1341731732798763010	
1341735826623877120	
1341735833049518081	
1341737824123424770	
1341743373888020480	
1341750425456807936	
1341715178199547904	
1341649392588079104	
1341671271856140288	
1341689732644950018	
1341697558876282880	
1341886819814703105	
1341781358549622787	
1341785909193179141	
1341791931077038082	
1341792954004869128	
1341793835169402881	
1341807422029975552	
1341814846380146688	
1341815097698631680	
1341761613976776704	
1341757956929564674	
1341764512408502272	
1342063738615181313	
1342067496531062784	
1342067132754882560	
1342060214552469505	
1342052912848011264	
1342038446827663364	
1342102865565736960	
1342147046615044099	
1342168047814017024	
1342197365650857985	
1342233234088718337	
1342043588822122499	
1342036292503293952	
1341901170348998656	
1341980435518087169	
1342002457405128704	
1342002462455033856	
1342456073890848768	
1342434060962938881	
1342369751197216768	
1342326341148893184	
1342485019747479554	
1342492310685114369	
1342910185782689797	
1342946428188966912	
1342736419731558400	
1342752146337320962	
1342779829259620360	
1342904272661348352	
1342940889081999362	
1343163981658083329	
1343166002138267649	
1343315608574730240	
1343091508442853378	
1343592557880602624	
1343619107749384193	
1343636094672236545	
1343507376108933122	
1343484097713164289	
1343462450545324032	
1343460818248056833	
1343455157774737431	
1343380663932575745	
1343358770949226496	
1343589777145274370	
1343575699995512832	
1343453518770753537	
1343655599435776001	
1343599730702479363	
1343534663894241283	
1343706181542416385	
1343686677101830144	
1343527115128332291	
1343521042577436672	
1343515533757591552	
1343511148625231874	
1343727572555681792	
1343879545125003265	
1343883210711855105	
1343886985551818752	
1343870641708003336	
1343868111351672832	
1343864709515272192	
1343926065090146304	
1343937317279571972	
1343943037874040833	
1343992696864575488	
1344014336604340224	
1344028934262771713	
1344065679993888768	
1343729710904168450	
1343950040293752839	
1343822953155215360	
1344255665280266240	
1344251894340972544	
1344237061700775936	
1344224732908949510	
1344221258351783936	
1344369307946340354	
1344304486584643590	
1344296711905136641	
1344282103697948674	
1344278314035372036	
1344594145239846913	
1344629378534162434	
1344628260219494403	
1344618052785156098	
1344614281254342657	
1344606729280102401	
1344599184234618880	
1344758114919223297	
1344724014204289024	
1344714704585850881	
1344692809572388865	
1344678345548599297	
1344678340020457472	
1344436244873318400	
1344448323432849413	
1344472235881365505	
1344527219998085123	
1344522440282542082	
1344644476787191810	
1345016818117660673	
1345060358445154304	
1345096469825507328	
1344916029076459520	
1344882935841792001	
1344843929246601220	
1345305847690219520	
1345334409122045953	
1345362981081681921	
1345373293008756736	
1345420602882969600	
1345495095571714048	
1345264829246763008	
1345269605879615491	
1345271746031538177	
1345636659388248065	
1345643697069703168	
1345689125492428802	
1345689132652134401	
1345722468611211266	
1346057049868619776	
1346042700420632576	
1345966323658944512	
1345937765741912065	
1346198354074615809	
1346187405523501056	
1346165392364867584	
1346165386622816256	
1346162367575408641	
1346155198889172992	
1346143752587382785	
1346143747340292096	
1346097187415969792	
1346129022195929088	
1346093038267846657	
1346154428437393408	
1346446739989909506	
1346462978544046080	
1346466482574811136	
1346468390731300870	
1346436790853496832	
1346425102187937793	
1346421184158597120	
1346425096659898368	
1346392007036399616	
1346473379159625733	
1346417931463192576	
1346549421111033856	
1346540608119160833	
1346528024804540416	
1346555206197157888	
1346511781427085315	
1346506747889004546	
1346479041688207360	
1346417925918347264	
1346417409255739392	
1346519099354931200	
1346413634264707072	
1346832452665421830	
1346836945280745472	
1346867765852786691	
1346866133161295878	
1346880728152215556	
1346904132867608576	
1346743076627222528	
1346838955392528386	
1346759175926239232	
1346766473805484033	
1346780944024236033	
1346814914250244098	
1346808097034137602	
1346803708177260544	
1346802835950768128	
1346799880774287360	
1346786617659248642	
1346779185805574144	
1347272181537861632	
1347265141159563265	
1347206874534273030	
1347219519715078145	
1347243249853861889	
1347135655072067586	
1347150993318932481	
1347156026311794695	
1347243239410003968	
1347515436771004417	
1347544726124126211	
1347540561759236098	
1347593799975858176	
1347528150285168642	
1347516171055104000	
1347516165636067328	
1347502056228192256	
1347500570504949762	
1347494527414620162	
1347550764843954181	
1347579201948327936	
1347577553888927748	
1347575498583453697	
1347569248999235586	
1347536546606374915	
1347564941272875013	
1347564858389061635	
1347581331207643137	
1347610038496419840	
1347608033694633986	
1347617208856309760	
1347487482829443073	
1347619079675383810	
1347638723328892934	
1347637085730000897	
1347485927032160256	
1347380267913121793	
1347365670166568960	
1347365292880498689	
1347602738360635392	
1347660233594687489	
1347946498621730817	
1347985636016353280	
1347951266358460416	
1347874902523592705	
1347809972491407365	
1347882079812403202	
1347877050812518400	
1347877045292863489	
1348390430665179136	
1348390424847634433	
1348274283043119105	
1348209608054067201	
1348157535841300482	
1348290388419780609	
1348296429412892675	
1348275936337137665	
1348290394446991362	
1348643326686359552	
1348643843952898051	
1348647102121971715	
1348653576361566211	
1348600313066917893	
1348489449164861440	
1348532363005841408	
1348542047934849027	
1348585845226307594	
1348592223244447745	
1348596912463638533	
1348668085130166272	
1348672609039380492	
1348678828143632384	
1348635777073250304	
1348627805756674050	
1348662758204715011	
1348625603465936896	
1349128539069575168	
1348952329446428673	
1348798237218508801	
1348891854805245954	
1348895885611057153	
1348946210392981504	
1348946574383214593	
1348953510390370304	
1348956409551933442	
1348967965547520001	
1349019702228639744	
1349041470422937604	
1349027386365505541	
1349026995305287682	
1349023334894235648	
1349003198401548292	
1348974256953159681	
1348927813156540416	
1349404592476311552	
1349329095197220867	
1349354260874600448	
1349302195435483137	
1349323698558234627	
1349323703767552001	
1349312737285971968	
1349296163854446592	
1349301412660916226	
1349158490258870272	
1349323708888797185	
1349158483866734594	
1349325320705331202	
1349398301079076864	
1349330877780615170	
1349863254005174272	
1349783728868900864	
1349841740455284736	
1349697915766280195	
1349729231585091584	
1349721682559209473	
1349709098984599557	
1349697921042694144	
1349697774376378368	
1349762840517779456	
1349690774087229440	
1349582030086918145	
1349567429823799300	
1349675899147304961	
1349683933483417601	
1349679170448723968	
1349675395340066822	
1349769516788580352	
1349683073076633600	
1349717911867453441	
1349963664724377601	
1349942526786953218	
1349942146871119874	
1349884516278493187	
1349877725612294144	
1349870678124630017	
1350000541556903936	
1349913964126167046	
1350009511290032131	
1350026188383678466	
1350018638787407875	
1350090361360834561	
1350113010484973569	
1350116299519655938	
1350073040693030912	
1350138445549637632	
1350051354581094400	
1350040029767221248	
1350044075341213696	
1350058540753317892	
1350063937266487298	
1350065344992329731	
