1253935161143488512	
1253921065299935237	
1254413057654050816	
1254420113312190464	
1254469680242147328	
1254504409192558592	
1254553370020347904	
1254420106861395968	
1254228093872377857	
1254334037226708994	
1254213619429994501	
1254223683813400576	
1254845294438543361	
1254801878208020482	
1254830947964346368	
1254858616667901954	
1254859626991902720	
1254888074556784645	
1254799736109842432	
1254785262879600641	
1254695815924166656	
1254701837308944384	
1254701845575917573	
1254785268072116224	
1254709008058822656	
1254737288736788480	
1254748269126664192	
1254748274696712194	
1254758233828253696	
1254765127590531073	
1254770240413552642	
1254777584681775104	
1254777592311209984	
1254779469178400770	
1254713579829428225	
1254830939563126785	
1254823147213221888	
1254815967239999488	
1254823138061254660	
1254808099283746817	
1254944182340214784	
1255162850881961984	
1255158976628396032	
1255155103494885377	
1254978789760622592	
1255122733094051842	
1255107215574347777	
1255110024260550656	
1255110033269862400	
1255111640497954816	
1255121111076843521	
1255134413987307522	
1255128663332237320	
1255129124667944960	
1255129183983828993	
1255130826443853825	
1255120996643864586	
1255132631726911494	
1255155921082150913	
1255091383947444224	
1255087891300052999	
1255214084481376257	
1255137069422108675	
1255243156456714247	
1255169794870919168	
1255168099898347521	
1255164765778833408	
1255139853726965763	
1255139872752283649	
1255144849776373763	
1255147221739114502	
1255147271101968384	
1255089378973679616	
1255147278005747715	
1255207542910709761	
1255200374601822208	
1255169800604532737	
1255184275529293825	
1255084440168140806	
1255014145298030592	
1255050887216553984	
1255057095839318016	
1255071026867630085	
1255073037625352193	
1255078756185759744	
1255069735126999040	
1255082189106155520	
1255132694507225096	
1255135513721225217	
1255172582535544832	
1255177092456579073	
1255080822899646464	
1255557462008233984	
1255523495334875137	
1255527122434695168	
1255527782253244416	
1255528276623269895	
1255528962157092871	
1255529435631140866	
1255491415670427648	
1255522615990632453	
1255542128861605888	
1255546404660932608	
1255556340467949569	
1255563137056509954	
1255583909410029568	
1255591825387081729	
1255641793338634240	
1255542137547927552	
1255517449283305472	
1255516960504324101	
1255498602744610816	
1255316894439092225	
1255322431012700162	
1255531428399456257	
1255497602537263104	
1255641798833090560	
1255494311111688193	
1255446104847667200	
1255350741163786241	
1255487240110780422	
1255435444982091776	
1255420322297364480	
1255420330052661248	
1255427744973946880	
1255431163881103360	
1255436914431270913	
1255443159699664897	
1255471912760872962	
1255479338138468353	
1255479347080843264	
1255484496469778436	
1255450130041487361	
1255462854356086792	
1255670724280254466	
1255718540113399808	
1255740051184431106	
1255799535433125896	
1255811525849186305	
1255813286739787777	
1255814233146773505	
1255816893690261505	
1255818656350638080	
1255822092118814720	
1255822097709817856	
1255839204875042816	
1255843048212312065	
1255843864893480960	
1255902623460286464	
1256005184213250049	
1256005177061998592	
1255867425230393344	
1255869343189159940	
1255880477736501249	
1255880483235229699	
1255888153807740929	
1255888169351987200	
1255891417936863233	
1255895201127690240	
1255895577671290881	
1255899809623539713	
1255903682681593857	
1255938363531522048	
1255942496938364928	
1255942498620329985	
1255945406556471296	
1255983412076089344	
1255987178963759104	
1255994361487044608	
1255997878184501249	
1255890096320065536	
1255648331100901376	
1256181458726645760	
1256149003403587584	
1256188883672330240	
1256169758447132672	
1256167001698918401	
1256162725253677056	
1256159564853993473	
1256144600260947968	
1256144593579585537	
1256141576998236160	
1256191656233058304	
1256196311268814848	
1256248282696708097	
1256078911261171714	
1256276715912826880	
1256277718733189121	
1256343653435404288	
1256290931495428096	
1256333216874508289	
1256240606923223040	
1256240601449639936	
1256233175120052225	
1256227148991549446	
1256219965750902786	
1256218843300548608	
1256211285840031744	
1256203609504485376	
1256203604010037249	
1256269537588076547	
1256099297755492353	
1256036127078674432	
1256196316633260034	
1256517453615636480	
1256460171896733696	
1256410600105668608	
1256373105296961536	
1256622625293348865	
1256622631828066305	
1256644640599494656	
1256658996636692481	
1256694972813701120	
1256599327339737088	
1256573291457724418	
1256558827555581952	
1257019732974166016	
1256949901335785479	
1256961713888509952	
1256971420569006080	
1256998843687682048	
1257034330414579712	
1257452087744569353	
1257404777748549633	
1257404772002312195	
1257339200527110144	
1257390049848635393	
1257381373171634178	
1257375456535425025	
1257359470495256577	
1257345006714720259	
1257343723433865217	
1257340413981134850	
1257395210121809922	
1257338662955765762	
1257338083642691595	
1257335982191513608	
1257132371075186688	
1257153866862223361	
1257188846539702275	
1257195647997894657	
1257224215360442368	
1257332195586445315	
1257250159798427648	
1257255090580307968	
1257251276867371010	
1257259958963339264	
1257261047226007554	
1257264977360179206	
1257276169080180736	
1257291578621808640	
1257293509742202882	
1257296753889611776	
1257303906926772226	
1257309526845341705	
1257321381261242369	
1257324127695679488	
1257315666920476673	
1257653538936639490	
1257653575553028096	
1257660706356264960	
1257661344427528192	
1257671393904226311	
1257613012267130881	
1257652540818157569	
1257645488444043271	
1257616922524311557	
1257771824563187712	
1257481150240395267	
1257572500835192833	
1257572507608989697	
1257594643274805248	
1257595909942030337	
1257595920276848640	
1257598788706996224	
1257600100286816256	
1257603300049985538	
1257594649008431104	
1257608862732967937	
1257645480114130945	
1257616421514645504	
1257682729639964672	
1257688642576961536	
1257694829523415041	
1257710433990926337	
1257679528903806976	
1257711609142804480	
1257712686797713409	
1257712692329975808	
1257725139619164160	
1257739107930796032	
1257711937191923723	
1257674761682878464	
1257673905730318342	
1257626109505667072	
1257978307317915648	
1257910353104519168	
1257912499556413441	
1257917147117846530	
1257917153572864000	
1257974150066405376	
1257919910744780801	
1257960178588110850	
1257960184208490496	
1257960190411849729	
1257963690671910915	
1257966557097086978	
1257969604053422081	
1257949357032132608	
1257881661666025473	
1258038581303496704	
1258095837713887233	
1258061956155617280	
1258089157777223681	
1258082021395628032	
1258078344274378753	
1258074187765178369	
1258059964330868736	
1258042343149707265	
1258059062694096898	
1258051393233006594	
1258048661252182021	
1257978313143771141	
1257977154026958848	
1257971138820321280	
1257973077083918337	
1258095830868701185	
1258006094674182151	
1258152830919045121	
1258125900878503936	
1258032443770253312	
1258100718205952000	
1258110295660130304	
1257980955727327232	
1257985477325422595	
1257985450016473089	
1258014791202795522	
1258030002240548865	
1258025753704349696	
1258009388985417731	
1258034167008411649	
1257989736964259843	
1258001392201015297	
1258207192693370881	
1258468543156252672	
1258465641926803457	
1258433487843004419	
1258460585492189186	
1258458218012917760	
1258458212816130048	
1258447280421683200	
1258253360953614342	
1258436066912043010	
1258468894832025602	
1258471663273824256	
1258468536118153216	
1258397242672721920	
1258396950467993600	
1258384113221816320	
1258383604650053635	
1258381076952727554	
1258376816252686336	
1258368748697776129	
1258366044730777602	
1258362216807460865	
1258356160769466368	
1258353382978285569	
1258349309256499200	
1258386098570608640	
1258360932746457088	
1258390564929765376	
1258347106659471364	
1258396956541415424	
1258310111933501441	
1258310238173724672	
1258325211566338048	
1258329265231335424	
1258329668878467072	
1258339430944788480	
1258339936580689921	
1258347609498038272	
1258317281878147075	
1258480237437833216	
1258432554337615873	
1258400728432947200	
1258405721802227721	
1258407906837434368	
1258281941201113089	
1258258523156144129	
1258413539242373121	
1258418156307197953	
1258421220581601281	
1258399366135648256	
1258510056267513858	
1258790653128933377	
1258798710076485632	
1258798717051658240	
1258805379015733248	
1258812922802757632	
1258827910435074049	
1258834695896227840	
1258797963423318016	
1258783354989600768	
1258776063158571008	
1258699049273720839	
1258768381450190848	
1258768390207897600	
1258667958852677632	
1258706098103566341	
1258708755417427969	
1258713013277745153	
1258723850746859520	
1258746238293340160	
1258746244739940353	
1258708750065471488	
1258656019451793408	
1258553967987941376	
1258554093758369793	
1258753789500076034	
1258871561756438529	
1258871057710112768	
1258760954185015296	
1258694014703828992	
1258686848303427595	
1258604551361294337	
1258672119921008640	
1258684579293966337	
1259183870986997761	
1259181339233914881	
1259033248887259136	
1259033752895778817	
1259033758671319040	
1259098180848779264	
1259105603265245184	
1259126874359250945	
1259169518611357697	
1259018783361921026	
1259004564453253121	
1259129518792425473	
1259480829052370944	
1259452641093939200	
1259523356761575424	
1259530530619449344	
1259530536772485120	
1259528627621789696	
1259431752491249664	
1259410611638697984	
1259558593952575488	
1259422694757371904	
1259584257187430400	
1259577084285841409	
1259368596091723776	
1259368589691240448	
1259386206091046913	
1259382554999664640	
1259846741299531777	
1259859257605971971	
1259772125998612482	
1259773383941607424	
1259863668294070272	
1259863852268654594	
1259868613747650560	
1259868756412559361	
1259846766364672001	
1259876200555544576	
1259877819418505219	
1259765835217821696	
1259765829756792832	
1259757807508881408	
1259671329856348160	
1259671337267650562	
1259678249874907137	
1259727953719508994	
1259885364220579840	
1259921228548075520	
1259663786815832065	
1259943247427678209	
1259934444212768768	
1259844458222419971	
1259780931436507137	
1259784448381349889	
1259791998464090112	
1259795647042949125	
1259802950546780160	
1259802959166074880	
1259803864989003777	
1259806343793307649	
1259795779813810176	
1259826101536403457	
1259813260552962049	
1259949041200140288	
1259835413411160064	
1259831527422283776	
1260211397817888768	
1260049323779174401	
1260091352139706368	
1260139682454593536	
1260293557618786304	
1260199733777358849	
1260204345699610624	
1260209363115020288	
1260202991979814914	
1260195769287614466	
1260126584138133505	
1260183219967873027	
1260275611769147403	
1260139720627159040	
1260021150358228996	
1260144829520056320	
1260146838843166721	
1260147706498080769	
1260154139243188227	
1260159845161934852	
1260159913797582848	
1260181627495424001	
1260021141554384898	
1260161569159122945	
1260162062962921472	
1260220589702348801	
1260226004330508288	
1260227091079053314	
1260275309988818945	
1260220324819251200	
1260235069735661572	
1260246886679638016	
1260256938769575937	
1260261343573053440	
1260162549418516480	
1260234528565497858	
1260559065219862528	
1260565459130216448	
1260570492508835840	
1260573779102752771	
1260588134389084160	
1260593143659012099	
1260465945098715136	
1260409451871272960	
1260452354190647296	
1260597931482255366	
1260599568854650880	
1260529236151947266	
1260536407405162496	
1260536413038100482	
1260528968647639042	
1260538295756263424	
1260538311862480896	
1260540294228926464	
1260548301977464835	
1260558050970046465	
1260526639408087040	
1260521697351888897	
1260520824890687490	
1260477150559449088	
1260491993186172929	
1260492000480104455	
1260496796050169863	
1260499298866860036	
1260501553963839490	
1260508410765869056	
1260558056787546112	
1260559059008151552	
1260617076454027266	
1260623731417731074	
1260645499603836928	
1260654185457967106	
1260716720961941506	
1260661480518631426	
1260603107224018944	
1260409443860144128	
1261065771133759488	
1260843558669479936	
1260928217268891650	
1260923455190507520	
1260922201198354433	
1260918681636229122	
1260918675936120833	
1260899475159232513	
1260857904166400005	
1260896655844368386	
1260891270190415872	
1260887583523037186	
1260884942113902592	
1260882585024069634	
1260837765308010496	
1260872070960947200	
1260867147607298050	
1260742261903462401	
1260756984048959488	
1260744908698087424	
1260808703139168257	
1260787941460152321	
1260786435382108161	
1260786426158788610	
1261036954025463808	
1261029529880948736	
1261016075707101184	
1260994428518330368	
1260980087945433088	
1260977569920282624	
1260977563674873857	
1261036959482343424	
1261051556083847168	
1261051551017136128	
1261051044491980801	
1260970264382148609	
1260948128875741187	
1260955674533441536	
1260956020869914625	
1260963097277108225	
1260963103304331267	
1260964215336112128	
1260970269901910017	
1260955668988608517	
1261000828682416129	
1260931225100840962	
1260933400241692675	
1260931779927523330	
1261171973922582529	
1261103773893586944	
1261103779530674176	
1261207707102572544	
1261296143067217922	
1261228972878123008	
1261372546139582465	
1261299043063349250	
1261300582385463296	
1261300588400132104	
1261303349556609025	
1261305795570012167	
1261315043452309504	
1261316042862755843	
1261288037322981376	
1261322214634221574	
1261281089131212800	
1261228978804625408	
1261232502892564480	
1261235906918285312	
1261318097794994176	
1261236131263381504	
1261295913198252033	
1261288682591596546	
1261378314842841090	
1261291493073051648	
1261285987260362752	
1261288489288519680	
1261243077576069120	
1261294009667985410	
1261247912727785472	
1261413578029989888	
1261324208401010691	
1261408653980008448	
1261329520470056962	
1261329527386472449	
1261332525437218816	
1261339959492927488	
1261339964723232768	
1261347502457933825	
1261365370968879104	
1261243198510297089	
1261361971032514560	
1261332532814999554	
1261327983538659328	
1261274415980965888	
1261258545032355841	
1261266096901873664	
1261272985119358978	
1261278936811495426	
1261281069996797954	
1261322223966515201	
1261222050795945984	
1261435457746767873	
1261255982921003015	
1261258536656400384	
1261545931846979584	
1261664722157309959	
1261537389123481605	
1261723870777626624	
1261723876800688128	
1261749007719649285	
1261530204880568321	
1261723117790978048	
1261715816774430721	
1261711510960775171	
1261999303184142336	
1262006470092021761	
1262043085946548224	
1262020434150612992	
1262037439767437313	
1262103090766856192	
1262093038890872833	
1262110905808023553	
1262114415425368065	
1262118334167842818	
1262121225117036545	
1262125522185674754	
1261950347649495040	
1261908329485361152	
1261906432582053889	
1261899007887937536	
1262156584253181953	
1262128145244667905	
1261900897036021763	
1261893974719033345	
1262405480082665477	
1262411257484730368	
1262405473942114306	
1262404293837152256	
1262418435184529413	
1262404098172706817	
1262389507359477761	
1262384252571828225	
1262382068744499211	
1262399350677868551	
1262376540647469056	
1262420180178579456	
1262488130382249984	
1262485133954658304	
1262477594827452416	
1262416405389025281	
1262470401050816512	
1262419311366246405	
1262425982964600841	
1262422179527962624	
1262446604285403141	
1262376534876106752	
1262367756407758851	
1262312990889480192	
1262308456192544768	
1262305815379062788	
1262291345906921472	
1262269455146430473	
1262213078306832384	
1262448144777764868	
1262206036544380928	
1262374898539704320	
1262323436421967872	
1262360429335961600	
1262358523909771264	
1262354206062792705	
1262348533820280833	
1262333884114452482	
1262331691496026114	
1262331120181338113	
1262345830406610944	
1262497960832598016	
1262279386792747008	
1262839202548342785	
1262820316859953152	
1262845872825462784	
1262832167685550080	
1262540360133181440	
1262576226536808450	
1262690824590184450	
1262682944235171841	
1262682937486528513	
1262677725623574529	
1262669585687277568	
1262661158604902400	
1262646568781377538	
1262639894288936960	
1262639888815407104	
1262625811489669123	
1262625804225146880	
1262597365577297920	
1262825124908032000	
1262551433162846208	
1262691992233861121	
1262741044304715776	
1262737270072913921	
1262723428664082432	
1262721307046629379	
1262721301422063617	
1262719892664573955	
1262753769659314180	
1262755174155575297	
1262758048923152386	
1262812768538734592	
1262796681407418368	
1262732695479730176	
1262795437204856832	
1262817181118558209	
1262758043646746627	
1262765216204378114	
1262768109594632192	
1262772901666623488	
1262746723090219011	
1262781220863258626	
1262782569608863749	
1262783130261426186	
1262785380987912197	
1262774626599518208	
1263216942652944385	
1263134327212253191	
1263181327517401088	
1263245381686530048	
1263137355076165633	
1263138951662940161	
1263120434184122369	
1263105766879227906	
1263096676702728194	
1263094382590296065	
1263095908801015811	
1263121896914198536	
1263216443501326339	
1263174170369642496	
1263150383506927617	
1263141181493350400	
1263139590032031745	
1263138945639972864	
1262995987422867459	
1263049063248941056	
1263039273738973186	
1263037994631651329	
1263030795469455360	
1263026739590168576	
1263017505338961920	
1262952832480788484	
1262917095391518721	
1263061474660016129	
1263445825214017539	
1263316728454340608	
1263580720401756161	
1263578587623350272	
1263416390406426625	
1263400782474272768	
1263324152850595840	
1263319620313739264	
1263312324355436544	
1263556562234179584	
1263537685429252096	
1263529237916639236	
1263523215860621313	
1263519321432576001	
1263497417430724608	
1263490010461794304	
1263487235879395330	
1263467859356848129	
1263460566116339713	
1263504846814015489	
1263530391933075458	
1263785689344139264	
1263816143812169729	
1263809328009617408	
1263807719082868738	
1263807712632008704	
1263801801314168833	
1263821698736013312	
1263828012442816513	
1263823943900844032	
1263902721591017472	
1263902714385166336	
1263874410173198336	
1263723535710576646	
1263867106916880384	
1263779579937857548	
1263852402471403520	
1263689305240682496	
1263695350621036544	
1263843168258330625	
1263837284912132099	
1263837910484135936	
1263778149948518400	
1263776765744463874	
1263766365627965440	
1263763653951700993	
1263762098074591232	
1263740770525130753	
1263738001823133697	
1263772977163915264	
1263765237070729216	
1264168980735946752	
1264189734374408192	
1264196774064869378	
1264224570707451904	
1264251497082163201	
1264260823779704833	
1264282084832501760	
1264293289370386432	
1264212375965626369	
1264078882535116800	
1264071572949630976	
1264120270085779457	
1264101150254485504	
1264494487012851712	
1264487329567141888	
1264487318955622400	
1264461276782096384	
1264445796591665152	
1264672282615508992	
1264629625788829697	
1264565200255979520	
1264615158657105920	
1264749046708662273	
1264741869742731264	
1264804655361474568	
1264811951437131776	
1264812080063864832	
1264811956990402560	
1264871108773203968	
1264868140518977539	
1264860423725121542	
1264856116447424516	
1264847813910777858	
1264913759199518722	
1264907851438321664	
1264904830083985409	
1264893119855603712	
1264893113992003584	
1264878260720033793	
1264946273746067459	
1264948087199617027	
1264915168544374784	
1265032911188713473	
1265019575021613056	
1264952197386821639	
1265003472300072960	
1264990639189397504	
1264975769513721856	
1264961697208385536	
1264959167401467905	
1265034043726262272	
1264920891273744384	
1264937546233942017	
1264877622699442176	
1264876659142004737	
1264940752112664577	
1264937588613414912	
1265280283521187842	
1265293920470274048	
1265296652748746752	
1265296663049994241	
1265252875497689088	
1265251907532185603	
1265245578973155329	
1265216534353453056	
1265245573562523649	
1265238136323313664	
1265227801432645633	
1265224438406172672	
1265223294766088193	
1265223288348794880	
1265392786473234432	
1265353256932306944	
1265273372201545734	
1265274633797767169	
1265356542099906562	
1265341200992632832	
1265319551551434757	
1265316323879456768	
1265303819795103744	
1265261415004176385	
1265265162728202243	
1265267935188221955	
1265269050134999040	
1265218130529284096	
1265253866913726465	
1265259504427556865	
1265097838477799425	
1265169066454441985	
1265175979837677568	
1265211206899429376	
1265679262360702978	
1265675527332835329	
1265675521859317760	
1265672081431289857	
1265632895395299328	
1265641797767671810	
1265525668655304706	
1265631049436008448	
1265690621697613824	
1265779578833825792	
1265741957516558336	
1265706358160060416	
1265699428700057600	
1265604149313449985	
1265692428201271301	
1265601594906771456	
1265590824911462405	
1265570833642250246	
1265535852907769862	
1265528931916136448	
1265606439571091457	
1265970965374095361	
1265963668958638081	
1265978387329241088	
1265990989665103877	
1266000550132211714	
1265998274051207168	
1266081569497739264	
1266024335774449675	
1266020046154817538	
1266020039615852545	
1265955286357086208	
1265952486030008321	
1265946808657666048	
1266100949203906560	
1265944605675212800	
1265903271333384192	
1265881629844594689	
1265959753311645699	
