1350065350973427712	
1350513414792126464	
1350462827639656448	
1350333349391286272	
1350300540559888386	
1350299981853421568	
1350470129155416073	
1350627397591310338	
1350626722987839491	
1350844597228904448	
1350842011969064960	
1350765915701469184	
1351200620573847566	
1351317210472488967	
1351288645752221696	
1351257316721455105	
1351230643380883458	
1351207238451539971	
1351102547365396481	
1351105312108007427	
1351026165578936321	
1351016987904909313	
1351126836282060800	
1351176395251208193	
1351166057294270470	
1351136832394821635	
1351131245921644544	
1351141034751713280	
1351489601433526275	
1351489822590955520	
1351500906190295040	
1351509235415175168	
1351487712797212682	
1351487707617218567	
1351633668620488704	
1351571370207973376	
1351344009604526080	
1351365783973085186	
1351367421936848896	
1351369358774251521	
1351371248379559939	
1351581827488641024	
1351597566907957251	
1351597572645810178	
1351617813094436864	
1351603356523851776	
1351365778482761732	
1351838628545228802	
1351930958862307328	
1351897658823045129	
1351840157167624192	
1351840163194830851	
1351842405935321089	
1351846937100759041	
1351869587151704064	
1351977595768860678	
1351958511677222918	
1352001920764948481	
1351962461784612864	
1352011410964946945	
1351942528732459011	
1351819374173302784	
1351760754605658114	
1351690167912812545	
1351732320181514240	
1351733707783118851	
1351762016562671616	
1352271625261969408	
1352231974539296769	
1352302197560623104	
1352302203558453249	
1352315942408245252	
1352316544089374720	
1352358445446402049	
1352359954720538627	
1352379837910970370	
1352252247669936133	
1352257024558469121	
1352257132285071362	
1352266347183394817	
1352379843921408001	
1352162898957783040	
1352230605497401346	
1352185431480123393	
1352186956650741763	
1352190326182719489	
1352195482764775427	
1352461121723142148	
1352465273769521153	
1352468420248309763	
1352472823252455425	
1352544045583589378	
1352647212824731648	
1352647980390596609	
1352547825557544962	
1352696558240768000	
1352662317914316803	
1352677431602077697	
1352689250756554752	
1352699189113671680	
1352717813060825088	
1352565812075225088	
1352632792820166665	
1352639915448786948	
1352630866120372224	
1352628334816067592	
1352616523001544705	
1352606943735590917	
1352596877225713664	
1352591433845403652	
1352601917256462337	
1352576744918757376	
1352572983512952837	
1352569590878924802	
1352566678224310273	
1352565817334927361	
1352583931493666820	
1352882395570085888	
1352868305556566021	
1352829678067671042	
1352968719224328193	
1353055165234827264	
1353026596429389825	
1353255101108940800	
1353304560270405634	
1353340540197081089	
1353633968982257664	
1353689075803435010	
1353682677287710722	
1353690725494349825	
1353704563866386432	
1353712432204689411	
1353716756569710592	
1353724593861701632	
1353728081287065602	
1353733635480842240	
1353680266003271680	
1353534820006039553	
1353534826247200770	
1353542379915993091	
1353571063695728641	
1353599247254310912	
1353740549426089985	
1353606552834306049	
1353762325421940736	
1353745420569235462	
1353661025334124549	
1353653734471917568	
1353651183580291074	
1353648948687249409	
1353642517225476098	
1354123703525679104	
1354137206684835840	
1354151133460140032	
1354173279255191552	
1354173285026553856	
1354180454342004738	
1354116534625398784	
1354115754971582466	
1354022535134736389	
1354022849623830529	
1354029706195083264	
1354041395820957702	
1354116540715548678	
1354009938209681409	
1354006810584203265	
1353914074875105283	
1353914081292427264	
1353921240159772675	
1353957608093192192	
1353979373422997504	
1354048945446670339	
1353999872152637440	
1354064045041610753	
1354107878907342848	
1354067820359733248	
1354100801745022978	
1354100807449202688	
1354080402735030274	
1354076627643240448	
1354071735721594883	
1354404806249463810	
1354397754571673600	
1354430930774061056	
1354466288916197384	
1354481800152682500	
1354484078863474688	
1354485457967484928	
1354512515099553792	
1354379771359219713	
1354387425909497858	
1354390585822507011	
1354397761337061376	
1354398756272222214	
1354441168172445697	
1354402525948985350	
1354425174419001344	
1354433982444650497	
1354455287353237512	
1354445307539501061	
1354232933335277570	
1354368696962048000	
1354347178366443523	
1354348190359666691	
1354355356596490241	
1354348182239539204	
1354827377046548487	
1354807695728021510	
1354798019380559873	
1354761659957436422	
1354789703569047558	
1354793853790740483	
1354834487478276096	
1354938319159709703	
1354865843583164416	
1354759717130801157	
1354772463280820225	
1354636086580940804	
1354735359423221761	
1354747314146070534	
1354720895814705156	
1354754485642354691	
1354749706732138497	
1355123599343022080	
1355197765148667905	
1355193990467883011	
1355190215367770112	
1355092962242224129	
1355088312537468928	
1355027657151246338	
1355023756448595975	
1354991925309263876	
1355102529118375942	
1355168961801973764	
1355186440544505860	
1355183930589077505	
1355178281700474882	
1355177181886951428	
1355165049585872904	
1355138626972045313	
1355133592301522946	
1355088321022582785	
1355125313852895235	
1355195768802426883	
1355272651699150849	
1355253646221426688	
1355243336219545600	
1355232006364250115	
1355207473540423683	
1355202945260785665	
1355200050171760640	
1355200044438196226	
1355272646640852992	
1355330380526710785	
1355584074446905346	
1355634911172935682	
1355641580003094529	
1355402375532429315	
1355467934701764610	
1355402381115047937	
1355404139866378248	
1355416723545968642	
1355425400931803141	
1355440615635505153	
1355547590331273218	
1355569732007514117	
1355569744154304519	
1355569737925709828	
1355985846927642625	
1355959303610359808	
1355899531540393984	
1355813838378045442	
1355793073511354371	
1355777856362606596	
1355928343674187783	
1355849319723585540	
1356228834253623301	
1356214225790595074	
1356228840033460225	
1356236363834732544	
1356371654968897537	
1356364107763437568	
1356296253626343434	
1356298409397796865	
1356278276017188866	
1356198125216522241	
1356258086743396354	
1356241286911590403	
1356264133587587076	
1356269845461917698	
1356274745868750848	
1356277014412447745	
1356278942404124673	
1356617129634619392	
1356631355665211394	
1356631361642131458	
1356638145165414400	
1356644939883442177	
1356647164877889538	
1356687848921944066	
1356577236762124289	
1356537111357186048	
1356545660762288130	
1356559049748324352	
1356573216106455041	
1356730635553972224	
1356537104344379392	
1356908034677764128	
1356957828234248195	
1356910691085545472	
1356912564416860161	
1356924142600159232	
1356941521619091456	
1356939240462929921	
1356916591338926081	
1357028579280883716	
1356869548847230976	
1356824256328257537	
1356963124386160641	
1357022287803936768	
1356961276128190464	
1357014738769649665	
1356967705530814464	
1356982022871404544	
1356971955937628160	
1356997520438648832	
1356992088513142788	
1357311214267682817	
1357334343606280194	
1357306274485002243	
1357330568699015168	
1357239859845287936	
1357126996405309441	
1357197467045961730	
1357284948663808000	
1357225644812238848	
1357239865218273280	
1357413000664125440	
1357378017413132291	
1357369965842624512	
1357369576430981120	
1357278259340320771	
1357296610133221376	
1357762553464508417	
1357668185818898438	
1357704419270221825	
1357697990346080258	
1357671566130114561	
1357713340299161604	
1357720641236008965	
1357725420871766018	
1357709314648137736	
1357687553936285703	
1357765824640020480	
1357744564581244928	
1357630049189466114	
1357651449040130048	
1357658618930155523	
1357615585660530690	
1357521085076361216	
1357586142267273216	
1358073859144962048	
1358181688841445376	
1358112104725831682	
1358088333214162944	
1358079642565939200	
1358066436652945408	
1358009179663867906	
1358007545676271617	
1358072727299526660	
1357994959975026688	
1358310415151734784	
1358310041103704067	
1358418008100638722	
1358389930746142730	
1358353449260228609	
1358353454771539968	
1358752453349490691	
1358900688177172480	
1358785155159134216	
1358789694155198465	
1358800253269364737	
1358811085583704066	
1358692429856055301	
1358689914208980993	
1358743629855006727	
1358732821850857475	
1359170078625964046	
1359191720374620160	
1359165993063485450	
1359196185974702080	
1359223039561527305	
1359256270973247494	
1358979954084515840	
1359096480158519300	
1359155232303943695	
1359119631596752898	
1359543667556425730	
1359536624451813376	
1359531823383126019	
1359477213716901888	
1359502389716258820	
1359492313211404293	
1359451241240289284	
1359514849470869504	
1359522029322440708	
1359525038412693505	
1359529322176909314	
1359471696596533250	
1359472190274613248	
1359435455737995266	
1359466895548715014	
1359449811389272069	
1359985954673414146	
1359968340521873409	
1359961176201859073	
1359953867568386049	
1359890962001002497	
1359894972011597831	
1359898252837965824	
1359905421465554944	
1359819469560770565	
1359902518327836672	
1359889202607910912	
1359847151182962691	
1359835826956468226	
1359831435213819907	
1359883670320934914	
1359723228634095618	
1360274970572591104	
1360288704556765186	
1360281780226387968	
1360280005272551425	
1360277513839149056	
1360274485501329412	
1360274479247544320	
1360266162383302664	
1360288710240075777	
1360248546146938880	
1360036413257830400	
1360209811074260998	
1360163055028625409	
1360148027957125124	
1360148022642896899	
1360216848273342464	
1360256715783028739	
1360241510336270344	
1360216855399391234	
1360234515554271233	
1360224158529900546	
1360219744754757633	
1360033139100295168	
1360238624336355329	
1360291849164869633	
1360248820509024257	
1360519348503289856	
1360665526616416259	
1360813029915418630	
1361027195011932160	
1361020266109804545	
1361005426255351808	
1360956740171272192	
1361056256836866048	
1360810263264460800	
1360877832314839042	
1360769308570361858	
1360768315841470466	
1361363662099779585	
1361346166542135298	
1361317358023811080	
1361317352260784134	
1361370829334794243	
1361348936737284100	
1361303014116495360	
1361301735961026560	
1361336969758842880	
1361213676213047297	
1361286636554838018	
1361279086845255685	
1361294186062970880	
1361778895129731073	
1361700001009704962	
1361722402992840707	
1361624204647538690	
1361679056366886913	
1361664898569134087	
1361650282413903882	
1361636183495835648	
1361635705139568643	
1361635700022550528	
1361621104058454016	
1361688031208615937	
1361522325833752590	
1361512640212688901	
1361771720017727490	
1362031547315019776	
1361977074605379586	
1362020220085424133	
1362024001300811784	
1362012942699356162	
1362027770285617153	
1361890000892088320	
1362085034685960194	
1362100889519943681	
1362093844221730818	
1362085039933034499	
1362057969119219724	
1362039094356942850	
1362056225211314178	
1362051118356975616	
1362054201342222336	
1362151097326915587	
1362443006033420288	
1362424375652327425	
1362419746499555329	
1362346761273114633	
1362200545679740929	
1362375958276104193	
1362375058933440512	
1362810315713351686	
1362882036881522691	
1362788304278540293	
1362817749521633280	
1362772795734843392	
1362762269424312323	
1362817743012065283	
1362820633810231300	
1362803020312944640	
1362877886164705281	
1362841906720382980	
1362559663196135429	
1362557147737853955	
1362561903407562754	
1362593019887640579	
1362709146622062593	
1362723366881267714	
1362716324976189444	
1362714327988531200	
1362682725279223811	
1362701849996849152	
1362668126928740355	
1362846297330311169	
1362979116962746369	
1363022596611080194	
1363202537441005568	
1363460481567064065	
1363612224804196361	
1363462863432654852	
1363535473126252545	
1363589524375416835	
1363506531761721346	
1363614995385180162	
1363808642546368517	
1363902026833395719	
1363900576740872193	
1363926535456096257	
1363938997995642880	
1363915757445332994	
1363903884079472641	
1363715917021028353	
1363742958873313282	
1363772528800509954	
1363794296336306182	
1363694269886648321	
1363899498280464386	
1363819497254227970	
1363962539483164673	
1363817102629498892	
1363881749990703113	
1364173294765674500	
1364071372041822213	
1364254940085030913	
1364178076985270274	
1364183319949299715	
1364339515293192200	
1364244107481260033	
1364025582967693317	
1364233177779343362	
1364286416121851904	
1364269460505440256	
1364528133530075138	
1364516430843027456	
1364507039800647680	
1364465972665479168	
1364589703022936070	
1364581867400298502	
1364560712555634692	
1364701779384954885	
1364661513366081536	
1364658489851699204	
1364636209478205442	
1364632570944651266	
1364629801982599168	
1364538328498929665	
1364560094038396928	
1364960846812569600	
1364979720962588677	
1364957071985283081	
1364950550597484554	
1365025799259058177	
1364919323077324802	
1364918839926956032	
1364908007134552067	
1364907130151526401	
1364975947242500111	
1364983499489386496	
1365061898861826049	
1365033090121277440	
1365025791956770817	
1365015601781956609	
1364950167284305923	
1365015595893227520	
1365047553876656129	
1364998603593314306	
1364776772286382082	
1364987271095623683	
1364745318563160064	
1364782519854526465	
1364867526715400192	
1364783931892056066	
1364800522369306627	
1364835411705556992	
1365260467334045697	
1365344141819801601	
1365358482522734593	
1365358489556512768	
1365360993140957185	
1365405038848348162	
1365376226441924610	
1365383634509774849	
1365387676761743362	
1365376088071806979	
1365257565433589763	
1365243962072702976	
1365229309301051393	
1365173636374564867	
1365162821663608833	
1365148597793120258	
1365126953938735110	
1365336701372166147	
1365255294356398087	
1365270512222396416	
1365260460073705477	
1365331979101753350	
1365322495201398793	
1365308136614023168	
1365307906149638145	
1365307900302749697	
1365274558706577409	
1365368799160008707	
1365551342736076801	
1365708276411871232	
1365676830502514688	
1365671295795437568	
1365487021398048779	
1365456125316001793	
1365546846119096320	
1365578931714150402	
1366074710623092737	
1366147415489798147	
1366028143237107715	
1365846019595005954	
1365914766946934786	
1365930125703831552	
1365848312092512259	
1366414778474893315	
1366365236425498632	
1366430172816183297	
1366487919096000513	
1366485896158187536	
1366482120634490882	
1366419385980760065	
1366342734827507712	
1366342729060347907	
1366357059910864897	
1366877748942184450	
1366784128792764420	
1366790173585928192	
1366798305062227975	
1366798972707201024	
1366782852327735296	
1366775695037272065	
1366762719597142022	
1366754049563889671	
1366603810634821633	
1366661439407067140	
1366681319602749440	
1366695676055228419	
1366710392978726915	
1366805781627035649	
1366826025007517696	
1366834206588899328	
1367051007348277255	
1367052126745030656	
1367068485264629760	
1367072779208593409	
1367077243223171081	
1367080201323094019	
1367080206817660930	
1367049015536279555	
1367022823185604608	
1366949341320024067	
1366950217854017537	
1366957642971684865	
1367088032973783043	
1367189679213146116	
1367161667046498304	
1367182505644756996	
1367115041565122561	
1367123239323856899	
1367108895395573761	
1367127095533527042	
1367132616122589192	
1367166519986196480	
1367110527760158722	
1367318145447292928	
1367276743631851520	
1367319778499596289	
1367405396919525379	
1367434663279566848	
1367441717725556738	
1367536203600252930	
1367448878681706499	
1367464846573268999	
1367474913766957061	
1367524890765647875	
1367492291192045574	
1367515820394487810	
1367629568778010624	
1367801705258049553	
1367816550527340550	
1367679653163438080	
1367743822722035715	
1367765850732720129	
1367772765747486721	
1367925151954653190	
1367896207880712194	
1367896202277056512	
1367880599160033281	
1367911066714271747	
1368263893600989188	
1368263881932505089	
1368213295014973445	
1368134773718142980	
1368294580118941696	
1368133646515720192	
1368576444046082058	
1368581843155443715	
1368596064220053511	
1368895037497606144	
1368973538133241857	
1368943226418200588	
1369063519195340800	
1369001239896190976	
1368958439049732096	
1369005778258993152	
1368976445662326789	
1368950887973068803	
1368928238882480130	
1368937046950244355	
1369013061479063557	
1369271752824655872	
1369252899700801536	
1369256654911463424	
1369305726649327623	
1369302691600564232	
1369279302567616514	
1369145307041177605	
1369298917892964355	
1369383382749224967	
1369324600677396480	
1369653542601056257	
1369665147795562499	
1369656302171951106	
1369641829067497482	
1369636548572942338	
1369634147367542784	
1369626592649961475	
1369619691493228546	
1369744006058414081	
1369744000479948801	
1369737459576172544	
1369699968995323906	
1369636556793782276	
1369605346189213700	
1369543179062505479	
1369496119772770309	
1369492466143875072	
1369970104709111815	
1369973881906286594	
1369982720177172484	
1369988978544275459	
1370004217377607682	
1370004078705709057	
1369958780381888517	
1369966332339441672	
1369996536474574851	
1370097711647617027	
1369939540039757827	
1369883042941079553	
1370056897567543297	
1369881784322723841	
1369852843557982210	
1369859641308450816	
1370031696440139779	
1370038051699789825	
1370045938740424715	
1370049377763491842	
1370012154955329542	
1370011635507597312	
1370395406253821960	
1370191449384386560	
1370227566477418496	
1370320459615645700	
1370320941327155202	
1370332491723071491	
1370358918707314696	
1370340041810083843	
1370351368242925573	
1370408246813548548	
1370435696209448964	
1370392661933191168	
1370415575185326080	
1370443872669634561	
1370451162810380293	
1370415813157650435	
1370443864998174723	
1370378320341200896	
1370374021557149696	
1370631226084630531	
1370643807633469447	
1370645829422174209	
1370750528607580168	
1370798076009455619	
1370622544642859013	
1370822610347384835	
1371111385468268544	
1371100325856219156	
1371000278242058240	
1371444331924496386	
1371451643850420231	
1371437271564513283	
1371424688900034562	
1371468729867931658	
1371359034159230977	
1371414622209777669	
1371415775781683207	
1371516560666365954	
1371552799721279489	
1371487239172202506	
1371488750509953025	
1371503738297446406	
1371512768826851329	
1371429167565262849	
1371251687306883074	
1371823570301677573	
1371824347040546827	
1371827342029492224	
1371834891424436226	
1371819792080965632	
1371903357770555397	
1371879953315209216	
1371853768669679618	
1371849991468294144	
1371844220475035655	
1371843986235793421	
1371836938957811725	
1371775137905737730	
1371778274481762308	
1371782043323994116	
1371793373690925061	
1371808478491119617	
1371774493681721346	
1371738772035883011	
1371647294118842371	
1371760040093306880	
1372110609207095301	
1372110600042520577	
1372017869064531968	
1372032467528425474	
1372068065513410565	
1372139538617790467	
1372082034630291456	
1372240199581802496	
1372213637369065476	
1372217554844839936	
1372218867284537346	
1372224985851326465	
1372232278332436487	
1372232433412739075	
1372237994330054657	
1372240205084643328	
1372246357033951233	
1372298083422269441	
1372200715385442306	
1372133152261570565	
1372144431617470465	
1372146208643293191	
1372148208441430017	
1372152284239511555	
1372167080389136387	
1372197279386439688	
1372167852728356867	
1372174854183604224	
1372175783716810754	
1372179411848605698	
1372182959327866880	
1372190751723950089	
1372132247894069248	
1372370195063345153	
1372622725076819970	
1372622717787144197	
1372608945118924809	
1372607873650286594	
1372549997560963078	
1372537924357562373	
1372370186934702081	
1372459277491707905	
1372520801606328323	
1372518095802273793	
1372513509787926530	
1372510738636492800	
1372623392654954506	
1372506205764026371	
1372492112990674946	
1372487584073580545	
1372500206185553924	
1372636945830977538	
1372638945259978759	
1372636953464643586	
1372595670511587328	
1372595655420608518	
1372551696988172295	
1372568937418854408	
1372579260548931586	
1372566604341387266	
1372582767142256643	
1372593932920446978	
1372581150649163785	
1372716340360867842	
1372716347537252352	
1372781151467700224	
1372846067973189633	
1372856334538924035	
1372968374519566336	
1372861041302904833	
1373018706633052160	
1373024496316084225	
1372871723410890760	
1372907052037718016	
1372918045769822212	
1372918775327166473	
1372989765008592896	
1373315917296267266	
1373273278987440133	
1373273269529313287	
1373152980048879618	
1373523909824237570	
1373650874237526023	
1373657921414856704	
1373786390941474816	
1374114426165497856	
1374099816230367236	
1374049775574601730	
1374042461660585984	
1373843139601993730	
1373985581491912705	
1373963920482918405	
1373871580850180098	
1373948712469164032	
1373964194010124291	
1374016768998576134	
1374191813695729666	
1374403203744161795	
1374349558340329472	
1374381710243110932	
1374388267559178255	
1374377898254204929	
1374376931487928342	
1374272592429780994	
1374269952723681286	
1374330737155919874	
1374333857722339332	
1374726445335937032	
1374718921878597632	
1374718911493545987	
1374709407053926408	
1374694987372265477	
1374686179367456768	
1374677164998733828	
1374676766577455109	
1374668576527765507	
1374779055493447680	
1374794393111064577	
1374761440532303872	
1374720433052741638	
1374754268679315456	
1374749368314597383	
1374749359930105856	
1374647064642998272	
