1266007833985744898	
1266007506263969792	
1265941272461631490	
1265823370571943936	
1266043518583218177	
1266034153922887680	
1266030301765132296	
1266078032646766602	
1266036905000333314	
1266066717907644416	
1266066723301584898	
1266345435959971841	
1266280646164406277	
1266280634067988480	
1266390715115999234	
1266383441550913537	
1266378540678672386	
1266376190572376067	
1266374499273854978	
1266373881884893185	
1266368708017938432	
1266361168752291842	
1266353864304758785	
1266346445772189697	
1266403572985413635	
1266339268584079360	
1266346439942135808	
1266417919002464256	
1266467620326277120	
1266406120786141185	
1266338259421937664	
1266316751484018688	
1266404962214400000	
1266331721554735106	
1266623767473618945	
1266659757261123586	
1266609549185675264	
1266666799480754179	
1266681274762063874	
1266739532029808643	
1266802808390590465	
1266795782054633472	
1266673855772295169	
1267149863008919553	
1267009055844753410	
1267051715339010049	
1267455876299808774	
1267448701682806787	
1267529110634430464	
1267420014610485248	
1267370057883021314	
1267355844322066432	
1267291916892172290	
1267780636464594944	
1267779634210340866	
1267772216919261190	
1267765050112016384	
1267745535701606400	
1267818803024392196	
1267717473932939264	
1267844443433885698	
1267816376686702592	
1267826332127264775	
1267836279179354113	
1267840279073230849	
1267844435674402816	
1267845693562970112	
1267848991812857858	
1267860299354214401	
1267888981988962304	
1267902695353933824	
1267803477289377792	
1267796373170262017	
1267699230266687489	
1267702877587300352	
1267738240703856640	
1267830472966430723	
1268011034268188672	
1268003734795083778	
1268052681630707718	
1268053692164370432	
1268197015759974408	
1268082517539610624	
1268163169391767552	
1268179829318451203	
1268176751575928833	
1268163163897266176	
1268159916621148160	
1268148705267310593	
1268148699751788544	
1268143318401200130	
1268274015103152128	
1268262700481540097	
1268255650674434049	
1268117466544308224	
1268082760477900800	
1268060993025740803	
1268493208557780992	
1268493216610828288	
1268500385733328896	
1268500392268099584	
1268500438162309121	
1268633763531026432	
1268484110894403590	
1268504057854992384	
1268529954616012800	
1268570273130909696	
1268559527923892229	
1268555607964934145	
1268552214974521352	
1268549456301080578	
1268544551154745344	
1268537129711235072	
1268429293735960576	
1268867176015908864	
1268919254117568512	
1268861210264469505	
1268924812367327233	
1268858692297949186	
1268863889468317696	
1268865931016654850	
1268870825781784577	
1268900525170323456	
1268856236948119552	
1268817597434261505	
1268856231386509312	
1268912962707865611	
1268723233227853824	
1268804517857902592	
1268922290747478016	
1268855081283321856	
1268841509530419203	
1268909187792162821	
1268946700145586181	
1268966615443320832	
1268953876830367746	
1268951487763189762	
1268944682526130178	
1268935614373810177	
1268932830467362816	
1268929584990318593	
1268927307198001154	
1268925546056028160	
1268810426743009280	
1269147897347502080	
1269169541336059904	
1269197478189953025	
1269376033804873728	
1269304681353801728	
1269632340499693570	
1269525386926231552	
1269668458964254722	
1269977209902694401	
1269989074787381249	
1269983642891300865	
1269973234759479296	
1269966264845447179	
1269997270973497344	
1269951618004520962	
1269959196700745730	
1270064047476572160	
1270031207955402754	
1270010600769323009	
1270004132485701635	
1269852921383927808	
1270083319749730304	
1270451879659491329	
1270309867518144513	
1270313514733838337	
1270320755000172544	
1270343911651676160	
1270343920627486720	
1270343959567622144	
1270307292722819074	
1270349377509429248	
1270352774535020547	
1270306372584865797	
1270303399909617666	
1270150630791958529	
1270400908887613446	
1270232549709602818	
1270267906648010753	
1270399096390668298	
1270634334119026688	
1270634322895073280	
1270682398347280384	
1270683378401116160	
1270608526243577856	
1270545984976609280	
1270689197632958469	
1270747668546039813	
1270747963917103107	
1270789829928706048	
1270686291328458753	
1270833255692947456	
1270741278943141888	
1270693840605896704	
1270692068944482305	
1270699238314434561	
1270707006479888386	
1270715532258406401	
1270726428540076033	
1270730796467355651	
1271175020224503808	
1271167584553951232	
1270936060193697796	
1271036632955850753	
1271038981426331650	
1271042140710158337	
1270902344880812035	
1271047524724416519	
1271050547911630849	
1271064022704459776	
1270899571632123904	
1271175014604144640	
1271042147911741443	
1271044596588515329	
1271074158244507648	
1271100913084559360	
1271081115336486912	
1271091642322337792	
1271095187612356615	
1271099091834019841	
1270939204248236032	
1271086351891513344	
1271029299072524289	
1271034839039307778	
1270992936096772104	
1271102330478436352	
1271078753557307392	
1271385558279954438	
1271474608986681345	
1271484173102968835	
1271477690642706440	
1271476750900314112	
1271491718576136192	
1271300332153237504	
1271366516391309312	
1271364638253309958	
1271328143488376833	
1271306498581250048	
1271300337798799362	
1271253903355469826	
1271462904345300992	
1271462029744680960	
1271460510928519168	
1271460529123385344	
1271437094741618690	
1271429149937274880	
1271425542613372930	
1271422750360399876	
1271381369914966016	
1271403121135271939	
1271393948628447232	
1271508062587756546	
1271506332089118720	
1271444644757409794	
1271447161226489856	
1271454480157024257	
1271752190399397888	
1271745391214526464	
1271702618776014848	
1271780877027045376	
1271829568689561600	
1271878773223223296	
1272207557864509445	
1272283309033189376	
1272111557762183168	
1272048761234092032	
1272545923294322688	
1272575618593378306	
1272575624138289158	
1272555178416377862	
1272619272469020672	
1272619277648982016	
1272520282377465865	
1272527554524540928	
1272538498210205698	
1272570857815228420	
1272460857100787712	
1272469907989463042	
1272458093859753986	
1272490178838269952	
1272490184538329091	
1272379582876811264	
1272480109627228161	
1272487406260768769	
1272494584929546240	
1272499097329528832	
1272473203970125829	
1272818970190471169	
1272825008033632256	
1272712519321182208	
1272832429867188227	
1272820365169999872	
1272857705716289536	
1272850155864076288	
1272832435177181185	
1272832615129677824	
1272861484293525505	
1272840484210106369	
1272972348019228672	
1272935859440848897	
1272978019812962304	
1272906669077348352	
1272907169961111552	
1272884646452187136	
1273001924468584454	
1273001672998924290	
1272883464258441219	
1273147504150921216	
1273194910221578240	
1273217577213284353	
1273133671420133376	
1273133664122134529	
1273101452110594048	
1273085723915124737	
1273272291250573315	
1273270186381099008	
1273345194771927041	
1273367579994677249	
1273403313820590080	
1273287389226635264	
1273225720534388736	
1273247776046891009	
1273251551079837696	
1273132667828088833	
1273529780776742912	
1273555437229690881	
1273551797945200640	
1273425844162097153	
1273447100030701568	
1273448108425228288	
1273491408045789184	
1273541603274055680	
1273639879671345153	
1273639871651823617	
1273636221219192838	
1273632733001060352	
1273582373075128321	
1273573455045287938	
1273571132046807046	
1273568316846727170	
1273560045758951425	
1273558681033093121	
1273680155764899840	
1273650391767449601	
1273766973814345730	
1273588033397260290	
1273588040326238211	
1273933682277928960	
1273934324304248832	
1274015094905569280	
1273908535965954048	
1273918833225461767	
1273919720090001409	
1274009849064493057	
1273999350017019906	
1273985665273741313	
1273963264615931904	
1274042543324327936	
1274012702420037633	
1274224734981349376	
1274271298688913411	
1274662233008566273	
1274707677302513664	
1274631796307537930	
1274830593679781888	
1274974924973551616	
1275184174945587200	
1275094228713029632	
1275096736017649665	
1275089746935635970	
1275102259274067969	
1275104182853345285	
1275122629817405440	
1275004997135106048	
1275012796388749313	
1275079988320952322	
1275076062376914946	
1275049283499094017	
1275048043914702855	
1275035069145419778	
1275012809550512128	
1275023497966862336	
1275019716067594241	
1274983504850255872	
1275002830173151234	
1275004368736190465	
1275085903086546944	
1275004991724326913	
1275019724141690880	
1274876393419993088	
1274990529839685632	
1275452836726181889	
1275534863077007360	
1275483577053036546	
1275483563115216897	
1275483556584669184	
1275460250238246914	
1275455154842505217	
1275452823023435778	
1275413010132144128	
1275401419965829120	
1275394056265232386	
1275430923555663872	
1275430626213183488	
1275425741526753281	
1275439558226739201	
1275409268632506368	
1275337585053667329	
1275238027263045632	
1275225573300637696	
1275367999038386176	
1275359632727453696	
1275351241179176961	
1275337571153764353	
1275356942437724162	
1275379321516044288	
1275383097173966849	
1275891840298782720	
1275884666386436096	
1275873342675759104	
1275849714454409216	
1275840626647425024	
1275602809128226816	
1275617158278463488	
1275833200267444226	
1275818351479058437	
1275810915225440261	
1275797351236431877	
1275787205068369920	
1275781545542979585	
1275775218863177728	
1275772726570094593	
1275733160089792512	
1275744118329667584	
1275792577443311616	
1275811303378968576	
1276150653828714501	
1276037799234289664	
1276251599367626753	
1276157718634602499	
1276165384761196545	
1276172309166911494	
1276191385054580736	
1276195146967789569	
1276188315725807616	
1276067242799554562	
1276064975665000448	
1276059822605996032	
1275986838092566528	
1276071901538824192	
1275977022733348864	
1276143380850831365	
1276131161115418625	
1276126136959774722	
1276111385483710466	
1276096471822196736	
1276092160350326785	
1276090521128251392	
1276088933273817093	
1276119731574013952	
1276147762896257025	
1276518068454330371	
1276502683478867968	
1276503995138273282	
1276496614492962820	
1276489146886877185	
1276481866783047680	
1276474052505305088	
1276511295873757184	
1276468535175319554	
1276445105843363841	
1276511598992142336	
1276548286875197440	
1276544340018573312	
1276527546272747520	
1276565531487686656	
1276565890029563904	
1276657882566549505	
1276648947684007936	
1276628318310117377	
1276570061923213319	
1276355643083874305	
1276442094094086144	
1276811660028547072	
1276811653967839232	
1276848641487933441	
1276870922654253056	
1276848654175727616	
1276811775296458753	
1277206501048725506	
1277128739130753025	
1277140816142589954	
1277191526922063872	
1277339524528517121	
1277313965442269189	
1277221233285689344	
1277220219958595589	
1277213546145669120	
1277611675940618241	
1277611457786589190	
1277586387139780608	
1277558681941483520	
1277545850584150021	
1277565992177070080	
1277394740401459201	
1277631937872449536	
1277641493449039882	
1277639102813237253	
1277648020943720448	
1277692577676800000	
1277934914449616897	
1277911563366785024	
1277925109794131968	
1277930974177787905	
1277899330905489408	
1277953169415303170	
1277781918008803328	
1277896042713763840	
1277899314296000513	
1277899320189042691	
1277988402676318215	
1277989545741447171	
1277999226635468801	
1277898815555723264	
1278010411514646529	
1278000806785167360	
1278028550746955777	
1278142165214887936	
1278142170860449793	
1278300339150573569	
1278388546844233728	
1278307757708374018	
1278314553525309440	
1278319808057167879	
1278334934000828417	
1278336841121320963	
1278339148139630592	
1278263605016707073	
1278253602109362177	
1278204954981761025	
1278234529618997248	
1278575017484152832	
1278663098824396800	
1278567600864129024	
1278633900462477313	
1278715248728510466	
1278728904111349761	
1278713496117620737	
1278634040501755905	
1278641786550878212	
1278645821643374592	
1278677698005499904	
1278692415889526785	
1278523563901763585	
1278515768271880192	
1278574516055076864	
1278619057919426560	
1278622797506510849	
1279044660065980419	
1279072795251675136	
1279065246070534146	
1278970263103655936	
1278911238869671936	
1278877266185908224	
1278874877965959168	
1279022299258195971	
1279021586796777472	
1279103628783960064	
1279110679945809920	
1279034657204510721	
1279124013063614464	
1279386864269443079	
1279382197062033408	
1279378948531482624	
1279350506314334209	
1279378942097453056	
1279299671584694272	
1279321313622896641	
1279797822942924800	
1279680172690534400	
1279671240576253953	
1279811791783030784	
1279807248823234561	
1280176430559588352	
1280171294269546496	
1280159806515535873	
1280138355846656000	
1280166112638849024	
1280129189543280640	
1280190919094841344	
1280136808068550656	
1280204636318621697	
1280073015091331072	
1280117576966615040	
1279976378922790913	
1280043330957537280	
1280050753139138560	
1280072749080285190	
1280085844750217216	
1280122827295748096	
1280257491041808384	
1280150967984566273	
1280532875637653511	
1280534185589870592	
1280567024599457793	
1280492188586180608	
1280493903117004801	
1280501518316249088	
1280514809663033346	
1280519725802455040	
1280524251666296832	
1280529507263197184	
1280548654068072449	
1280484559298183169	
1280300508150784001	
1280293092243865602	
1280462062729265152	
1280453776172695553	
1280438316857470977	
1280432886752083968	
1280350463422984193	
1280393748707373056	
1280615840585416706	
1280611434670391298	
1280830967607943169	
1280963262125727745	
1280846492094230528	
1280847877988900865	
1280878053820776449	
1280827722315399168	
1280721285681565696	
1280734876996472832	
1280741674247839744	
1280802400325042177	
1280807589542952961	
1280812622762274817	
1280817655885082624	
1280822689163182081	
1280779931941695490	
1280883104928788481	
1280894389590659072	
1280883113204170757	
1280904870061502464	
1280935197605638145	
1280935203477655552	
1280935209018376193	
1280899444872019971	
1281161169227657217	
1281249517069717504	
1281271670938824705	
1281292710377291776	
1281366282135171073	
1281366288141414401	
1281219949885747201	
1281183818523836432	
1281198353439698944	
1281178738105909249	
1281168028282093575	
1281207850912669700	
1281154782275698690	
1281108342438457346	
1281088209242316801	
1281086563523325952	
1281066066412662785	
1281066060741963777	
1281042904673185792	
1281036987152007168	
1281627138177691650	
1281629253885284352	
1281626113891094531	
1281517123911798784	
1281530369548775425	
1281533120110567424	
1281596938568122368	
1281594277978570755	
1281588762871382017	
1281581462651760640	
1281581454535700481	
1281522978203873280	
1281560865897099264	
1281447946563678208	
1281556272886636545	
1281540691622080513	
1281471478353891328	
1281548790676312064	
1281973172242313221	
1282317552052350977	
1282220175786270722	
1282205818360786945	
1282645671057784833	
1282719701722779648	
1282710983862095878	
1282712277741789191	
1282713411562823684	
1282719712036544512	
1282691527798517761	
1282676679391899651	
1282676669707243520	
1282673262649122816	
1282665582073131010	
1282653518902333442	
1282821627789492224	
1282630857870761985	
1282772172704907264	
1282771810203795457	
1282468921816178688	
1282525800743317506	
1282471064807694336	
1282620786973564928	
1282600311039963142	
1282559271352197121	
1282554114748985344	
1282953263382327296	
1282977652861661184	
1282962676964970497	
1283003331611258880	
1283010382294953984	
1282911597770366976	
1282911592405889024	
1282895240257351680	
1283442453572390920	
1283461327575560192	
1283430149958979590	
1283430139150254080	
1283313880832159745	
1283221513189994497	
1283328221396652033	
1283333077884960770	
1283344807914401792	
1283339653085638657	
1283364951260721154	
1283350116351369216	
1283395152917094402	
1283401676364361728	
1283415071662768134	
1283694667918462976	
1283692136291020801	
1283688310842548224	
1283633220399947776	
1283797681123385346	
1283750732576034819	
1283878213001703425	
1283901500297625601	
1283878219037372416	
1283808162085130240	
1283808143508557824	
1283753776852025344	
1283746712574734336	
1283761581046652929	
1283731390362578945	
1283746224588206085	
1283709749939392512	
1283713341333147648	
1283731379407032322	
1283732264556232704	
1283732518974500864	
1283740159704530945	
1284234064770199553	
1284223911773663232	
1284148381275676673	
1284047731489734657	
1284113372149997568	
1284121928530354178	
1284155920054759425	
1284050961305083904	
1284144009607290881	
1284105067285622784	
1284069098276532225	
1284084179827781632	
1284091729671524352	
1284101229153595393	
1284097901153615874	
1284109498651746305	
1283986826479333377	
1284031847744237568	
1284039399194234881	
1284041042191282177	
1284500313030840320	
1284461190932922368	
1284587514016063489	
1284820802362150912	
1284794634141528066	
1284762791128100864	
1284739886885429249	
1284893666872422402	
1284820807756115970	
1284893685805486082	
1284977330780160001	
1284893680084508672	
1285060247552266240	
1285302730370609152	
1285233754668175361	
1285247363796221956	
1285232638119170054	
1285220683434221569	
1285254390417424386	
1285177093345730561	
1285114859084865537	
1285114864575213570	
1285144299835813888	
1285203069081317376	
1285202323573215238	
1285181158037258242	
1285173744978157568	
1285172853365600256	
1285158910131757057	
1285217413856993280	
1285158904813334528	
1285146223192793088	
1285151210593497088	
1285503062753382401	
1285412964401438720	
1285649890215895040	
1285598936661733376	
1285880584296968193	
1285887311079604224	
1285806290753617920	
1285821008151109633	
1285739475797110784	
1285975658108039168	
1285983208979365888	
1285986401230749696	
1286019824041115648	
1285991270125432832	
1285938791522304003	
1285967868752883712	
1285940393910194176	
1285947901672398849	
1286102994769985536	
1286408004942716928	
1286303806137884673	
1286304451527991297	
1286312741918126080	
1286324895715123205	
1286330481647259650	
1286408020100935680	
1286266308334686209	
1286276004646998017	
1286281156170616832	
1286768003460132864	
1286674789256630273	
1286781342827474945	
1286766364946886656	
1286598245523894273	
1286714402503135232	
1286709120117010432	
1286609822067171331	
1286751522504679425	
1286624671333376000	
1286625444482015234	
1286707099947290625	
1286478342548463616	
1286475452480028672	
1286636497572114432	
1286641367620505600	
1286655385311440897	
1286680647919112192	
1286694141913571329	
1286701694248562688	
1286632223291179009	
1287053514212954112	
1287128503343706113	
1287136056215613441	
1286899752026533890	
1286892332566994944	
1287387211436969985	
1287331091838193664	
1287327691109089285	
1287259635498414081	
1287259629483827200	
1287398284365926401	
1287419045067726849	
1287251689116856322	
1287630317172322305	
1287725187081711618	
1287760797267931139	
1287682413716320258	
1287682406460227584	
1287673846389018626	
1287764192175390720	
1287709316741562373	
1287844096749342720	
1287767849088368640	
1287768456759332864	
1287770541781405696	
1287772008764252160	
1287775296700256258	
1287778522593804288	
1287783556412870660	
1287786072588423171	
1287788589254729729	
1287791124908662785	
1287780017196457984	
1287762937701183490	
1287765679811297288	
1287845856423473152	
1287829119699283968	
1287767843195334656	
1288135407679373313	
1287911411654389760	
1288051961850290176	
1288057166289674240	
1288143427570413568	
1288148097583915010	
1288149720163127297	
1288153130765451264	
1288179917721501697	
1288178659228913664	
1288205096140959745	
1288221836346499072	
1288133126825234432	
1288094636850819073	
1288103311208398848	
1288103687634579457	
1288117003438288897	
1288131236720861185	
1288124188679520256	
1288423663964848129	
1288307017589825538	
1288314077240913920	
1288415347717046274	
1288424091695939585	
1288431790806437889	
1288515881765543936	
1288510377102159872	
1288534759942037505	
1288505638218354688	
1288498278737293312	
1288488253994278919	
1288487090842468352	
1288469324844412928	
1288440383869861888	
1288455063065821185	
1288785155784548354	
1288821648389545985	
1288763347601678336	
1288694822182641665	
1288693579703934977	
1288687410897801216	
1288836133539860481	
1288904693310263297	
1288889594822266880	
1288843306374291457	
1288842812331560962	
1289278297260437504	
1289087288027172864	
1289094453618020352	
1289278795904499713	
1289181681442861057	
1289174493680656384	
1289165927422889984	
1289137373217873921	
1289127212873134080	
1289101628017012736	
1289233887764201472	
1289248986306469889	
1289622926233280517	
1289675542585700352	
1289655781189509120	
1289641822893965312	
1289612622061395968	
1289606824329719813	
1289616897189613570	
1289467665103245313	
1289553991899049989	
1289604554804338688	
1289900777348018176	
1289903034265346049	
1289858237458612224	
1289929466701950981	
1289954249950994432	
1289815462956605442	
1289822760043032581	
1289836601833426946	
1290255231792513025	
1290258614645661697	
1290272727861846017	
1290331735217983489	
1290322177326292997	
1290317016084054022	
1290253581430296577	
1290250828117184512	
1290339146305863682	
1290240243485093888	
1290248754969194502	
1290118075346378752	
1290168408646881282	
1290198481622056960	
1290221385176948742	
1290283780431917056	
1290232190589173760	
1290228561224163328	
1290279964722388998	
1290235965403852800	
1290317009234755588	
1290312481965891584	
1290593211308576774	
