1374561622971228165	
1374561124679491586	
1374554457682309120	
1374511429449961478	
1374756783177093121	
1375144139864571908	
1375146987155124224	
1375183221072162816	
1374974850045898755	
1374966670784036866	
1375038771771494400	
1374917980019027970	
1374880723824308225	
1374880096507453443	
1375038779140935680	
1375053600209039367	
1375046310022279171	
1375224865830019074	
1374960503341019138	
1375110757596110849	
1375523971345473537	
1375487096727564292	
1375490387351990275	
1375501591822864391	
1375411250755158027	
1375406716700012545	
1375321133738831873	
1375321885685161984	
1375479924211871749	
1375476026705211397	
1375268909188673540	
1375296844964581380	
1375445809970438146	
1375299745837555714	
1375414877666168837	
1375414729859080192	
1375862320358772743	
1375749441093840899	
1376176264722014209	
1376075488754475010	
1376099642073522178	
1376355956519411717	
1376355948168507397	
1376351802350739456	
1376598672205475843	
1376614409703858176	
1376620440609677312	
1376499376827207692	
1376496371704819712	
1376594773193207820	
1376475382807953411	
1376474857580363777	
1376542159470526466	
1376555640017973254	
1376569621524848646	
1376578539038724096	
1376585585549189120	
1376549708550709255	
1376525314864521224	
1376523284922044419	
1376519511403282432	
1376585594810163203	
1377041845948010498	
1376860522801324033	
1376869314565922820	
1376838888103190528	
1376749549792882688	
1376802514226487298	
1376806417999405056	
1376826532711129089	
1376834560483287046	
1376837857990565890	
1376868078110134276	
1376963207659626499	
1376699208950894592	
1376919666375806980	
1376904548539756552	
1376909580043685889	
1376912489300959234	
1376892626062950401	
1377093313451323396	
1377149295808323586	
1377149305790754818	
1377332901679800320	
1377175874768805892	
1377320558795235328	
1377332894033534976	
1377339943308029953	
1377361701918568449	
1377225410942017538	
1377224294430777352	
1377198906744918017	
1377181860124446727	
1377304683216265225	
1377229190659985413	
1377236737605300227	
1377289733236121605	
1377292117316280321	
1377170566709342209	
1377579390091948033	
1377579381472722947	
1377572085753520129	
1377564789963038729	
1377607658996445194	
1377568924955521025	
1377464031498313731	
1377546158801846272	
1377563278805626884	
1377615481608228864	
1377625547795234817	
1377667097988227073	
1377663690569252865	
1377652747705614336	
1377649455244181507	
1377634355749777413	
1377692763886546944	
1377753278377697283	
1377721950936567809	
1377627837860081664	
1377641905459200002	
1377663711540744192	
1377935230032470020	
1378035272068198404	
1378035516096933888	
1378042687496970241	
1377979127592980482	
1377942636846272519	
1377971111888093185	
1377985439508787201	
1378078171749216258	
1377933828874936324	
1377924351929020418	
1377933340955664384	
1377810782033825793	
1377814815687634944	
1377919123083030533	
1377904888127102977	
1377912438859833345	
1377912083942047745	
1377919988233687053	
1378279380007276545	
1378279370863771648	
1378644275999612928	
1378603256838979584	
1378601619227504640	
1378644293640880135	
1378679522468360199	
1378726441957781504	
1379085939343978498	
1379001252311298053	
1379103311073173507	
1379106950424584192	
1379110349383725058	
1379175147039465473	
1379580319762817026	
1379286508369182726	
1379572515085815809	
1379378201181454343	
1379398759277195275	
1379450715601399811	
1379433713201774592	
1379228876904177665	
1379373323075813376	
1379790744756625411	
1379732960375529476	
1379623235960983553	
1379615801506889729	
1379644372799561733	
1379644382144462851	
1379678968178110470	
1379681865636872194	
1379689294864912385	
1379850227121725441	
1379850236210728960	
1379855757173121024	
1379830577050705921	
1379736960697200643	
1379744024144269316	
1379754849340813314	
1379800281567875073	
1379804796140535814	
1379812851934633986	
1379812860201553922	
1379820025238855680	
1380001223420469248	
1380000588801269762	
1379985992304652288	
1379979196416421890	
1380065893716086791	
1380177254567710721	
1380189718902579200	
1380191223705522181	
1380226202175111170	
1380078349708488706	
1380283584930439168	
1380106416355074048	
1380140636683313152	
1380149451419869184	
1380160403934699521	
1380163017690779649	
1380171526364934148	
1380105933985091597	
1380612369643053056	
1380522777141112837	
1380473212102963200	
1380518500351926279	
1380463926777888769	
1380527967844102144	
1380459862727950340	
1380547323990736902	
1380459874132193280	
1380458617346777088	
1380868433156304901	
1380889702140547081	
1381140862902497281	
1381235228820185090	
1381251585381031939	
1381236737406464004	
1381549046741929987	
1381608435712593925	
1381444487436595205	
1381474680712798212	
1381608445699260420	
1381515699282079746	
1381598305575182340	
1381518846113185795	
1381586540627816450	
1381562742323044356	
1381553414505705475	
1381672212415975428	
1381648541592993797	
1381638270900051968	
1381629114512203780	
1381673995347484674	
1381549054652387329	
1381626913597186048	
1382002033029312516	
1382002925908725760	
1382031348618076161	
1381994226393645062	
1381990974415630339	
1381966112410103813	
1381964162524319746	
1381961619077488646	
1381951194004779009	
1381942011897339912	
1381936847253688320	
1381927665498648577	
1381902482062839816	
1381896846788988928	
1381994237844021249	
1381995109198176256	
1381890301736841224	
1381890293285355527	
1381798564188155904	
1381794042946588674	
1381783842260836359	
1381794035107422216	
1381996329837211650	
1382163973567512581	
1382316857898668037	
1382287525570498568	
1382266664272625664	
1382230540594532358	
1382186243774062592	
1382260085825634305	
1382817784594276353	
1382541836334493696	
1382678089289900032	
1382716443767214089	
1382728694389637129	
1382747194147577868	
1382739643389513730	
1382773360879276033	
1383054315204579328	
1383044154264014850	
1383006991849811968	
1383101648864616450	
1383160410409291776	
1383010530563018757	
1382914178407485445	
1382907115577036804	
1383370792491098116	
1383305239218966532	
1383363376366030849	
1383291148064595968	
1383529979548291083	
1383722112062345216	
1383881665559236614	
1383888084547162118	
1383779490782793730	
1383960562334199810	
1383963202434727937	
1384062606185357317	
1384067770304720899	
1384098416355995654	
1384093246079475712	
1384529450021253121	
1384388001459888131	
1384454222473617413	
1384848421467553794	
1384885602248806401	
1384818220121554945	
1384923286103105544	
1384930828669566976	
1384976005991780354	
1385005823735173120	
1385005843867836421	
1385297115815976962	
1385273088162471938	
1385267046766637056	
1385202474366246913	
1385198557217628161	
1385376893017366528	
1385043193834590210	
1385147128649900033	
1385168498192703491	
1385378405483388929	
1385169657422704645	
1385564115951816712	
1385586759141138433	
1385668690436268032	
1385623773752160262	
1385616231055511555	
1385556558667567110	
1385518828541530112	
1385540972881137666	
1385837297648640003	
1385844726025183234	
1386218194453483520	
1386200569841291265	
1386193522198413319	
1386185974695161857	
1386222589522055170	
1386225610016530432	
1386266512818794498	
1386374718446440448	
1386467701275578370	
1386341501546889225	
1386337345830494216	
1386333954572050434	
1386315077448396801	
1386218186861727745	
1386571522433634304	
1386692056647671808	
1386686915814912002	
1386684286208667649	
1386681728119488518	
1386519674825760778	
1386519683562573824	
1386582711280693249	
1386612668811730944	
1386671819655024643	
1386671812243722242	
1386669294214254593	
1386661742428577792	
1386631421373161473	
1386711348780937217	
1386724691394535429	
1386779615901925384	
1387006633063055363	
1386983610150899714	
1387125920792596480	
1386932013517533187	
1387061196319297542	
1387065157050847232	
1387072716516245506	
1387073955207401480	
1387073964057403393	
1387080624389820421	
1387118749593923587	
1387142004430176257	
1387029300344356868	
1386969649284227072	
1386863307278090240	
1386923711593291777	
1386969641461813249	
1387193112259284994	
1387359050862628865	
1387363463178162178	
1387396337000357892	
1387443626234552322	
1387437096097378307	
1387431731993661447	
1387511341489942531	
1387303718656217098	
1387283707216551936	
1387274645640925186	
1387346272068247554	
1387408524339208199	
1387385130860244992	
1387771052768563216	
1387785901657317378	
1387791933280378881	
1387814462099316737	
1387821481447542793	
1387874096046764036	
1387889194400305152	
1387894608277905409	
1388134795738243072	
1388150542946291720	
1388153024523247616	
1388157219493998593	
1388164765705404419	
1388173070444072962	
1388198970736873475	
1388202134772932610	
1388075681406459905	
1388071517334949890	
1387993514118565889	
1387986210291798024	
1388078173984894978	
1388112929384329216	
1388124729526030341	
1388110367981719552	
1388098345428656132	
1388097046821818369	
1387981683291426821	
1388090776966471687	
1388456182218592261	
1388454174510051336	
1388411766929989632	
1388389994977370113	
1389167862263201792	
1389164108298088448	
1389164100064735234	
1389157745853673472	
1389156545070469120	
1389153029715152897	
1389362668281024514	
1389171282466328576	
1389160323341373441	
1389044435447554050	
1389240379526979589	
1389232806035746818	
1389230658904477700	
1389242229651382273	
1389262562487848960	
1389259166854918152	
1389044945822961664	
1389156553169641473	
1389520407540244481	
1389523761041485827	
1389526148418244611	
1389523852070293505	
1389521596256247811	
1389595574278574089	
1389603157815201797	
1389609556108480512	
1389609919486197761	
1389639103394631682	
1389652953754001408	
1389682017365684224	
1389719017556828161	
1389728449367969796	
1389603123254087684	
1389594577879719940	
1390052956737720321	
1390001748484386821	
1389892153447358464	
1389885984448286722	
1390213636166012929	
1390213643900375040	
1390321612721770499	
1390294681255247884	
1390302231736377349	
1390312064489594882	
1390315414790410242	
1390286372624207872	
1390243349223727109	
1390243341816586243	
1390257082046242817	
1390261965273055233	
1390306773383274508	
1390221067512254469	
1390328650818494466	
1390452205430312960	
1390435856842858499	
1390348574500835329	
1390332630835552260	
1390589868795830273	
1390593392388698114	
1390616040061628417	
1390623593269129218	
1390651127465713672	
1390663464562135040	
1390674656546463751	
1390735684600799237	
1390684498052796416	
1390695853023764490	
1390699087981203466	
1390713842208960514	
1390720607482912770	
1390667739975589891	
1390770427635535873	
1390661459810537479	
1390765523596562432	
1390742872761143296	
1390706268013166592	
1390699096462090244	
1391057445561126917	
1391476845002903555	
1391435818883969024	
1391433431360233472	
1391331758399016960	
1391325843205464064	
1391318669184049155	
1391324210077650946	
1391771169271910400	
1391790415909634048	
1391796206657933313	
1391711638315671560	
1391751927025778691	
1391671494216851456	
1391892093954445313	
1391877259531751426	
1392088976664809472	
1391974749618589705	
1391937257481801729	
1391952740184588293	
1392494271442440194	
1392490455540064256	
1392481904960618496	
1392412419557928962	
1392580410492682243	
1392769487351402498	
1392697237508038662	
1392740159506944013	
1392836833289981955	
1392842332932689924	
1392842344001462275	
1392860937904865282	
1392864964264665090	
1392881339553107974	
1392900261807411201	
1393100282209341440	
1393125326276812800	
1393160001242509315	
1393162574816976896	
1393236409033572362	
1393229780925837318	
1393163682591305739	
1393184975143325703	
1393180442665250820	
1393184615557443586	
1393184967018958854	
1393214664134168585	
1393227874996473861	
1393553022869917700	
1393818135032045572	
1393972409435267074	
1394185439653728262	
1394178386067542025	
1394170102476525580	
1394289754800230401	
1394245906925596674	
1394418595795439621	
1394293395258941444	
1394297296695685127	
1394298939726249988	
1394228336633597956	
1394579787134373888	
1394499634555457546	
1394692562829643778	
1394687370172108800	
1394639844404510720	
1394586338054213636	
1394587590976708609	
1394605385512898562	
1394602317345824769	
1394624707358384129	
1394607972412575749	
1394766893274210304	
1394935859493761024	
1394944727200436229	
1394953942669438980	
1394908449377427459	
1394932495322435588	
1394887559356981249	
1394865174994059268	
1395001940736548867	
1394994640017788933	
1395089016207249409	
1395326700985012225	
1395419339851849730	
1395259641039179779	
1395383199228841986	
1395394670415413250	
1395397548299362305	
1395417010402742273	
1395776287705235456	
1395712263869272065	
1395731505217826819	
1395741444011225097	
1395752491443183616	
1395754024649981957	
1395844113115746304	
1395739179225546757	
1395742424685707267	
1395609949309313030	
1395694407727206414	
1395683062092996613	
1395635128806699008	
1395665670294048770	
1395707193178005508	
1396095024333393920	
1396117415272927236	
1396124714637041666	
1396129745570394113	
1396510128984055816	
1396513648059633666	
1396687547271581696	
1396643000722157573	
1396650677997170689	
1396656719581782019	
1396866731587510273	
1396709059999399936	
1396836156474499073	
1396843829735485443	
1396718858048733187	
1397228243875401729	
1397200178441039879	
1397265996080062465	
1397581380775727109	
1397586850756415491	
1397590382121082886	
1397598172604637187	
1397600812130394113	
1397697950059425796	
1397552617413173255	
1397401374023819268	
1397534271322017797	
1397520266134237185	
1397570992914911232	
1397517738617315328	
1397747401499156480	
1397747409820602370	
1397952569998200839	
1397886250330300418	
1398375288552230919	
1398382846985834497	
1398302447781572611	
1398135964334100486	
1398134455894609923	
1398308112315027458	
1398302439338504199	
1398323218688081924	
1398324833763483650	
1398242648805330944	
1398257123721613317	
1398270111035760648	
1398300311970717696	
1398639656107794444	
1398639025636839428	
1398586051724079110	
1398581914370416641	
1398733785714216964	
1398759581895913473	
1398675901408108547	
1398981166158413827	
1398982667547267076	
1399053757778862081	
1398942266648104960	
1398885903838240771	
1399379198985310208	
1399374639458029581	
1399503229122011138	
1399459817857503235	
1399467237224841216	
1399277754860797958	
1399402794898034688	
1399435661153734661	
1399451126571749376	
1399459416416690177	
1399287547835027458	
1399641265185038337	
1399792252151468032	
1399754844089552900	
1399749095598673921	
1399741255974854658	
1399672528025628672	
1399658621772779520	
1399655728424505344	
1399651328847007746	
1399643786255290368	
1399740910477352962	
1399733238852030468	
1399703563379433472	
1399703551165624325	
1399718407050653700	
1399918966126960642	
1400118082706739203	
1400086665314672644	
1400031201486729218	
1400038876702416898	
1399972440529203204	
1400015059368263680	
1400112865571348481	
1400137412450295810	
1400105039050518534	
1400150108948160519	
1400152262069030913	
1400513613446721537	
1400391343998836737	
1400388750677524480	
1400275813837066242	
1400481597384765440	
1400493393629749252	
1400859806991142912	
1400919304669782016	
1400843954761912320	
1400757945437200386	
1400814992845283333	
1400778145532235784	
1400859794563493892	
1401264057672339458	
1401107926400442372	
1401412425614716928	
1401680580685615107	
1401905284633837571	
1401854682029494273	
1401846288283422726	
1401852686304104450	
1401848015095279618	
1401837739075457025	
1401940792923463681	
1401941948911566851	
1401935259395006464	
1402335271232753666	
1402269641632882707	
1402302925355962370	
1402304412987576329	
1402196122056245250	
1402191828267540482	
1402348488927551491	
1402656739162398720	
1402650477544673280	
1402620126340472840	
1402626333885222913	
1402732511159984128	
1402581241627619329	
1402579131636748290	
1402679386122326016	
1402556859525996545	
1402556847999971328	
1402549429698142215	
1402549417152958464	
1402577300336660482	
1403067467048443905	
1403067840299630592	
1403039029684277250	
1403037771929772033	
1403022783844552705	
1403126603685584896	
1402924894191456256	
1402940003005526019	
1402945230903681024	
1403372845636276228	
1403179470081560577	
1403415484402372611	
1403419260035244036	
1403406939380400130	
1403304544440827908	
1403352452989128706	
1403320137051037701	
1403349820576735236	
1403347430024699909	
1403338022859513858	
1403337928596725764	
1403327425564397569	
1403765083193298945	
1403721801444646919	
1403583104267161600	
1404126057922326531	
1404102149219315716	
1404103284210556930	
1404103291915575299	
1404111086656258053	
1404059007266877443	
1404185581991518210	
1403979975896694788	
1404015705972830211	
1404506193565949952	
1404528588540448772	
1404430156861689858	
1404393453274894341	
1404393445448314884	
1404511477965287426	
1404266623020638212	
1404885059526529026	
1404847946651242498	
1404798396838428682	
1404813433342763008	
1404788673262985217	
1404630396889751554	
1405221131888431108	
1405155702566539273	
1405140057615392768	
1405118470803443720	
1405208548817215495	
1405138738225696772	
1405121727399546889	
1405114691379159044	
1405094309490094084	
1405139737023635462	
1405590817826291716	
1405552063061184516	
1405544512668250117	
1405460207493210114	
1405510539502047233	
1405499309135704070	
1405480894995996673	
1405918226337472521	
1405906900718346240	
1405899854325370881	
1405891801135861760	
1405882127539838979	
1405874828058370050	
1405867167317327879	
1405914849163440128	
1405993364621651969	
1405890076396060673	
1405978665549131781	
1405956639308468224	
1405833307221217281	
1405921640748261378	
1405949206515249157	
1405844817435938823	
1405832661378105347	
1405828887020376064	
1405919756255850504	
1406373240545546241	
1406358160231653376	
1406357511020584961	
1406307564422238208	
1406256095543189510	
1406559234821554182	
1406647809445482496	
1406537309458075649	
1406809124940120066	
1407093870072979456	
1406999580441550854	
1406953691697999883	
1406959475949400074	
1406966913368924162	
1406971415253852161	
1406998419961520128	
1406943732608417792	
1407375327068753930	
1407441905890197509	
1407389727167184898	
1407353351570968576	
1407366518250348553	
1407322814684741641	
1407286639466999810	
1407266917421924353	
1407241723454001163	
1407175150236094467	
1407166356752003075	
1407151367404220430	
1407722618271125506	
1407681091876626434	
1407699971659341824	
1407731947103690752	
1407715077990481925	
1407711569954418691	
1407707519636557837	
1407657957798539267	
1407654670806315013	
1408047260907212803	
1408077461372293121	
1408069905757396992	
1408020829942652935	
1408171084998868994	
1408028379694223364	
1407885579509911557	
1408147665464946688	
1408387888706850816	
1408428516157263873	
1408439855374159874	
1408413416721567747	
1408417594550362120	
1408417194858356744	
1408515345204367361	
1408515343857848321	
1408894232694120449	
1408812683944628237	
1408670377010626561	
1408827411337121795	
1408829049640677377	
1408779096092385285	
1408834981602881540	
1408901655261630466	
1408696539820736513	
1408715556987883521	
1409266555892817923	
1409467264458313737	
1409470381199556608	
1409462831729287168	
1409530067810664455	
1409335007806562311	
1409543420524208131	
1409440182344970243	
1409348485124550656	
1409342183371513862	
1409632342730149896	
1409522222952185864	
1409520229705682945	
1409550179955470336	
1409907154769768462	
1409900876072894467	
1409948937784496132	
1409888781700894735	
1409810119932719105	
1410375498660671489	
1410321260999888897	
1410293338750607362	
1410225623864205318	
1410068088658169859	
1410229132009504770	
1410232906023280641	
1410240455573348368	
1410202846734155779	
1410169380990640130	
1410222839756640261	
1410206491236261888	
1410632568664252423	
1410629549906219016	
1410629564980551680	
1410476656146350083	
1410531547334184963	
1410593289963675653	
1410592777180749824	
1410585372401176582	
1410553774003818497	
1410599072495554560	
1410606621915422729	
1411044775952740353	
1411018220362891265	
1411048305170075648	
1410976565253476359	
1410924230489755653	
1410942581874118657	
1410924242149863426	
1410946361843924994	
1410946247356129285	
1411426055877890055	
1411566582862516232	
1411712933868961795	
1411706139293544450	
1411663362757300224	
1412067494261530626	
1412038955726303232	
1412033522877886467	
1412024587089555456	
1412068303154028549	
1412108910610157568	
1412031292607135751	
1412001196471066630	
1411844797191507969	
1411842174983938048	
1412339285177503750	
1412226567644717059	
1412399684295872515	
1412399323464142854	
1412396089223823366	
1412381454286213126	
1412376682078425092	
1412391519449882630	
1412358547929808896	
1412441216046751746	
1412433656983932931	
1412417853706362884	
1412449525218910211	
1412459725095018500	
1412436829173805056	
1412529287169675266	
1412511556546351106	
1412453709175529476	
1412793817837699072	
1412791486815653888	
1412750746349555713	
1412723136030720004	
1412572213979480064	
1413157082610606080	
1413154658173005825	
1413147108656381956	
1413162208096186378	
1413163917405261826	
1413174684590305280	
1413247561054392323	
1413174699270414336	
1413079160591900673	
1413126862998364164	
1413528381509996545	
1413532146128637956	
1413517046462263300	
1413486847670448138	
1413321526598803457	
1413483079025451011	
