1219303965721935872	
1219668117854404608	
1219945953639182336	
1219999472085807104	
1219925946381156352	
1219800869203394560	
1220287079835258880	
1220338416656642048	
1220335904989958144	
1220800331820359680	
1220744893452169216	
1220745347061829633	
1220758439468515328	
1220760056880197632	
1220765218613030913	
1220804602217431040	
1220826623680765957	
1220729988317507585	
1220616490409324545	
1220722704988483587	
1220821209920589825	
1221098541147279360	
1221190776757071874	
1221519945713897472	
1221491512803856384	
1221825720348901377	
1221865848396083202	
1222138896777039872	
1222183065365053440	
1222101649205805056	
1222175638510981121	
1222050691222343680	
1221997090261258241	
1221989663444848641	
1222117778469113856	
1222138902451912706	
1222571747225948160	
1222478329854545921	
1222482579162570752	
1222480653825998850	
1222487194134360064	
1222508596451270661	
1222513011019014144	
1222542182642413568	
1222461660708790272	
1222416480521744385	
1222359850748768257	
1222559415502430210	
1222904452698390528	
1222954770320592896	
1222962206251159557	
1222964094438821888	
1222987624148717568	
1222991514797662209	
1222991520107659264	
1222682114786652161	
1222729411197165568	
1222755458319933442	
1222815239659352065	
1222836473893920770	
1222836997665935360	
1222969618412650496	
1223050529279864832	
1223205674139578373	
1223243821783236608	
1223454195312803840	
1223489924143276032	
1223852058681282565	
1223865143030714368	
1223952846619475968	
1224354634816352257	
1224348842981617666	
1224348834999832576	
1224341547224690689	
1224335290069921793	
1224295200866099200	
1224293994085212160	
1224225267280830466	
1224230931369623552	
1224275241041457156	
1224633202263769088	
1224683579839602688	
1225056553524436992	
1225070195137445888	
1225054801928638467	
1225051468492750849	
1225087970643890176	
1225098015427506179	
1225095629434548224	
1225092847055097857	
1224852907670925312	
1224854173138616320	
1225015100064428032	
1225000500208103424	
1224998951641927680	
1225389311035469824	
1225281479619407873	
1225475252353810433	
1225471359813160961	
1225466029750484993	
1225451556339843072	
1225556670476148738	
1225352453157048320	
1225285260952260608	
1225431851243728897	
1225742525941444610	
1225771707366957056	
1225771712702140416	
1225772785898786816	
1225781389477453829	
1225782148990304256	
1225595799888809984	
1225742519394164736	
1225837389551042562	
1225881431458512896	
1225795551238795265	
1226041863125135360	
1226095722115678209	
1226116983235592194	
1225974294955491331	
1226416212705341440	
1226894358537834501	
1226889815557386240	
1226864938779631616	
1226701586149195776	
1227192692980908032	
1227178110807756800	
1227119096828854273	
1227230073364729856	
1227348346659954688	
1227325953300455429	
1227348353584787458	
1227622418539151360	
1227509782682058752	
1227589182324756480	
1227762701071335425	
1227954596816883712	
1227976737939587072	
1228373475825340417	
1228373101072633856	
1228416512064536577	
1228417391018700802	
1228144596460302337	
1228121564656238592	
1228314209810673664	
1228330004569894912	
1228327213600251904	
1228314216525787139	
1228586510661771264	
1228587134740652032	
1228601353557032960	
1228631553447579648	
1228636835380776960	
1228638848969670657	
1228653570980896768	
1228935429153378305	
1229241697244045313	
1229352179556683776	
1229293670509056000	
1229293663919853568	
1229421570608783360	
1229646365019406336	
1229698078736650240	
1229735954140647429	
1229742625487376384	
1229605231194824704	
1229817368861233152	
1229822528492728320	
1229831974434394112	
1230097338242228226	
1230097608573624320	
1230248717392859136	
1230258783567241216	
1230435436654280705	
1230428153538965504	
1230410524250103808	
1230943300007280641	
1230967193031938048	
1230788641795952640	
1230766875484684289	
1230815944827498507	
1230817961771823106	
1230817967765520384	
1230679673794781185	
1231154050667667457	
1231174060773478407	
1231146633376649216	
1231217969180495873	
1231224403737792518	
1231671205712650240	
1231610817063178240	
1231592317221392384	
1231534180384722945	
1231606780276297728	
1231941600470806529	
1231942637923364864	
1231951179262971904	
1231957592361955331	
1231965018134138885	
1231965269548879879	
1231968858149441536	
1231973075308015616	
1231862850471116801	
1231864483993153536	
1231979867417088002	
1231983834486509568	
1232024538579263488	
1232045564792954880	
1232053476743503874	
1231930573037408259	
1231913691865464832	
1231909274529386497	
1231909338840797184	
1231906633938239489	
1232198559308472320	
1232195295628296194	
1232352441007370243	
1232345400264163328	
1232345040808108033	
1232329797516189696	
1232337487646744577	
1232152755763998720	
1232433617076248576	
1232436881830240257	
1232441173446234113	
1232241857259655169	
1232322622551015424	
1232273229978460161	
1232270788591419392	
1232256061526003712	
1232308154400002048	
1232570888966402048	
1232631787450335232	
1232580332819374081	
1232580325584162817	
1232602091710889984	
1232606118091714561	
1232621615546011648	
1232631793511104513	
1232654309336084480	
1232676585813073920	
1232676591051792384	
1232713324317380610	
1232780145141796866	
1232691938354089984	
1232970645777944577	
1233090203004231680	
1233119377186119681	
1233015951190179845	
1233013336729628672	
1232992536743960576	
1233023366618996738	
1232988240392663040	
1232972611119874050	
1233111842634924032	
1232955921107546113	
1232838788717539329	
1232835126439989248	
1232889620548816896	
1232842304362147842	
1233030665387405312	
1232978208611393538	
1233141770029948928	
1233065035267629056	
1233057846117318656	
1233044812519047168	
1233038919966416896	
1233015940498935809	
1233048867190517761	
1233421901357297664	
1233423408605450241	
1233425771365945344	
1233427578809180160	
1233439608395857922	
1233525559272992768	
1233348757984432128	
1233482021097242624	
1233333802165948417	
1233256786263543808	
1233251870061121537	
1233235764445532160	
1233353231750877185	
1233368891050475520	
1233342565761593344	
1233371290813124611	
1233861888443740160	
1233833711675662336	
1233825029604823041	
1233777472119795713	
1233735193757831168	
1233714050845986816	
1233935127102648320	
1234120971889459207	
1234143249373122560	
1234164766186172416	
1234420460336500736	
1234494431543189504	
1234435297917538304	
1234574089634758656	
1234429837684740097	
1234422840444612609	
1234415786032132096	
1234337527999238144	
1234337521804296195	
1234539605933711361	
1234568674758914048	
1234539611407302657	
1234487755452882949	
1234559860072599553	
1234479716033159168	
1234470109562974209	
1234442859723444225	
1234441737692684289	
1234632346776682496	
1234785086035329024	
1234695381482536961	
1234801047622836224	
1234896711052488704	
1234930438595956737	
1234888228760629252	
1234932957455867906	
1234885891232956418	
1234832038798098433	
1234860981441966082	
1234796298961768448	
1235169091083816961	
1235174664843878400	
1235197191465000960	
1235218832471384064	
1235352459872276487	
1235212037937958918	
1235233912105951232	
1235261741006606336	
1235263382560751616	
1235161594985771008	
1235110507226337280	
1235269064479494145	
1235270677373968384	
1235661131777110016	
1235653824867479552	
1235616586733584384	
1235604413756080131	
1235600854075535363	
1235593801172840449	
1235582020765523973	
1235574560939896834	
1235567133746016258	
1235518851665793025	
1235521578584002560	
1235529042721255426	
1235548834576678912	
1235463946942832640	
1235493392127127552	
1235456648145068032	
1235434628657188865	
1235398017999486976	
1235493398548627456	
1235376372731662341	
1235522582566195200	
1235556535100526593	
1235978114166996992	
1235883027760373761	
1235882584350920704	
1235779150331482112	
1235791984490467329	
1235838296116215811	
1235870778253602816	
1235924355093274626	
1235978120328429568	
1235934676734185473	
1235959082063929344	
1235963882436345857	
1235968237206192129	
1236021120370741248	
1235886253243076613	
1235897690866593796	
1236407415286841344	
1236378607758368768	
1236320464902844416	
1236184696314138624	
1236198918460854272	
1236298954469343234	
1236762128326864896	
1236761496232706048	
1236726900166258691	
1236677085852127233	
1236672539083943937	
1236534252927209474	
1237007855351468034	
1236982842497708032	
1236982212374843392	
1236982206184095745	
1236980678278946816	
1236959159561719808	
1236956652135501825	
1236943155322380288	
1236908591312859137	
1236868590302715904	
1236854382534115329	
1236989397494452224	
1236960058132422656	
1237010889934438400	
1237011145275224065	
1237153220805287936	
1237160258146930688	
1237012833847607299	
1237106393737342980	
1237074064994226176	
1237064939761795079	
1237062737156440068	
1237052249437802497	
1237046001212350466	
1237040480518426624	
1237039441644072960	
1237031230908051458	
1237028231213187072	
1237025874215448577	
1237113947301408768	
1237025623425650688	
1237040471941079040	
1237013669940256773	
1237283076075470848	
1237332935214346240	
1237320571920076800	
1237320348116365312	
1237318804780261378	
1237313588135710721	
1237321612921319425	
1237275510201171969	
1237258407784009728	
1237172962949652481	
1237342461829066752	
1237448400028618752	
1237441229647839232	
1237412925976924163	
1237409405311696896	
1237405742841204736	
1237396689926979586	
1237411892014002179	
1237342456053547009	
1237340366455652353	
1237497860087668741	
1237468043648749569	
1237468035213975552	
1237349874552602624	
1237372269350899712	
1237364974051143681	
1237365063792631809	
1237349880135221248	
1237345571234512913	
1237446005877903360	
1237366976470712321	
1237794049613914112	
1237794055024594944	
1237867287022977024	
1237852818725163010	
1237830932033236993	
1237815446218260481	
1237682319546150919	
1237683014739640321	
1237770745599664128	
1237726606119952385	
1237726612780539905	
1237727653186191360	
1237744548899696640	
1237724143514198016	
1237779330668703744	
1237781585652592644	
1238110178228277249	
1238111139419934720	
1238115793742659585	
1238117124683575297	
1238164238562021376	
1238178304965914624	
1238170008057982984	
1238166331704446984	
1238156578403958785	
1238152748010549248	
1238147053949198336	
1238144110977896450	
1238141968988815360	
1238134424878723072	
1238134087749156865	
1238132812764581889	
1238129764507856896	
1238127869899026435	
1238124865888178176	
1238178963731566592	
1238180166700072961	
1238183354887032832	
1238189840967118848	
1238186145264979968	
1238182236895264771	
1238081831632691205	
1238094043415867392	
1238094036738555905	
1238094030287679488	
1238092295301406725	
1238121686165270533	
1238074289187737600	
1238098243009028096	
1238071819208396800	
1238065149879226368	
1238062074254811136	
1238054096499851265	
1238043693690408962	
1238042335893692416	
1238037034477867008	
1238066738962419713	
1238100885764476928	
1238001795990843392	
1237999783689596928	
1237970343634931712	
1237965681074688000	
1237933607492022272	
1237933598944067584	
1237930703431462913	
1237916482731790336	
1238035933347360770	
1238034127921778689	
1238030118234144768	
1238022806534639617	
1238118640861491200	
1238178971386138625	
1238192394237095937	
1238186151074099200	
1238200875916509184	
1238198479425593344	
1238193328291631105	
1238200881998434304	
1238208166686420992	
1238208533532798976	
1238222750990270464	
1238193321245212672	
1238230050157129728	
1238313976913465349	
1238398411843358720	
1238403628953673728	
1238411876872204288	
1238413171632857088	
1238417618178113539	
1238419328661434368	
1238435282594099201	
1238435275442774017	
1238273587477270528	
1238450379567722497	
1238455130388869122	
1238566146351042560	
1238566139501760514	
1238552051132420097	
1238545129398349825	
1238524869538541568	
1238517576080093185	
1238505972760485888	
1238487187324370945	
1238485420079558658	
1238478126730088454	
1238472648553689088	
1238465448489992198	
1238585017149743106	
1238538336869875714	
1238859067365326849	
1238767109154324480	
1238805466634838021	
1238812887822393346	
1238816164991520770	
1238842461016821760	
1238844362911449092	
1238767094616846337	
1238767086781919233	
1238746201010233344	
1238746206936825856	
1238887134313844736	
1238894187707170816	
1238915326089150464	
1238946524119224320	
1238887127636512768	
1238851393655418882	
1238730853150150657	
1238859074378149889	
1238738900111130625	
1238723805222014976	
1239306392831287296	
1239256077364936705	
1239217807994138624	
1239203343542530048	
1239212523951288322	
1239203337578229761	
1239149481326546944	
1239098898523643907	
1239569902777716736	
1239462421187555329	
1239482054468751360	
1239482060592435202	
1239483682466877440	
1239489471386505222	
1239503958202351617	
1239508541658013698	
1239497264466452481	
1239510987134427136	
1239511249915797506	
1239518120345247746	
1239518548914876416	
1239519105906081793	
1239576927926513665	
1239576936235462656	
1239511243653693440	
1239533259341443073	
1239540821407543296	
1239569897203462147	
1239545770950512641	
1239547663835594754	
1239548106930155521	
1239548112814747650	
1239555280972603395	
1239555289638006785	
1239558667281760257	
1239560941760442369	
1239561147419955200	
1239564198297944064	
1239568126234124289	
1239635907734581251	
1239626823220281348	
1239552657284648965	
1239629740341952513	
1239627693680922625	
1239440274406797312	
1239636891542183936	
1239667522971897857	
1239624245669330944	
1239578164092944384	
1239597200566628356	
1239579320496119811	
1239584351110615041	
1239593708808556553	
1239596557525110785	
1239599908979724288	
1239603345297305600	
1239606619475869696	
1239459777131892736	
1239384278321881090	
1239363393120698370	
1239391469464465408	
1239943005747978241	
1239941981243150338	
1239935494387044353	
1239916580848439296	
1239915542108164097	
1239958597708193792	
1239950656514846720	
1239959310618079234	
1239972909872906241	
1239980340359221249	
1240001486169374720	
1240022733624246272	
1240037207299084289	
1239963354392719362	
1239956770459713543	
1239944721214009345	
1240058975090958336	
1240032046820380672	
1239879165853089793	
1239882932942233600	
1239878531095592964	
1239877152452915200	
1239869866477113349	
1239869663397453824	
1239893762010009601	
1239750822327533568	
1239757873678147588	
1239855271804989440	
1239855277219794944	
1239858036186820614	
1239867213064134660	
1239871427026788352	
1240226225089478656	
1240087034418495489	
1240087040537944064	
1240122267788607488	
1240171465225293825	
1240215759747342336	
1240410415890231297	
1240361343128973312	
1240245325085822977	
1240230735295864832	
1240230742883315713	
1240233499564490752	
1240236192005832704	
1240237818477150208	
1240238705224318977	
1240240322258644994	
1240272016902676481	
1240268998073135106	
1240268426997792771	
1240252625825611776	
1240267477222690816	
1240266788673388544	
1240254899536801793	
1240296412987789318	
1240280322341830656	
1240339702881763333	
1240332525303521281	
1240226231846490113	
1240274525792514048	
1240290863869296640	
1240298613269561345	
1240299367799586822	
1240304478219190272	
1240311388779601926	
1240313914887462920	
1240323119220510720	
1240328433911181313	
1240331927627771904	
1240292301257289729	
1240389652411899904	
1240672017138855937	
1240670440210739200	
1240674355719417858	
1240669087916871680	
1240685604590903297	
1240685609846337537	
1240679693222907905	
1240664991868620800	
1240650624041009152	
1240686358827417601	
1240651201403895811	
1240692634391318530	
1240567475198136321	
1240567451001057280	
1240648498539708417	
1240619046497734656	
1240431678004183040	
1240435456841412608	
1240640936704536578	
1240435461962649601	
1240466911810314245	
1240508687594082304	
1240516487439253504	
1240537374691450880	
1240564805968080896	
1240647005359177729	
1240641918750666758	
1240459991196168192	
1240593476976283649	
1240636265223118848	
1240575002652499968	
1240619039438680066	
1240616543823822849	
1240612785794547714	
1240611618112729089	
1240604465167650816	
1240604458913951746	
1240593495271673856	
1240592094185558016	
1240633760938250240	
1240589363978932226	
1240586391387607040	
1240584827717537794	
1240578911316017152	
1240578904881901568	
1240576304367493121	
1240575086232567808	
1240575009409490944	
1240589603259609093	
1240640942593331201	
1240707893508227072	
1240707885400612866	
1240696166934695936	
1240707900353286144	
1240610979001634821	
1240788665887887360	
1240788659080704000	
1240778468477956096	
1240774068745326592	
1240751166100664326	
1240743864090034176	
1240736690404093955	
1240806904013524992	
1240825149898682373	
1240972921566375937	
1240980170736947200	
1240980178966155264	
1240985716156334081	
1240987342036295682	
1240993017835606016	
1240994640930549760	
1240997416918085632	
1241005549929594880	
1241022196753055751	
1240906561314119681	
1241025532894023684	
1240971631024951297	
1240971624293101568	
1240943709929107456	
1241063551483219969	
1241065224611827713	
1241070481446445056	
1241079198724149249	
1241107886069055488	
1241107892507308032	
1241062837838962689	
1241029116679213056	
1241061430339801090	
1241055356530364417	
1241055292516753408	
1241026060063555594	
1241043450415534080	
1241050985612664833	
1241050898765238272	
1241050889957175297	
1241047536112148481	
1241040368445128705	
1241038692535410688	
1241037695616528385	
1241036306236366850	
1241036257708445697	
1241025604209610753	
1240958278646915072	
1240971616395227139	
1240970369516941314	
1240969373931778051	
1240961268074319873	
1240959676495396866	
1240958286637051906	
1240957033718755330	
1240921787363233797	
1240956266568187904	
1240950977974300677	
1240950096776159233	
1240943704287760385	
1241279648043954176	
1241248439838445569	
1241279665853120513	
1241302056004026368	
1241452161860390912	
1241452172497137664	
1241341299669647361	
1241459333289787392	
1241478326885085184	
1241608436707495938	
1241615229349330950	
1241629071223607298	
1241629077150126081	
1241674250018144256	
1241727725066285056	
1241742189794742273	
1241742196107120640	
1241759309320486913	
1241759320372465665	
1241827006636912641	
1241827017072361472	
1241727730594377728	
1241759326919725061	
1241788997350772736	
1242221606534959104	
1242159705515905027	
1242159698326867969	
1242175166794219520	
1242138186840780802	
1242139593471819777	
1242140087384752131	
1242140697995759617	
1242146272787795972	
1242151837819711492	
1242154030970912781	
1242159691125280768	
1242132024233619458	
1242090625014489090	
1242090618672672769	
1242090612335071233	
1241918481093685248	
1242087615765065728	
1242086816821452805	
1242084939094507523	
1242080432138543109	
1242124726958305281	
1242073124851445760	
1242037012053417985	
1241998637183320064	
1241998630443053056	
1241946664891322368	
1241939754263797761	
1241925522726113281	
1242067596867821570	
1242124721770000385	
1242117869347000321	
1242115593211437063	
1242110600781737989	
1242107966951690241	
1242102563299680256	
1242101620508364804	
1242120812662063107	
1242085850755870720	
1242096861500051457	
1242440670339403776	
1242440643084988420	
1242426199487340544	
1242448367239618560	
1242425211204464640	
1242419290730639360	
1242456129122304000	
1242396752293969920	
1242460297127845888	
1242474266789957635	
1242470999926308864	
1242416443339177988	
1242409315257987073	
1242407377229488129	
1242389458810310656	
1242382182372368387	
1242458215033552899	
1242382176630403073	
1242374612857438209	
1242310561766862850	
1242271935796412422	
1242267155531354112	
1242415817402331138	
1242465304912879622	
1242418650499256320	
1242463316405932032	
1242382171446231040	
1242478293527347209	
1242565743129985027	
1242580715780243457	
1242565993924161537	
1242493018659119104	
1242488488089411584	
1242482759995510786	
1242478299592323073	
1242514794353004546	
1242516548532596736	
1242523604698333184	
1242493977875677190	
1242495534322991104	
1242500065924722688	
1242514786648068097	
1242509619525816321	
1242509507810316289	
1242507592481546244	
1242504256713875457	
1242503045004566533	
1242502549162377218	
1242785448151273474	
1242788562212458497	
1242792988259958784	
1242761903098580996	
1242763291010535424	
1242763296828084224	
1242769340702720000	
1242769958590971905	
1242772105277722624	
1242777343502016513	
1242778142177021953	
1242778147583430656	
1242747816952258560	
1242780140796612610	
1242852762183860225	
1242783931176341505	
1242733473732804608	
1242719382536511488	
1242649043135688705	
1242793369396547584	
1242803613937872898	
1242807839950688256	
1242807845633941506	
1242808695085568002	
1242815263189266433	
1242815270218952704	
1242815327576227840	
1242825053819097089	
1242826211505483777	
1242837280303116288	
1242837285734760448	
1242837622604562433	
1242837953258405890	
1242840434671382529	
1242842386537099265	
1242786459763040257	
1242785441629143041	
1242783937602019332	
1242642136220045312	
1242791351386640384	
1242932789961306113	
1242852768622055424	
1242948903093153792	
1242859307684659207	
1242866338135076870	
1242866870283190272	
1242868310452187140	
1242873142248382466	
1242881575315881984	
1242891135397163009	
1242896048793604096	
1242898313453568000	
1242912407975936000	
1242859623889154050	
1243160030691487745	
1243174629901864960	
1243184483236483079	
1243182688401371136	
