1290598353265242112	
1290582387483480065	
1290532804535545861	
1290616895490723840	
1290530919577600000	
1290656367745871884	
1290649078024593409	
1290645311002759176	
1290641910441193472	
1290641079977549827	
1290631776830984192	
1290672579808722947	
1290627901889613830	
1290677166766723073	
1290530925969694720	
1290504245146349569	
1290605903050182658	
1290700416225705984	
1290762952996352001	
1290725709875261440	
1290715143853060097	
1291128987977015297	
1291121064676716544	
1291143583995633665	
1291008556230041607	
1290969549249093632	
1290972962208677888	
1290987562924793857	
1290994499418816512	
1290865250808422402	
1291015091979247616	
1291047071105966080	
1291335712470573057	
1291224493860347904	
1291231798400135169	
1291228517141626880	
1291307274477006848	
1291318867566854144	
1291331937085227010	
1291328657215180801	
1291320613265580032	
1291373468068589570	
1291483706008330240	
1291423303425376256	
1291552665877401600	
1291632808721444867	
1291700400223997954	
1291702172787322882	
1291715228460183554	
1291713595445780480	
1291730015785287681	
1292611506501087232	
1292364502525075456	
1292486564887461894	
1292422894912323584	
1292422387783278592	
1292385516218769415	
1292364508564873216	
1292356335414067200	
1292707636400381952	
1292804137835360258	
1293220274184183811	
1293217381293072384	
1293188191986434052	
1293192329457737733	
1293195486845759488	
1293200502444810242	
1293205171799900161	
1293174856234577923	
1293164423780204545	
1293196196178284544	
1293117453652963328	
1293023976105664517	
1293106244710998017	
1293113198409736198	
1293106896388292608	
1293008511077498880	
1293510039982882816	
1293647837129928704	
1293511819592523776	
1293540238732734466	
1293498714447806465	
1293491165065486336	
1293536867971813376	
1293547791159984128	
1293562892126572545	
1293396184749375488	
1293585537115344898	
1293807774795804673	
1293891810276777984	
1293862373309259777	
1293856470740733952	
1293850295982645248	
1293763118007373825	
1293857599796834304	
1293910181399732224	
1293920190921678848	
1293925281036677120	
1294004561347088384	
1293896731357143042	
1294066477578952705	
1294068992697540609	
1294069000914141184	
1294303406404689925	
1294310838380179456	
1294310364612562945	
1294232298372636674	
1294225533186838528	
1294214320553734145	
1294206861781143557	
1294209664180092932	
1294268788775428101	
1294257465735942145	
1294247070136664064	
1294726570804797440	
1294531910614441984	
1294518452921589760	
1295140549914050560	
1295118909574586370	
1295066181443887104	
1294895432221384705	
1295140542594994177	
1295259351641239552	
1295242343663013889	
1295178043976060928	
1295222085745139712	
1295363753689653250	
1295374828892037120	
1295393329648152576	
1295148355048235008	
1295392212830699520	
1295288656731738113	
1295402229604782088	
1295333293341184000	
1295325770730967040	
1295319965113909249	
1295300587945373696	
1295412576285728768	
1295294032290160641	
1295398120990240774	
1295650392345153536	
1295631534179811328	
1295733439673466880	
1295669267942137857	
1295706148771778560	
1295703240688799744	
1295735956306374656	
1296180650211303424	
1296546312163176448	
1296389009573199872	
1296479357096136706	
1296483395732733952	
1296496237638803457	
1296414062016974848	
1296426386148806657	
1296438639463993346	
1296728670103572481	
1296737325087633408	
1296670001370456066	
1296647856162390016	
1296619294499905538	
1296741330832379904	
1296748883238776834	
1296672152926658562	
1296846159982424065	
1296745105748045827	
1296793587385020418	
1297285690351169537	
1297187917190725632	
1297247934686179328	
1297271715483983872	
1297148148004003840	
1297106248022646786	
1297150035449139201	
1297441590722494465	
1297514944477278208	
1297561626715906048	
1297567665699975170	
1297662668350713857	
1297605163654373381	
1297977257613340672	
1297930809890885633	
1297977245298880512	
1297923764995280897	
1297923417400725506	
1297892667255164929	
1297896447937929216	
1297881349450162177	
1297929797637742595	
1297858693573345281	
1298206876908138498	
1298243737227845640	
1298285361324593152	
1298288422336036864	
1298292959624888323	
1298299990041702400	
1298578110426882049	
1298654577948897281	
1298710568979664897	
1298633575118647296	
1298625027521224706	
1298466465872375813	
1298552011932094464	
1298466472113475586	
1298584395515912192	
1298923575911550976	
1298925242635743232	
1298922400323719169	
1298994771763974144	
1298930019880730626	
1298930028067971073	
1298937188055281665	
1298958963774431241	
1298951283072630786	
1299004008443469825	
1299118507691401220	
1299016963885166592	
1298873017573859329	
1299021357959675904	
1299064778405502977	
1299079882308071424	
1298942110406545416	
1299297186409320448	
1299190356051783680	
1299300703127576576	
1299312748057309186	
1299369995617665025	
1299317053275291650	
1299241699886026753	
1299408438158438401	
1299402616728940545	
1299407791099125762	
1299398941717549058	
1299293784199639041	
1299353546094075905	
1299364258849808384	
1299386397372026880	
1299279304354717697	
1299277290975588354	
1299292033102745601	
1299320589799141377	
1299332644279287809	
1299355570881716224	
1299617544903434245	
1299603709194694657	
1299695316136935424	
1299690538686275585	
1299835104450101253	
1299808813395009537	
1299690530155102210	
1299697825907793920	
1299959047748112386	
1300038823460528128	
1299958165685989377	
1300059967701958656	
1300374863077617664	
1300373533764153344	
1300394219815796736	
1300366527196278786	
1300368984420675586	
1300494579028770816	
1300256883794558976	
1300835697452933122	
1300820976351891463	
1300819911690932224	
1300840115783102466	
1300737929225142275	
1300669981936373762	
1300690619698798592	
1300714907755716608	
1300802383090462721	
1300819094208307201	
1300777061695414272	
1300768994685747200	
1300634383842291712	
1301120301640699906	
1301112146483265541	
1301105990990016512	
1301131508850155526	
1301135285418430464	
1301235209916956673	
1301206011894575104	
1301198739353169921	
1301198733359554563	
1301195683584593923	
1301177453503590401	
1301308310839197696	
1301156985690300423	
1301191167510482947	
1301555074515173377	
1301446872872165383	
1301524730676154370	
1301519077567942656	
1301502159603859456	
1301542531335958528	
1301619613562617856	
1301452717760671745	
1301533331255898117	
1301969541044477952	
1301824384651403264	
1301692847129681920	
1301847053971140609	
1301828350458171393	
1301795774196449280	
1301788607762448384	
1301786611798089728	
1301832991904276480	
1301849636760477696	
1301779294088175616	
1301909240429318144	
1301887129262280704	
1301928015664828417	
1301700019414728705	
1301786604403437573	
1302361226287210496	
1302195744808546304	
1302240082347212800	
1302242217738694661	
1302660354183372801	
1302667651651575809	
1302677082321739776	
1302684052659597315	
1302490225264922625	
1302496144535113731	
1302976930115977223	
1302999546017067009	
1303009898192498689	
1302915272525754368	
1302919178035183616	
1302919184272113665	
1302949063629975552	
1302951525132562432	
1302952256371736576	
1302957289448419329	
1302964839648653312	
1302851230209732610	
1303003846117974026	
1302927253718867970	
1302965865831227392	
1303063501032755200	
1303263072430166016	
1303218649088495616	
1303358924217823232	
1303364236685373440	
1303425389801271297	
1303355491607871489	
1303349806694268928	
1303284583618678784	
1303327849936551947	
1303348148853600257	
1303349651416821763	
1303587832464723973	
1303621018230173698	
1303635246919933952	
1303602433831051264	
1303602428856557569	
1303580918443986945	
1303580912190287872	
1303498493940523009	
1303677382126178306	
1303731637440610304	
1303603317080125445	
1303836470151577602	
1303717939078520833	
1303698422927687682	
1304127778569072640	
1303983971412463618	
1303989356269428738	
1303982064312565762	
1303979386979393537	
1303974763585400832	
1304039937860280320	
1304148280264159232	
1304039943749001216	
1304065756603101184	
1304065750714384385	
1304047235479429121	
1304010561571688449	
1304083730529542144	
1304170308253880320	
1304018172010397696	
1304184146755895297	
1304443496082833408	
1304503890449113088	
1304503877572591616	
1304490530533826561	
1304424587078381572	
1304429023972544516	
1304455462281187330	
1304461725052198917	
1304375076977094662	
1304374012542291968	
1304366843415592961	
1304356509187543041	
1304330223245090816	
1304236355103326209	
1304377900263600128	
1304380555018997760	
1304395531527938048	
1304721551363727361	
1304854815055310848	
1304860215909576705	
1304769116088102912	
1304758426807877633	
1304805358301360130	
1305124455258021891	
1305203101884768256	
1305217573718433792	
1305460044423553025	
1305488991781675008	
1305496485115629568	
1305482834157727750	
1305460380358135811	
1305460052677947397	
1305444568523972608	
1305540448845406211	
1305530907844120582	
1305344153346215942	
1305774112204177408	
1305772098145587201	
1305731852246740993	
1305806942913335301	
1305828791248474114	
1305917936792530944	
1305854390478286848	
1305868984940548096	
1305859552626257923	
1306210492545863680	
1306178908140613633	
1306184806301159426	
1306193615496990721	
1306215269950341126	
1306230716016058369	
1306165588935561216	
1306300456105254913	
1306338080043933696	
1306343743172173825	
1306178904839745536	
1306142036257456128	
1306143803259019265	
1306070566231629827	
1306584327149371397	
1306581412414398464	
1306590347502342145	
1306587715199098880	
1306526073488699393	
1306607112466784257	
1306473996376920064	
1306437987941511168	
1306432327824764928	
1306530111852875777	
1306526067318906880	
1306511349011238915	
1306504550031867904	
1306547461406687232	
1306593759941988353	
1306606333865594882	
1306598796759953408	
1306601303020171264	
1306603817312501760	
1306699217402880000	
1306643355053379584	
1306620570348388353	
1307002718469324801	
1306998434801446914	
1306995536101142529	
1306990891605716992	
1306990884697698304	
1306797102421295109	
1307005479147565056	
1306913269274337280	
1306935842330509315	
1306939781213872134	
1306947433985970176	
1306900932718886912	
1306897515988447235	
1306897785694846977	
1306876376956403712	
1307027501428797440	
1306976413304590338	
1306975537903083521	
1306965986336108545	
1307424750126260224	
1307391393162092544	
1307193087010041858	
1307207557295923201	
1307284381183209472	
1307347859306500096	
1307604422785073152	
1307558622801481729	
1307618021788114947	
1307981017421090816	
1307990587832967168	
1308013490825834501	
1307973872285671424	
1307942021722636289	
1307943659095035904	
1307956368746323969	
1307981160530673669	
1308057786555666433	
1308334358403538944	
1308225393757810688	
1308228043085733888	
1308285542849589251	
1308337970387259399	
1308391616059564032	
1308389332600774656	
1308384565090639872	
1308355914953523200	
1308349067492298752	
1308345021628907520	
1308389973956022272	
1308440054604337154	
1308549526899154945	
1308548141189218304	
1308514042554720256	
1308506995213787136	
1308397271453585408	
1308391972030296064	
1308842465038938114	
1308778421195956226	
1308871653250736128	
1308813401812942848	
1308813394120552449	
1308703420476465154	
1308764192166404099	
1308763045129322498	
1308751246149455873	
1308744925564014592	
1308740895261458432	
1308845225285222400	
1308712622615941122	
1308771322177167369	
1308650318398283777	
1308650943911616512	
1308890652047036418	
1308600111748923393	
1309209500918849537	
1309203091971997696	
1309238189643554823	
1309114904826310665	
1309100670834925574	
1309100662651850752	
1309021520254169088	
1309074527679401985	
1309079031216779264	
1309081392668532736	
1309159174421581824	
1309151629862608896	
1309122920065773571	
1309145803425021959	
1309119110962384897	
1309424988592713729	
1309318728136392704	
1309370574599151620	
1309423453100011520	
1309445312679784449	
1309598061367156736	
1309503565065383936	
1309525460192169991	
1309561069321334784	
1309565353387646981	
1309949376974921728	
1309743895383691264	
1309803790946557952	
1310159135875371009	
1310173728114786304	
1310179145507155972	
1310103515562258433	
1310604927497113601	
1310603814626418688	
1310595121415503872	
1310590988012916737	
1310586309296226304	
1310615249750577158	
1310618409466343430	
1310571209524875264	
1310547193355411458	
1310371026794983424	
1310496352862789632	
1310539819253145601	
1310545565281705984	
1310678809989935104	
1310574984423563264	
1310941037968478212	
1310928393823825927	
1310950598158712832	
1310902140185923584	
1311063348394426370	
1311044853761847296	
1311026223447851009	
1310899219360886786	
1310879381255057409	
1311293091723214848	
1311326581856505859	
1311413028793970688	
1311256988500856833	
1311183006724272131	
1311190931115139072	
1311213395639762945	
1311226792351424513	
1311482603065667584	
1311674550426447872	
1311775668099641344	
1311752134925271040	
1311648481464004609	
1311696157131767808	
1311641337268187137	
1311637376276426754	
1311615855843655680	
1311507263320813568	
1311642028296429568	
1311661591457267714	
1312174036844048384	
1312050469577977865	
1312068848103776256	
1312115648340795399	
1312144840130347008	
1312166231458291712	
1312001956488122368	
1312023708626825218	
1312031104405131264	
1312050475693350922	
1312093879315779584	
1312068853766082561	
1311920364331491329	
1311992715622576128	
1311956731430203393	
1311957394411446272	
1311965283863597056	
1311972946018095104	
1311965396048650243	
1311856443880992771	
1311964028340584448	
1312279861055033345	
1312440916951494661	
1312439919873155077	
1312433494522425344	
1312439913531367426	
1312787957456072704	
1312787963231662080	
1312794877508284422	
1312832762047471616	
1312859302374207488	
1313098790119903233	
1313104927074394114	
1313097871051223040	
1313083533913518081	
1313076848419577857	
1313068937102254080	
1313221180581576704	
1313184818801205248	
1313162925733937157	
1313148088706625539	
1313126308616888325	
1313100010653847558	
1313055966028496896	
1313025519038787584	
1312967133450522625	
1312938585666932736	
1312938573801246720	
1313394832715345921	
1313402255555481600	
1313402260622241792	
1313409549735358464	
1313411172876447745	
1313429707061370880	
1313511092346187776	
1313445917417111559	
1313476604148936704	
1313471753146990595	
1313368910683533312	
1313626856097107969	
1313526951026413569	
1313575900085067776	
1313583576214986753	
1313547113976848385	
1313883786950533120	
1313754949109510144	
1313733563745853441	
1313793208070008833	
1313807675407233024	
1313807680738263040	
1313814492250353664	
1313814845314138112	
1313820952116027392	
1313857866638516229	
1313833960569335808	
1313633148987559936	
1313663099325485057	
1313663105616896000	
1313826173730852864	
1313920802572562437	
1314206551301779459	
1314205421599518725	
1314137651344220161	
1314153564491579393	
1314097464299806720	
1314126523243229186	
1314126528519704582	
1314130550064476161	
1314133252651835392	
1314140981625679872	
1314141119559606273	
1314199262385717250	
1314155470597230592	
1314199256836628482	
1314191313231724549	
1314143499449753600	
1314227842004201484	
1314230782475538433	
1314235500165689348	
1314248466453860354	
1314249835449466882	
1314255757747970048	
1314293254091755520	
1314158604249948160	
1314164889267531776	
1314171180799143936	
1314177233708183553	
1314185875539066880	
1314198124076752897	
1314146014950035456	
1314148531502948355	
1314533568463409153	
1314415816633278464	
1314502508304244737	
1314510919448227841	
1314648841031884801	
1314564522343124992	
1314597502142697472	
1315021168068288512	
1314820977256091650	
1314934733655076867	
1314977757248450560	
1314755800854749184	
1314823743831568386	
1315275469042847746	
1315313228805619712	
1315368334515335168	
1315255339596435457	
1315246781928665088	
1315169017674383360	
1315648365842051073	
1315632056982884354	
1315627148523253760	
1315620494469525505	
1315557954586779648	
1315580483938336770	
1315598605999169536	
1315605797569789958	
1315675244028465153	
1315652189553999874	
1315478810293198849	
1315713845999136768	
1315732608341303296	
1315796406729232384	
1315689071474212870	
1315683654501310468	
1315656356628586498	
1315493153621774336	
1316029189808513025	
1316079644177702913	
1316035989106618368	
1316039743352664064	
1316065298538090496	
1315927014184894464	
1315849881345429507	
1315842588864249856	
1315842582619054080	
1315935882822770688	
1315970549277835264	
1315981862234456065	
1315993164814090242	
1315996961183617026	
1316012060564697089	
1316004511169740802	
1316015844611088390	
1316020912169209859	
1315963378259566593	
1316469215382044673	
1316462045634523136	
1316332928620613632	
1316353645210865665	
1316325377107652609	
1316273418245791744	
1316265746784161792	
1316462040207114240	
1316454748686491648	
1316454742973771776	
1316447443374927872	
1316439897935290368	
1316419747366535179	
1316418760392142848	
1316414024343605253	
1316411717128077313	
1316373693749252097	
1316518911857156096	
1316519540709191681	
1316829461904384000	
1316808453692649472	
1316808447787175936	
1316779387648237568	
1316692824734068740	
1316692818908209153	
1316692765850456065	
1316686396132818947	
1316728543720534016	
1316737671478349830	
1316757114216345601	
1316771483423780866	
1316766678768857088	
1316765043690676225	
1316699087652163587	
1316757108310724608	
1316743027725987841	
1316681467976650754	
1316678210646466561	
1316541184219652096	
1316675260683612160	
1316660868906704896	
1316642101870747648	
1316750573979357189	
1316710882999709696	
1316765036824588288	
1316721374547730432	
1316714187901476872	
1316894766387269633	
1317171595559936000	
1317167444201385984	
1317164040733548546	
1317142271247093760	
1317033353980280833	
1317073067781189633	
1317106409754955777	
1317077473297772544	
1317207963786829824	
1317342343352127488	
1317394936845643776	
1317298927754866688	
1317328000816279552	
1317330260216590337	
1317506798148931585	
1317573108904218625	
1317785635357257728	
1317838107270545409	
1318228940306010112	
1318215091800612864	
1318034151983886338	
1318171533794283520	
1318161958936449024	
1318139831210233856	
1318105996837806080	
1318101215071277057	
1318227912206610434	
1318137006069846017	
1318598627607023617	
1318598620552130567	
1318404092436246529	
1318447374176407554	
1318455049412988930	
1318475270240800768	
1318478563025121282	
1318482337932345346	
1318487695895728129	
1318498085215981574	
1318518576735662083	
1318527888497389569	
1318526769897467904	
1318834926435725312	
1318930937351000064	
1318883447474212874	
1318887745545261056	
1318891994991808521	
1318895633131032576	
1318887278173843456	
1319002782603517955	
1319388319529066496	
1319155791367032833	
1319198945810153473	
1319204483163774976	
1319204488331231234	
1319221253006331910	
1319215682714742790	
1319269157704069122	
1319291182606811141	
1319291190127161346	
1319293070395928582	
1319293086866927618	
1319277327763664907	
1319718251052478464	
1319687529243668481	
1319495716520210432	
1319522457707970560	
1319637244542554112	
1319677464281534465	
1319682244471115786	
1319623356606545922	
1319554520754622471	
1319587967883771904	
1319615051662299136	
1319754106186072064	
1319878050704551936	
1320021620526702593	
1320057481230381056	
1320493478632017921	
1320664866688884737	
1320737110203289605	
1320747892261425153	
1320629626801041412	
1320536266341978112	
1320722112756154368	
1320764337364078594	
1320772569092419584	
1320787322539892736	
1320801636734791680	
1320823777878364160	
1321061342871076866	
1321054419262328832	
1321054300806676480	
1321119931304390656	
1321206052646338562	
1321213096010993665	
1321047129469546499	
1321044972620140545	
1320975032248532992	
1320909221525745664	
1320909215808901122	
1321417679622656000	
1321397359016873985	
1321447891571929090	
1321442090585366532	
1321435187184500738	
1321435181643747328	
1321425229441236992	
1321420586174705666	
1321413413717692417	
1321412394812350464	
1321406368327163904	
1321464382312701952	
1321543906333323265	
1321384975501963266	
1321573093270155264	
1321543901103091712	
1321471421688639488	
1321523375991377923	
1321522137157398529	
1321522131482546177	
1321514461442658305	
1321507662073225216	
1321565794048749569	
1321514455092523008	
1321833184246468609	
1321934855907676160	
1321841241630281729	
1321841234051100673	
1321844120512548864	
1321914721927274496	
1321899113768574976	
1321884896000835584	
1321753661043662848	
1321750371790934024	
1321745590338945024	
1321645317352165376	
1321766226230759424	
1321782598465548291	
1321760966518861824	
1321675519352471552	
1321734028630712321	
1321739309444001793	
1321762451751227392	
1322198088077881345	
1322230305441292289	
1322109754861260801	
1322101329607585793	
1321965551032258561	
1321987195205419009	
1321999651873067008	
1321999657577312256	
1322116304271249409	
1322266291088977920	
1322266285699289088	
1322151528325554176	
1322180959433838592	
1322180220644782084	
1322176028555575296	
1322175585574150145	
1322174732532436992	
1322235205877338112	
1322220859860283392	
1322006954563182598	
1322629804387000321	
1322650440710803456	
1322487115838447616	
1322985022333227008	
1322949411194826755	
1322792123339403265	
1322779917168242688	
1323106066075324416	
1323084558862962689	
