1413464101620051972	
1413441440298934275	
1413602780908965888	
1413804595923480577	
1413804582996627458	
1413809747963174919	
1413779817854504960	
1413884237988581382	
1414311296720281602	
1414161183028899846	
1414208372941803531	
1414350821790142465	
1414157405567426562	
1414665790306066433	
1414656572077187078	
1414648559832649737	
1414647640550043648	
1414626858532937736	
1414623083604836352	
1414519930104336390	
1414522489183608835	
1414540039048941572	
1414645473638592515	
1414611759323750401	
1415024873177370624	
1414981697565769728	
1414974147256406023	
1414969159604051970	
1414963678722629637	
1414829464387657730	
1414872231440752640	
1414856134041632769	
1414848460843483136	
1414883550172745729	
1414750817748348936	
1414887333485219840	
1414916548339273730	
1414908859555086344	
1414894876920057858	
1414765042952671236	
1415248242569146368	
1415146556253036547	
1415300687584395270	
1415266910120419328	
1415299450629668865	
1415691373433528326	
1415494364550205440	
1415494350033752064	
1415600775867338754	
1415695545289506818	
1416048880366415873	
1415865287983783936	
1415923173783080963	
1415973496270725122	
1416131554766589952	
1416065086490247169	
1416067117972037632	
1416033514252771330	
1416333375527284739	
1416310843558416386	
1416340542498033664	
1416391260571521028	
1416412518784765955	
1416744951879069697	
1416752005247168513	
1416794408654032898	
1416672866343424000	
1416737029619019779	
1416707579376398339	
1417064243485097987	
1417059675405619202	
1417059663288299522	
1417223750748016645	
1417134271286812672	
1416977378836766723	
1416915834958581760	
1417194045500116997	
1417523086031687684	
1417500431765409792	
1417548501093732353	
1417499362226282500	
1417585374805729281	
1417461931397419009	
1417461840364412931	
1417455516809252866	
1417485725826695173	
1417433125546647559	
1417831016647970821	
1417831004446760964	
1417845709798215683	
1417840314589536259	
1417838299045974019	
1417824696775548928	
1417873182359498756	
1417777886556155907	
1417781440633352199	
1417781419233841156	
1417747687928066048	
1417717247015985155	
1417785436471132161	
1417834263429451778	
1418217414987194368	
1418218304427069442	
1418212260812525597	
1418211537085374465	
1418209079000850433	
1418204824139538445	
1418234397283610629	
1418241958389063680	
1418123795743666180	
1418139087320518657	
1418152357465006085	
1418159918608052235	
1418240202586218497	
1418588488144809986	
1418610627640131584	
1418414204340477956	
1418416219485401096	
1418522281500987395	
1418526454418079744	
1418516129467695106	
1418511355435315200	
1418480772353204228	
1418511343699648513	
1418599718670716931	
1418609633967542280	
1418625612638347265	
1418864802395471874	
1418916654914883591	
1418957688583696389	
1418957671860948997	
1419346976424873989	
1419325597256355841	
1419156730152308740	
1419380321322082305	
1419439589316448258	
1419664838737862659	
1419659808429510656	
1419655545989079044	
1419643364765573123	
1419640412696838144	
1419640235147808770	
1419672386702434306	
1419698920821719042	
1419454190326145026	
1419614326265106436	
1419604801092915201	
1419604153312104450	
1419597254826946560	
1419544148340744193	
1420025626598289414	
1419994004028936192	
1420391548596932611	
1420207404751282179	
1420178332507770883	
1420388706444357633	
1420424090318376961	
1420725535332782083	
1420727418067750912	
1420736327474053125	
1420768484649275393	
1420682952988581891	
1420715749379690498	
1420664608747098112	
1420798289343967233	
1420832774374641665	
1420840066927058944	
1420796024050786307	
1420855039438974976	
1421061370687246338	
1421048058457042951	
1421136511588868096	
1421179930168020994	
1421130787869675528	
1421022275059404800	
1421066684090122248	
1420935455416098819	
1421125563268337670	
1421117475807191040	
1421104325393207307	
1421562086866391045	
1421509098391048192	
1421427183243825153	
1421414867123150854	
1421412341363531776	
1421414853378416644	
1421367162271272968	
1421357489027575808	
1421743784774103040	
1422074454956335105	
1422277409596837903	
1422336432991981568	
1422281082590830592	
1422254890898780161	
1422124795026546691	
1422602805894737927	
1422502550524268558	
1422501735684321280	
1422497506366136321	
1422587850919354371	
1422482273379618816	
1422422758592376834	
1422473088680092611	
1422452438179598341	
1423055677870657540	
1423032784126238724	
1423032770805174273	
1422948835710537736	
1422898246729539592	
1422811681307074560	
1422716808696516608	
1422782117306507267	
1422796211719868420	
1423119835739824130	
1423411131591233538	
1423277260371488774	
1423282540580728837	
1423296880306360327	
1423310791269302274	
1423314374316335106	
1423314385800372235	
1423316617681801221	
1423260642450890754	
1423194701784502272	
1423113557541941249	
1423224160122146819	
1423194713440489480	
1423415790527598592	
1423679533610266636	
1423686956303613959	
1423642530629914626	
1423677643770122240	
1423590190866518020	
1423568416401629188	
1423560870441885696	
1424036880698417156	
1424044052589072388	
1424001144532049924	
1423993723554205698	
1424053114395496450	
1423986168656326657	
1423950939161985025	
1423986181365067780	
1423986298012901377	
1424430723642003458	
1424344416412606476	
1424294701381816321	
1424451620981526529	
1424695430500192257	
1424766447427866625	
1424668729862930432	
1424651054558240772	
1424601224460963846	
1424567000215425028	
1424565740137435137	
1424747588448776195	
1424717753525489673	
1425121007224836101	
1425091956183650318	
1425123162166022145	
1424984250583900161	
1425027213385154560	
1425019856869416965	
1425005767879397379	
1424912524470747137	
1425288251309387778	
1425381256284495875	
1425339337206419458	
1425354064271798272	
1425459487587110919	
1425454989049139205	
1425383758123864072	
1425455370928021504	
1425686878783606788	
1425694052100440065	
1425803027877752832	
1426191328589717509	
1426184626255630339	
1426082361809063940	
1426040077092753409	
1426573972355772416	
1426847654357573632	
1427777032860037122	
1427720411232411651	
1427938726542413834	
1427927390445969423	
1428129862150025219	
1427927402785632262	
1427997461776244746	
1428023022745645060	
1428051585347641345	
1427832891870904321	
1428379104269713409	
1428318326346817544	
1428280679050227713	
1428212516908244993	
1428271536268480515	
1428778246456307717	
1428748666584580097	
1428712800038408196	
1428637194671984647	
1428672692547297289	
1428574781222264834	
1429381725000400897	
1429846409746935808	
1429785768688439301	
1429750413683687425	
1429838102424702977	
1429867551048171522	
1429657424827346947	
1429656282772885510	
1430163753773981696	
1430144247961849863	
1430146057695121419	
1430137328895336457	
1430208307025760262	
1430015776824594432	
1430470745088528384	
1430385333317750784	
1430513189909721095	
1430513178463506438	
1430506143881695235	
1430552686177390593	
1430576028963983363	
1430846257371648000	
1431363661537296384	
1431887485798207495	
1431859423694114821	
1431861186253840386	
1432278570697515015	
1432278559079350275	
1432272889823256578	
1432271260415791104	
1432328278589657092	
1432287998729723908	
1432378992523317255	
1432375764712927232	
1432356463461105667	
1432718471977226250	
1432824412126920706	
1433043349888376837	
1433052024552280065	
1433062083134849028	
1432999910220107776	
1432979680416591876	
1432942817282650112	
1433082221422956555	
1433454293764427780	
1433391757425795074	
1433294380689866754	
1433459706639667203	
1433470551134064644	
1433362074172678148	
1433454450773925889	
1433829911249100801	
1433646450181754884	
1433724470120759296	
1433817058068758540	
1434204377489678337	
1434183258305019914	
1434204389435052033	
1434183234867253251	
1434647298009563138	
1434916805231857668	
1434909264682708993	
1434896698136952835	
1435187354566742018	
1435220829420367873	
1435286759626051593	
1435338865527582720	
1435437626543116292	
1435979578342711298	
1435941053467561989	
1435966225650266116	
1436106658883661836	
1436025375830646784	
1436015098821156888	
1435951130966515723	
1436173988837748750	
1436254061783879682	
1436259037352394752	
1436263175620423685	
1436358442386530313	
1436381719947452419	
1436294405359505409	
1436788907761291265	
1436947584682135555	
1437112411278905346	
1437302288800878597	
1437415782754000898	
1437358029897285632	
1437374247006056449	
1437791007161073675	
1437750493325905921	
1437724517879660553	
1437784072068243466	
1438152793055956994	
1438145891609817096	
1438036933658169354	
1438100270446170117	
1438095776169840640	
1438090507599577093	
1438085626998444034	
1438076137914003456	
1438067309957025792	
1438061791641161732	
1438039654897385474	
1438070629161480193	
1438529260306665474	
1438540231213465605	
1438533024849686529	
1438515209979584512	
1438488446239219715	
1438517938865127431	
1438557431508848654	
1438852311351169033	
1438904343772549121	
1438720255774183425	
1438826595192479746	
1438899704360685571	
1438868984204386316	
1439861149193752580	
1439878903426805761	
1439980344934084613	
1439967367837016071	
1439957705385467909	
1439947049127055366	
1440219511806775296	
1440177358678343692	
1440352346203045893	
1440268848645611528	
1440337960239439883	
1440270419177603076	
1440834814970531851	
1440848909622861831	
1440892317859074048	
1441006711318269963	
1441039764816228353	
1441339399426379776	
1441394282569641984	
1441446125924282369	
1441419939240312832	
1442459001782947844	
1442456374839971848	
1442557372107575298	
1442805571372027907	
1442809580044447753	
1442890359818706954	
1442893662535307271	
1443206419927474182	
1443152857964814336	
1443287989157699584	
1443517040854192133	
1443516748393693184	
1443628346152132608	
1443626580949995526	
1443602427278553092	
1443582655803445248	
1443927828165120002	
1443952560709189657	
1443879007468941313	
1444219614846619648	
1445015953041936394	
1444934450727378951	
1445038067321028611	
1445841554883547143	
1445854908981276679	
1445691578186547206	
1446060597423005705	
1446047171422289931	
1446048906425536517	
1446066522477105155	
1446071948094570498	
1446073457985216516	
1446082889951571973	
1446093471370997767	
1446139287259418627	
1446140784122556417	
1446137884155674628	
1446122406850957318	
1446132457238007815	
1446489070683582469	
1446535501192712193	
1446508111632736258	
1446497657396994050	
1447587408057454594	
1447582917647994880	
1447577750412296192	
1447548789842137091	
1447570080502464518	
1447579548959215617	
1447492070399037441	
1447860845627777031	
1447740942383923202	
1447809537294036994	
1447835316304236547	
1447849523204681728	
1447913694688546820	
1447894822803623942	
1448295095996862468	
1448279857800962048	
1448273565694906381	
1448252319670280195	
1448320392251121666	
1448305109948116992	
1448302648067645448	
1448298731174961152	
1448225781339987969	
1448225792849186816	
1448714492360085519	
1448626283382857734	
1448585369914535936	
1448598751581331461	
1449024548490383366	
1449051217930252288	
1449077648626311168	
1449006547422486541	
1448970308111659009	
1448968431202549761	
1448937458884767745	
1450109412262170627	
1450050272542093326	
1450085534617899019	
1450081999528493066	
1450080016658747397	
1450607724358619137	
1450410916525215746	
1450907194124161024	
1450831672128139269	
1450824136012468230	
1450827448929566727	
1450828296191496194	
1450635400804896768	
1450759427447943170	
1450763734301954052	
1451019813183111175	
1451173323157557255	
1451175241703518210	
1451176965310803973	
1451175229372309506	
1451160868826144778	
1451141214514737153	
1451133663064825856	
1451133301234679811	
1451182374570512384	
1451214699459141636	
1451207159945961473	
1451192297517953026	
1451217967874707459	
1451124645281759235	
1451224258630205442	
1451209161635684355	
1451135312130805762	
1451483618128240650	
1451492178518106120	
1451483606593912843	
1451615854353813504	
1451602018682867713	
1452614319212937220	
1452656081528778762	
1452637337188438021	
1452657264737804289	
1453107180131864577	
1452956440553873410	
1453372878246776840	
1453309286168285187	
1453348018288140288	
1453716469380907028	
1453705504534925316	
1453859122227683335	
1453661842677452805	
1453651518163275785	
1453648257494630400	
1453677460940214273	
1453870338958245891	
1454082622708199424	
1454089184969302018	
1454111823775473673	
1453922552858877953	
1454015798045937666	
1454037836429099008	
1454491822785372162	
1454940385088737286	
1455215604089061377	
1455096046309105668	
1455861836033654792	
1455920868505243649	
1455913910603812873	
1456224609557094411	
1456212420360237062	
1456261233343021062	
1456262349132689420	
1456264742658396168	
1456266016674103307	
1456276297714442242	
1456215675295338496	
1456379119529181202	
1456408439429554176	
1456734341816487937	
1456704259064434690	
1456553765859778564	
1456573781774721025	
1456592136724525057	
1456626923749134340	
1456632393758957568	
1456582328155709448	
1456587834249392133	
1457654950494887936	
1457718440890757123	
1457760469549084672	
1458037583867518979	
1458148213148508167	
1458129041999818753	
1458152674151567367	
1457936812433829891	
1458057561874202625	
1458059318150918144	
1458155068306296835	
1458156705766776833	
1458161865054244864	
1458161876219531269	
1458560125677944832	
1458397549409099780	
1458455930601832454	
1458441816785637378	
1458284421665099777	
1458852291948138498	
1458831793147187201	
1458813919745642496	
1459279124497793027	
1459128367408549892	
1459113271131193352	
1459114908851720198	
1459143949029810182	
1459174145384714246	
1459178064990986246	
1459436387879456768	
1459824217390608387	
1459870266394251267	
1460100893794209795	
1460186604564267013	
1460195657394786305	
1460212632376381441	
1460261308868268034	
1460260202096185347	
1460667669728878594	
1460606940703334400	
1460664361123389448	
1460549577690468353	
1460561676747436036	
1460565326706319361	
1460823034487394304	
1461439586593169409	
1461301912461000709	
1461279164074389504	
1461685958475010053	
1461652975672119303	
1461734153376780288	
1461753669603315713	
1461736041426022414	
1462790470648672259	
1462840450067296261	
1462843866113986562	
1462732362576322561	
1462862445064728584	
1462852164829827074	
1462777023101759491	
1462732449453072387	
1462737890937507843	
1462843866113986562	
1462852164829827074	
1462862445064728584	
1462840450067296261	
1462732449453072387	
1462732362576322561	
1462790470648672259	
1462777023101759491	
1462737890937507843	
1463100912260444161	
1463099294026588162	
1463095749650964484	
1463094005290311681	
1463093993680433152	
1463281211871137796	
1463228132622671873	
1463169614146326551	
1463154147784486913	
1463137491800760322	
1463099294026588162	
1463083150163255303	
1463100912260444161	
1463137491800760322	
1463083150163255303	
1463094005290311681	
1463093993680433152	
1463095749650964484	
1463490080874500105	
1463474872835735562	
1463516779418992644	
1463532845482364928	
1463451091677290498	
1463448627221831680	
1463896396864495616	
1463894787937878017	
1463885724747329537	
1463896407895511045	
1463845811943469064	
1463851210721542145	
1463983360741556251	
1463906593972518912	
1463863178735931395	
1463779251337891840	
1463803915661578241	
1463809697442582528	
1464165398706901016	
1464250496625963012	
1464254005937246208	
1464262683461668867	
1464266726476898308	
1464266446414876673	
1464285715068375042	
1464342134694330382	
1464350751870828550	
1464188731523481603	
1464203572396974080	
1464210479333580800	
1464241817499492353	
1464315414645657603	
1464628471171149829	
1465107883415146498	
1465327327093555204	
1465336526867349512	
1465284119621996550	
1465345095465537538	
1465313625757786115	
1465261396212342792	
1465259782516789253	
1465259770420498434	
1465218615595077634	
1465189040475439106	
1465278632071364616	
1465289898932457473	
1465359111697092614	
1465663150464901121	
1465692110187761675	
1465646935813984260	
1465633683147304961	
1465694003257511943	
1465704677979217928	
1465605801930723334	
1466069093732155399	
1466076261462134791	
1466058969655521280	
1466059664471527427	
1466040547009871886	
1466015998453026821	
1466012954571141122	
1466005191732318212	
1465975248801525760	
1465958631338246146	
1465883882289467395	
1466039408319074307	
1466039518247759881	
1466009179726893057	
1466474587458310159	
1466460194783723520	
1466281232551989254	
1466443812293648384	
1466397881795973124	
1466390716838416389	
1466518330861256704	
1466366153354354689	
1466309804138237953	
1466817028400898051	
1466826098541428739	
1466741777814097921	
1466837423682297858	
1467853115894349829	
1467834290520133642	
1467829927252742150	
1467816873462951939	
1467845026638086154	
1467810083904000003	
1467806019388522501	
1467825372519493638	
1467931851780235273	
1467906719237885953	
1467897875308810240	
1467891118901768194	
1467885823207276544	
1467868413469290500	
1467946471399968771	
1467861155137810432	
1468223575559917568	
1468270217448935428	
1468228805932331008	
1468205432665620484	
1468186023544950790	
1468182046061170688	
1468174699360243713	
1468191112560988162	
1468016170515140608	
1468193573115875330	
1468191100598845443	
1468603579950718979	
1468604817996230663	
1468565161023733761	
1468512696274329601	
1468579002898018304	
1468543381320220676	
1468540261902917639	
1468551361596108806	
1468899475271815169	
1468811915908452355	
1468802982875598848	
1468903404768428033	
1468978033990135810	
1468981263667118080	
1468979535697772548	
1468947290387730433	
1468946328973549570	
1468946316843618304	
1468926294989570048	
1468920868550189058	
1468913325606006787	
1469365064096358402	
1469290811653333002	
1469284028599595013	
1469275704281866248	
1469932567746859009	
1470407699124871173	
1470256183084683265	
1470300599988097026	
1470724653630955521	
1470711199570427905	
1470756712881827846	
1470805186621095939	
1470552513568931845	
1470769295307202571	
1470806807505358848	
1471154332523393025	
1471158107313160204	
1471135458537181191	
1471150215633653763	
1471075344786640896	
1471139233003982854	
1471147903108337664	
1471069668341280769	
1471143008632455174	
1471076967122309120	
1471147843771531265	
1471081351847858181	
1471106295306481667	
1471092676208390146	
1471111455030358020	
1471127801054912523	
1471113456384299011	
1471115325806497792	
1471037960212549632	
1471050179356905472	
1470978439758835714	
1470967378615832578	
1471452688705417217	
1471533612705083393	
1471427853204037632	
1471505355976765453	
1471503151714816013	
1471848981588234245	
1471853174680137733	
1471894353555562497	
1471864158958153730	
1471902659498033152	
1471904551062020098	
1471801095177613312	
1471803394608168961	
1471801490436091906	
1471811707747979269	
1472322049498439683	
1472108514696777731	
1472516581397696514	
1472802966612557828	
1472939847811616768	
1472798680277127168	
1472923184286609423	
1472938355822194688	
1472938368220602369	
1472960514133147650	
1472910906979930119	
1472965879923187713	
1472927264652234753	
1472893290982690820	
1473227519616712705	
1473411846908510208	
1473250645725483017	
1473238312932593665	
1473256971562192898	
1473257362245001218	
1473346289509146626	
1473277462603722753	
1473314580679987202	
1473322369661997059	
1473302377700773893	
1473330706805710848	
1473352573943894019	
1473360118066520065	
1473404549276659715	
1473167364963270662	
1473169388400373761	
1473169376975089665	
1473264486777774081	
1473653076577841152	
1473801551940501504	
1473644490812502023	
1473640716215668737	
1473636941019156484	
1473606559607529473	
1473598216297873409	
1473599191159033861	
1473517196504485896	
1473517185066684417	
1473650705286283265	
1473658108782075904	
1473696873059868678	
1473696859181006851	
1473695106242957333	
1473695091437060108	
1473684763701497856	
1473591668733472769	
1473674690166149137	
1473679723125428231	
1473660235675885580	
1473664623463346187	
1473976831380312067	
1474040852607643654	
1474046541157449740	
1474066922501115905	
1474103653698990080	
1474027011152646147	
1474017700183564295	
1474012311199404037	
1474002375169875971	
1473997091126984706	
1473981713004916742	
1474011799120875522	
1474033051537604619	
1473968400405712897	
1473828595046879236	
1473830354351837185	
1474352297480097792	
1474379820083593267	
1474311405968846848	
1474317815620325376	
1474408450667028492	
1474368008533340163	
1474723601278455811	
1474721735484133377	
1474762623593811968	
1475147142024941571	
1475022965498515458	
1475187407368589312	
1475238887563796481	
1475134827930079232	
1475431515848777734	
1475468912976224256	
1475468901123190784	
1475420055714385926	
1475487902712754182	
1475574769504460817	
1475529946940411907	
1475770135738679297	
1475731128682094593	
1475727750140882945	
1475798686496088065	
1475808751445757957	
1475920882358910979	
1475880866177957890	
1475872067706753025	
1475870435665330177	
1475850181144989700	
1475930320499212290	
1476201338316808199	
1476198713311649793	
1476198671121371136	
1476196305277833218	
1476196099291586560	
1476217696656125952	
1476130880506662915	
1476138448570388481	
1476167913526620161	
1476146763824123906	
1476249809296101377	
1476399416625876994	
1476556445638299650	
1476489757932670976	
1476518427787415553	
1476505732614737920	
1476499050237100032	
1476522226383872001	
1476577567658422273	
1476561509329166345	
