1472754844477788160	
1472889336362192896	
1473035742926491649	
1472874416606306306	
1473068024047411201	
1473021636878094336	
1472982631918800900	
1472989961121153034	
1473073227106709506	
1473194023540117508	
1473211638727647234	
1473214344875765761	
1473436637711388675	
1473424464255803398	
1473422371323273222	
1473420659321679876	
1473397874033508356	
1473394922413826061	
1473085143187435520	
1473376981655990273	
1473375660823519233	
1473373324357087240	
1473363479000190979	
1473348625178804226	
1473338596929249291	
1473330777836371968	
1473380200075378693	
1473237019283255296	
1473315959754702856	
1473085809343574018	
1473086880887582731	
1473703967121096705	
1473701679056969730	
1473493495734169600	
1473473365017079812	
1473482140801191942	
1473465813176836101	
1473544751668350982	
1473634424516272130	
1473574026496954369	
1473579070113955842	
1473689497653104656	
1473682792559136778	
1473668777602547712	
1473682266312388610	
1473488848206254082	
1473719465397428236	
1473726431943344144	
1473748929175031808	
1473749839414542342	
1473749893936300043	
1473795373697142784	
1473711423545090048	
1473707304713429010	
1473749964085944320	
1473759196411797510	
1473758928102207502	
1473758796895997960	
1473750023754203138	
1473750099268444166	
1473843301132296193	
1473812481600638977	
1474017399221342208	
1473835757685063686	
1473836006554013696	
1473924031636144131	
1473881049793019904	
1473896152370233351	
1473847642987765768	
1473885566013829120	
1474065198688481280	
1474065420210651141	
1474025580848840704	
1473916281581707265	
1474042652274446338	
1474045637419319296	
1473959960123822081	
1473955826817667072	
1473951513731080194	
1473945899298541570	
1473936414274297856	
1474059453444018176	
1474050433450713095	
1474046176051793923	
1474046097232478212	
1474045715185905670	
1474045555089231881	
1474132850043719687	
1474126747062919170	
1474102964797255698	
1474142396694863877	
1474080815269228547	
1474076420620042245	
1474142670746525701	
1474096030220181506	
1474143153385050118	
1474160870305329156	
1474143961480630281	
1474452236608675843	
1474420279132758019	
1474405852975190019	
1474484951118712834	
1474515233381273611	
1474495740529491970	
1474393130266808331	
1474477482447228929	
1474316716922466304	
1474205692013723650	
1474293769172176901	
1474366117141364736	
1474317858658127873	
1474339810508632064	
1474344841278414849	
1474185535262531584	
1474787343504707595	
1474782673596035074	
1474789803464040455	
1474602102332657664	
1474537879594545154	
1474548350842073088	
1474595758963761155	
1474711529857556486	
1474853448512323586	
1474719072281509889	
1474641057266601985	
1474817051118247947	
1474889797332201473	
1474853373023301633	
1474853316593172481	
1474853504506343426	
1474853040540770304	
1474853176801177607	
1474853243180261382	
1474902781899120640	
1475000895528050688	
1474924495076872192	
1474928764475691011	
1474938020973346818	
1474979906186452992	
1474943047213461512	
1475155268333977605	
1475098727299706881	
1475119211198435331	
1474948080449556485	
1475126737507917826	
1475135602546946052	
1475063843227267075	
1475156384517955598	
1475206749409923082	
1475201403345903626	
1474912848170127363	
1475181769993474051	
1475178994567897093	
1475126619668983816	
1475426426979422211	
1475575153383854084	
1475575266068025352	
1475575364541943810	
1475575425606856706	
1475588600901386241	
1475579823259275267	
1475586453111513094	
1475575020399341573	
1475510488536690698	
1475575603403370500	
1475511794743463936	
1475601568762372098	
1475504398679908354	
1475431264261967877	
1475473637163421702	
1475609856472084482	
1475614841087819777	
1475273111478042626	
1475614123492659204	
1475388041279590400	
1475397401103847424	
1475574891516731398	
1475514995823755264	
1475532757489094663	
1475557096225607680	
1475544858601398274	
1475558758793330698	
1475893724521586691	
1475900771585732612	
1475920466091073539	
1475910850242400257	
1475900847645155335	
1475900713683275790	
1475900530765574156	
1475900475451097095	
1475923256662126592	
1475900646981345296	
1475862207405699073	
1475888019643277319	
1475885897233088522	
1475881248623149072	
1475843989605597188	
1475878458937032716	
1475803718515892227	
1475723193482682370	
1475666071604510722	
1475647694014058500	
1475662795328741380	
1476195046999445506	
1476196305298804739	
1476197520472637445	
1476206388745363463	
1476227697483337733	
1476238362151374848	
1476253258842845190	
1476258440783835140	
1476259221557633024	
1476238694873018368	
1476193719569113089	
1476055379364614147	
1476313541502197762	
1476118170050064387	
1476145237789536257	
1476149212450492419	
1476096320087625729	
1476313684259520517	
1475987429098196993	
1476065442791784449	
1476085953244454912	
1476313594266537990	
1476296994859917312	
1476303325616386053	
1476313475580407814	
1476010081904840706	
1476238415721111558	
1476357369512689665	
1476558693193846784	
1476389610162851845	
1476360194548383753	
1476576803284299777	
1476604936553218049	
1476452996628180993	
1476447966823018498	
1476447648555040768	
1476446586976681984	
1476408166174781444	
1476580084366684170	
1476608996513624068	
1476601470946529291	
1476658828741648401	
1476684445612748807	
1476674458551296004	
1476666906564182022	
1476638448345882631	
1476623155246600200	
1476622848559132672	
1476622352704319496	
1476639653067436032	
1476650067775918087	
1476682006905778185	
1476979000903876618	
1476742403797110790	
1476733292955127811	
1476719760356220933	
1476825044734992384	
1477028023748726787	
1477024770919174150	
1476770086018969602	
1476765053407817732	
1476883555330322432	
1476853491804950529	
1476965031451533314	
1476966421687115779	
1476966717326872576	
1476966856758112262	
1476966906766761984	
1476950176245985288	
1476933505087000583	
