1235187694285639686	
1235188246025588736	
1235193275147071489	
1235203345821786116	
1235192699579437056	
1235146627653881857	
1235208374742065153	
1235176917747154944	
1235353346103341056	
1235339240499605504	
1235165430035210240	
1235164775862038528	
1235169368138371075	
1235329866071003137	
1235165592832708609	
1235142945315188742	
1235154268107288576	
1235138643338989568	
1235141790308552704	
1235111072392044544	
1235161818013642752	
1235158875617161218	
1235424800597819392	
1235362235393994755	
1235370083108569088	
1235372300624515072	
1235374469050494979	
1235381185842307072	
1235384829203496960	
1235385370050580480	
1235389568565874690	
1235460034898710530	
1235394601839665152	
1235409337993973766	
1235484540988043264	
1235486690891796482	
1235489927963398144	
1235551452799500288	
1235551248780152835	
1235550631223414786	
1235545596741681153	
1235540563593580545	
1235399133432709122	
1235540437672161280	
1235479233801019392	
1235475134795767809	
1235475984591114240	
1235511787476250624	
1235445280515866624	
1235449273841364992	
1235451392141053952	
1235429834274160640	
1235459949552996352	
1235460767865925633	
1235465066008502272	
1235466979596587008	
1235531181740814337	
1235525463973523456	
1235530497125736450	
1235520432691793921	
1235517914268274689	
1235515397694242817	
1235555663138430979	
1235560696072548355	
1235490232339812353	
1235495265072627712	
1235519672709050369	
1235505333847519237	
1235510364432814080	
1235500298187051009	
1235565732848680960	
1235575795629740033	
1235521775196205056	
1235649167793500160	
1235673246965673984	
1235674890734309376	
1235585862253109251	
1235706658103480322	
1235862685952196608	
1235892885087834112	
1235887851893657603	
1235881879175217152	
1235874585762906112	
1235867722388361219	
1235857652875440129	
1235847772084961280	
1235844252111798275	
1235842429095276550	
1235837996261203968	
1235877785526300672	
1235852546314387457	
1235897920697720835	
1236068527741849600	
1236066196866445313	
1235792223146393600	
1235731621375959040	
1236033137488130054	
1236031249363460097	
1236059072325185543	
1236048913859309570	
1236048742744276992	
1236045414010417152	
1236033815807537152	
1235906988841697280	
1235907984464605185	
1236055903348166658	
1235917924247851009	
1235918314569748480	
1235921436360888321	
1235925601149571072	
1235933968249192448	
1235948249938161665	
1235933150540443649	
1236063724038955008	
1235832486925606912	
1235881117435092997	
1235751956418830336	
1235726790561116160	
1235721757325168640	
1235738998376554496	
1235745503653945344	
1235827453852975105	
1235822901414088704	
1235747214430834690	
1235819904017649664	
1235811628030943236	
1235800914876706817	
1235744142984167425	
1235782155340591104	
1235776870496509958	
1235772089258344450	
1235767055762116608	
1235756989713612801	
1235817387548606464	
1236069045805428736	
1236070961947918336	
1236073994685755392	
1236074804186361858	
1236076261803307008	
1236087169304768512	
1236086379848888327	
1236084145312460805	
1236089178359619584	
1236124410953625600	
1236094577506803713	
1236160220734185472	
1236159642583085056	
1236154610315755520	
1236139510058168320	
1236094214129119232	
1236134477136568321	
1236119377298116609	
1236114344204791808	
1236109310972878849	
1236104277854044161	
1236103445209210880	
1236094932059697152	
1236129443606749184	
1236248422186795008	
1236302506327605248	
1236313154558152705	
1236432799713955840	
1236184808457416705	
1236431781609562113	
1236366002440613888	
1236305649484451843	
1236179775464464384	
1236169709323718656	
1236431433570357248	
1236297630969298945	
1236396203190829056	
1236199908283215872	
1236291023581499398	
1236185292102488064	
1236280438764851206	
1236275407332114437	
1236280438840328195	
1236268049465917446	
1236256073834565632	
1236270447643127809	
1236200402283974656	
1236236560414027777	
1236225073700274176	
1236212001698795520	
1236207458135101441	
1236245206619561985	
1236205096888725506	
1236454326869975040	
1236452401726423040	
1236447938420723712	
1236471862667784192	
1236441894428635137	
1236456758857461760	
1236501790889132032	
1236466665778376704	
1236537129989218305	
1236481765100814337	
1236496864796606464	
1236516998290391040	
1236528028299100160	
1236464107018059776	
1236456601164435457	
1236630752403410944	
1236632760376123394	
1236622695443333121	
1236612627633180674	
1236602561161019393	
1236607594287861762	
1236667995029569536	
1236793821549268995	
1236657926384820231	
1236597987884687360	
1236661095219089415	
1236592496668540928	
1236591954474876929	
1236587461721063424	
1236560253493202945	
1236547742421233664	
1236547197094805504	
1236647859694399488	
1236562586964901888	
1236652899339395073	
1237060583209525248	
1236969983097397248	
1236949849536430081	
1236945716787834880	
1236942468894998528	
1236936575415533570	
1236935990612086784	
1236924882929061888	
1236946491836526593	
1236995148141088769	
1237087603511435265	
1237030381049843712	
1236995109758980096	
1237026145318490112	
1237024580859908096	
1237023406438006787	
1237010247685795841	
1237005727778004993	
1237000181427683328	
1236997664895459330	
1237081273149140993	
1236827371853852673	
1237160345656905729	
1237156209532325895	
1237154221063094277	
1237151459852070913	
1237147715978563584	
1237146937083801600	
1237146650499526659	
1237144754124656640	
1236854219426213888	
1236839119935897600	
1236834348575293441	
1237161242638159874	
1236971158496399360	
1236820443656404995	
1236819302826700802	
1236818987494846467	
1236814738362748928	
1236810674262560768	
1236803888298090496	
1236859252511301632	
1236975015783956481	
1236985085825617921	
1236980048764088320	
1237136076692688897	
1237135601494884352	
1237133869343793153	
1237105878630875136	
1237096563119403009	
1237094802711248897	
1237126710707007488	
1236909781249449984	
1236893724308725768	
1236884418393829376	
1236879385355063296	
1236911031709872134	
1236865676469350400	
1236914617500217344	
1236919650534985728	
1237323765974831104	
1237292104751165442	
1237290754441007104	
1237288023491928068	
1237282038467575808	
1237272298681319425	
1237266938964979712	
1237335170220306439	
1237336145165336579	
1237227000479141888	
1237347469689675778	
1237298089733447680	
1237190257105231872	
1237513565218557952	
1237259170803363840	
1237498172924203008	
1237412603200036871	
1237397507971276803	
1237391497080655872	
1237370384510382080	
1237363122756714496	
1237383205268963329	
1237187686139494400	
1237169977326587904	
1237186408256876544	
1237256873159659520	
1237166275648016384	
1237184360408727552	
1237181377260511232	
1237171308812734472	
1237192880755621889	
1237171797390282752	
1237176342082392064	
1237199297252216837	
1237246707303211009	
1237236739871084547	
1237231706840526848	
1237221724950630400	
1237177686897782785	
1237220313999355905	
1237196978519302145	
1237251839487365120	
1237199753777000448	
1237201507725889536	
1237212396617232385	
1237594094827753472	
1237664562264055811	
1237669592287199233	
1237674625347104769	
1237679659946520577	
1237684691651579904	
1237686884458872833	
1237687208158478337	
1237635375440379904	
1237634652069744641	
1237588809774137344	
1237596800271265793	
1237568928894902272	
1237614227344347136	
1237629326834761728	
1237609194095874048	
1237659525756280832	
1237654854312443904	
1237649993932001280	
1237762706503094272	
1237875954170630144	
1237654492817928192	
1237883613825261569	
1237885870637592579	
1237695655755141120	
1237694759671652352	
1237529614672490496	
1237539693538889728	
1237545103125667843	
1237550425911386112	
1237550631583248385	
1237553829366947841	
1237557999981318144	
1237563895696457729	
1237645215260794880	
1237649459321995268	
1237884260255596544	
1237699791263535104	
1237888307624701952	
1237758930962571269	
1237756401276993536	
1237700669026398214	
1237704824361226245	
1237709520094105603	
1237714890795692033	
1237724956974125059	
1237750122886205441	
1237740062869270528	
1237734824812544000	
1237748123117572096	
1237741770328248320	
1237741592603049984	
1237745089746591745	
1238082311935209474	
1238042048814624768	
1238045122995949568	
1238047079739473920	
1237954611866030080	
1238049964808228864	
1238092378138763264	
1238087346182111232	
1238092176631820291	
1238097195494043649	
1238097411249033217	
1237956482479673352	
1238111395864076288	
1238112510688940034	
1238084515177721856	
1237963498576998400	
1238013024658579456	
1237981648358010888	
1238113769059840007	
1237997061154295808	
1238026946790883329	
1238024399330009088	
1238012285316026370	
1238007532796424192	
1238006814207119362	
1238005491315294211	
1238001781126266880	
1237986681581527040	
1237982819491540992	
1237976319771553797	
1238118372170067968	
1238125095446630403	
1238120060591341570	
1238170022272434177	
1238204234044243973	
1238224328287817731	
1238240787537723401	
1238068550297772037	
1238067212230909952	
1238062179154366466	
1238057146161467393	
1238056387323629569	
1238054188984045571	
1238052112639995905	
1237951197652361220	
1237946416129101824	
1237917744437190657	
1237916217165246465	
1238072247861907457	
1237901266639974401	
1237904613207986176	
1237905528862326785	
1237906775573057536	
1237906818115883008	
1237909986421796864	
1237911184096944128	
1237913315768057856	
1237916849968304130	
1238077278644400129	
1237897014039347200	
1237921874396364800	
1237943010027098112	
1237941382985035776	
1237935247716536326	
1237935063066488840	
1237931316772921344	
1237926747577802752	
1237926283582951427	
1237936351179235328	
1238258472711589889	
1238311106675761153	
1238308804011462656	
1238291823157596161	
1238285015227584514	
1238284081550376960	
1238279579145392128	
1238264001504698369	
1238260123627290626	
1238303804614795271	
1238255376019193857	
1238253447494766593	
1238443294557798401	
1238463068100644865	
1238464832183001090	
1238468822933344259	
1238469865494593536	
1238472558120337408	
1238404436030115840	
1238400050222391300	
1238398994860007425	
1238324672585842689	
1238328937966702592	
1238339003041976321	
1238340493320187904	
1238354102565863427	
1238359418929999872	
1238360673135935488	
1238364168857595912	
1238369201972228096	
1238610794188865536	
1238478098531643393	
1238459799097864199	
1238568134401024000	
1238585451591729152	
1238477789348548608	
1238394367896887297	
1238389336560689152	
1238375612768632832	
1238375280395177984	
1238583957253431296	
1238439666602262529	
1238424042282971136	
1238268894491447299	
1238419533683138560	
1238414500497215497	
1238409467462549504	
1238404436927660033	
1238454766109425670	
1238298569804660736	
1238429464708562944	
1238318696038166528	
1238849373871595521	
1238963115670282241	
1238971288820936707	
1238969204465790976	
1238902145841274882	
1238870483216617475	
1238861928744792068	
1238853644172189696	
1238849870477185024	
1238842321329766400	
1238838544753360897	
1238786954797305856	
1238832253272240128	
1238771855332446209	
1238774864078462982	
1238785194661834752	
1238793629696544769	
1238799411469144064	
1238802054275096576	
1238722024224124928	
1238717747241996288	
1238726054195253254	
1238709827091628037	
1238706425137750016	
1238696647875383302	
1238691574877282304	
1238703630129057793	
1238686768154570758	
1238766823505457155	
1238759792891445248	
1238756867385331712	
1238754239100436480	
1238824585237168129	
1238822186900533248	
1238863518616748032	
1238812123028840448	
1238834770571862016	
1238973708795916288	
1238722686894800898	
1238731596359819265	
1238736623162048513	
1238737281118138368	
1238743238854324224	
1238752394357297153	
1238616915318157313	
1238631375978164226	
1238624933632020480	
1238635959903641600	
1238642741426282498	
1238682340068487168	
1238678891721404416	
1238678049035411456	
1238668217586835456	
1238661444750716928	
1238659724456812544	
1238656317876604929	
1239018922373836800	
1238982277939351552	
1239099011015073792	
1239126231003459584	
1239003742847959041	
1239129878370238464	
1239003069330755584	
1238992616567402496	
1239112791425814528	
1239111346165141509	
1239104044100014080	
1239099305572483073	
1239099090257895425	
1239033579729895424	
1239023514117496835	
1239121187881373697	
1238978215349288960	
1238983248207888389	
1238985556165607430	
1238990609269972992	
1238995081673072641	
1239166536008347648	
1239160598811668480	
1239150016360411136	
1239144312278941696	
1239142130016112641	
1239139300576354306	
1239184844896088065	
1239331323619291137	
1239325504538398720	
1239335569613783041	
1239332306482950144	
1239116671010234368	
1239174725449859072	
1239179541677047809	
1239193228546461696	
1239300206157586432	
1239280206025764867	
1239250006911209473	
1239233494783582208	
1239204708683632642	
1239204133216735232	
1239199447306797059	
1239088944513519618	
1239015101023182849	
1239084230816100352	
1239084958628495361	
1239043646151888896	
1239050366622167040	
1239053712376676352	
1239058745545510913	
1239066181991948288	
1239068813007548417	
1239073845132308480	
1239078878334738432	
1239083913252753408	
1239069424545493000	
1239511730524311554	
1239486564541104128	
1239532940226248704	
1239537571622875137	
1239539395771817986	
1239542365154504705	
1239553394815070210	
1239506700362711040	
1239491628147994625	
1239562984503906304	
1239446538239131648	
1239416101584244737	
1239421133406928899	
1239426166513164288	
1239431201326125056	
1239436232972591105	
1239483671813304320	
1239505909363044353	
1239526830220050438	
1239406034046746625	
1239441266183725056	
1239478820798754816	
1239458062357823488	
1239573328634863616	
1239578077207891969	
1239582198950436865	
1239597298189045761	
1239612393765752832	
1239687891174846465	
1239693920579141632	
1239380405662306310	
1239380868092788736	
1239698677125582848	
1239401000798052353	
1239395967654170624	
1239381132237352962	
1239411067106795521	
1239456365577252865	
1239697957550768131	
1239390934560731136	
1239340604493975552	
1239471465113587713	
1239559162750595073	
1239566759868264449	
1239355951041236993	
1239461348813111296	
1239371181209186304	
1239466896111484928	
1239366740103974919	
1239365768787132417	
1239362399980797952	
1239360735597096961	
1239360408487510016	
1239350669418663937	
1239349352918708224	
1239370802551754752	
1239345635947470850	
1239842178186149889	
1239808188267909120	
1239809194095603712	
1239838887251509249	
1239833852979433472	
1239828949066076161	
1239826534237536256	
1239824321490509829	
1239818753581309952	
1239813720311660550	
1239825753258131456	
1239807366784155650	
1239853985542144000	
1239783521427656705	
1239788554579918848	
1239798620880330752	
1239733191360966656	
1239732057846083585	
1239778489521205249	
1239706930563543040	
1239707380637528064	
1239708681979064320	
1239709801074081793	
1239712824366182400	
1239717918394335234	
1239706650438561793	
1239773455035387905	
1239768421924929536	
1239753322459852800	
1239843919384338432	
1239735091502313472	
1239740686531887104	
1239743255882973184	
1239748289152483331	
1239718503180947457	
1239723123441721344	
1239728156539379712	
1239848952448593921	
1239937422810472450	
1239727303992594432	
1239864051951382528	
1239873841179979776	
1239884184677736448	
1240057430962208768	
1240056059621867520	
1239934409203052544	
1240004983736565760	
1239999740718329856	
1239974783703568384	
1239998269301886976	
1239959683026182145	
1239968513080430597	
1239948883192696835	
1239944585989607424	
1239890390938877952	
1239892610669350912	
1239905971863867392	
1239911831793065984	
1239914387038711809	
1239926989412159489	
1239929367091761152	
1239899440799858689	
1240370944306229255	
1240364299035566081	
1240304731613888513	
1240362737009676290	
1240364055149400069	
1240410604940263424	
1240386293726621696	
1240383925446479873	
1240285884554940416	
1240295913236525056	
1240415966401646592	
1240416893498019840	
1240426946359513089	
1240286838239006721	
1240246581208600576	
1240241539500126209	
1240423323428769792	
1240243093934239745	
1240261673170026497	
1240271738509742082	
1240276021489758208	
1240259403288211456	
1240263035614138368	
1240179608441327617	
1240105643941519360	
1240110676951130112	
1240118227377635328	
1240123060507881473	
1240124354651979778	
1240125777091444737	
1240130810012930051	
1240140877269307392	
1240145909217812480	
1240150942298693632	
1240155977271275520	
1240161008683024384	
1240168546383958016	
1240171075675262977	
1240171474050113536	
1240181141317070849	
1240186174766866432	
1240095577766952962	
1240067895301832704	
1240094319299579904	
1240096535624306690	
1240188031824302081	
1240196240752758785	
1240198996288655360	
1240201048209248257	
1240216376188358657	
1240226439884144646	
1240238761251725312	
1240206307325427713	
1240189621205528576	
1240092254544343040	
1240080478947835904	
1240080523088683008	
1240085511261175810	
1240087594089627648	
1240075444923305985	
1240070412160995329	
1240432799699460096	
1240573728272121856	
1240780088062496775	
1240780311882956801	
1240623018021236736	
1240439724881235968	
1240615227453894661	
1240458977902596096	
1240462998612795393	
1240470383238606848	
1240473066129457152	
1240478098128330752	
1240498230887997441	
1240508297091915777	
1240503264455602176	
1240452932677636098	
1240446322286592000	
1240555057407352832	
1240548888802512898	
1240543529299935232	
1240533463742193664	
1240523396515082240	
1240518364058935297	
1240444137754595328	
1240558628936880129	
1240616459887230977	
1240449954750980096	
1240509924536287239	
1240613993737154561	
1240611707598172160	
1240608962107650056	
1240598894230360065	
1240589564202192898	
1240588827854622724	
1240737212330921984	
1240709939573805058	
1240448693259493376	
1240653430781169671	
1240630824468451330	
1240635422134292482	
1240654652883918849	
1240659227246387200	
1240662643318427648	
1240676449260011523	
1240578761772261377	
1240619026914496512	
1240624063971840000	
1240533646181724162	
1240785121399070720	
1240435951668572160	
1240962085942525952	
1241147509071699968	
1240804984259657729	
1240896275970580480	
1240862895153397763	
1240870685007724546	
1240885784565223425	
1240890817612402688	
1240940639354630144	
1240911156673314817	
1240912062156427267	
1240921016630575104	
1240930235509403649	
1240855585526034434	
1240850552214507527	
1240901371869585413	
1240840486010552320	
1240835452967383041	
1240834863378231297	
1240825386461609985	
1241142476259364864	
1240942368519405569	
1241017328600408069	
1240968019792105472	
1241008343780429824	
1240979519298650114	
1241004906170814465	
1240947232448237568	
1240956249044160512	
1240972944815210500	
1240976381556727808	
1241001551851712512	
1240987954706706433	
1241003435127738369	
1240999224730193923	
1240995920331689984	
1241129647255011335	
1241100028036485122	
1241011613672460288	
1240822991430144000	
1240814675723354112	
1240808574864875520	
1240805253886423045	
1240796884735680513	
1240792382695604224	
1240790155138662401	
1240936116158685185	
1241147223213101057	
1240942156287623169	
1241078845253357568	
1241024538403467264	
1241030258306023429	
1241038183673913344	
1241046846400692224	
1241077046421401607	
1241091959541960718	
1241092145160675328	
1241028481581907968	
1241512767623847936	
1241202132981649408	
1241318636784156672	
1241325230645108737	
1241484731071463425	
1241499833438851072	
1241202873842708480	
1241329657267380225	
1241212940554047488	
1241248172308979713	
1241223006451421185	
1241225465135681537	
1241228040484655105	
1241229358687064064	
1241233072718135297	
1241238105832603650	
1241253205373222913	
1241258239821524992	
1241258557183422464	
1241268304997646336	
1241265746505687040	
1241217050007097344	
1241435705131307008	
1241198977065738240	
1241424334331064322	
1241409236149600256	
1241394135006736384	
1241387480038998017	
1241381965846085632	
1241379034644111365	
1241435911314956289	
1241358902018617344	
1241354453959102464	
1241348836850688000	
1241343099973947395	
1241339270477955073	
1241454534594985986	
1241473955699085318	
1241476929552666625	
1241271497303326720	
1241305416052518913	
1241273339596824578	
1241304574255714306	
1241289759093223425	
1241283404362059778	
1241277852340764672	
1241273655247556608	
1241152741491310597	
1241154388694953984	
1241154975205453824	
1241162608629231617	
1241165851857833984	
1241167642846588928	
1241172674887458817	
1241187757944258561	
1241312223978352641	
1241610560183164928	
1241618095606644736	
1241620627301134339	
1241621043271176194	
1241625659606171650	
1241635945792692225	
1241751488898228227	
1241745945785597952	
1241565383263322112	
1241600754776813569	
1241654072416956418	
1241595460793454592	
1241721289942814720	
1241716256677548033	
1241711225609863168	
1241706190482137089	
1241701157199925248	
1241696127348428802	
1241691090853310467	
1241686057634025472	
1241675991296032769	
1241599694838460417	
1241670958320160768	
1241660891801587713	
1241650826646446081	
1241646386187132928	
1241681024871890949	
1241737887411924993	
1241739636755447808	
1241741425534029824	
1241575327970684930	
1241579857919774725	
1241585394287808512	
1241669213070094336	
1241731356272611335	
1241559230059929600	
1241635726355124226	
1241556214560899072	
1241778242480230402	
1241640759234826247	
1241548837870657536	
1241872284685488128	
