1261114074856710144	
1261109040639209472	
1261104007516434437	
1261151630591881217	
1261200770268950529	
1261189492636971008	
1261199637534388227	
1261190315135787009	
1261189571934445570	
1261129174766333952	
1261159373960691714	
1261154339176898561	
1261129239991967744	
1261088908151934976	
1261205533916188672	
1261179505093337088	
1261249973531766794	
1261245737452441602	
1261219773762977792	
1261218222197489665	
1261139239644934145	
1261309037435469830	
1261298850540617733	
1261280171518279681	
1261275638444568578	
1261273993987813377	
1261206399662518272	
1261267345059622913	
1261175270792282113	
1261316629612449792	
1261169438679687169	
1261339000565952514	
1261337821341769730	
1261336759931199488	
1261333704322023425	
1261330817990701057	
1261329259056021511	
1261321693450113031	
1261319865606049794	
1261319216021614597	
1261317918085861379	
1261316613317382145	
1261322903146106880	
1261174474537304064	
1261310372033724417	
1261393415176171525	
1261425721693609984	
1261377002633719809	
1261378315316756480	
1261385866032881665	
1261341479462555648	
1261408515110981632	
1261419532930834432	
1261431164113485826	
1261436196368060416	
1261440448876314625	
1261426134341660674	
1261344174831333381	
1261115950683717632	
1261083877730377729	
1261348116072022016	
1261084637041999872	
1261362817116053505	
1261355667123732481	
1261354434216341505	
1261353629228957700	
1261086170642919425	
1261689294969868289	
1261690783888863234	
1261703885485473794	
1261688766776958976	
1261704614392614919	
1261696673329356802	
1261795654189355008	
1261708680338251776	
1261803617478008834	
1261712681070968833	
1261726103342809091	
1261748256217812992	
1261738080312098818	
1261731968435269634	
1261730754779848705	
1261730434825715712	
1261720537497317384	
1261687022944759811	
1261684455036551169	
1261617390384607238	
1261472969810833409	
1261471428748206080	
1261471064627965952	
1261463137057820672	
1261462392879239168	
1261456329119617029	
1261516726895853568	
1261466395310784514	
1261506662155710466	
1261496594370908160	
1261645176872636416	
1261642560218562560	
1261640039538348035	
1261632489992290307	
1261684274664812545	
1261552315858706434	
1261542601750007809	
1261536862008557568	
1261655757692366859	
1261657656072298497	
1261667722254905345	
1261660567791517696	
1261592224405618690	
1261582158554112001	
1261572091922522112	
1261566011070771202	
1261622423671037952	
1261672758657908737	
1261564312671236097	
1261672993358376961	
1261681899883413504	
1261633654960214016	
1261560217759739911	
1261678950050398210	
1261940808795582464	
1261939512948727808	
1261934479674925057	
1261869049522253826	
1261929448233992192	
1261928916609937408	
1261914711869644801	
1261909313636859904	
1261894214469681152	
1261884148488134658	
1262073422844215296	
1261950144561332225	
1261924413328457728	
1261904280639860736	
1261959646836916225	
1261818717106663424	
1261816200629301250	
1261813683635851265	
1261858982098018315	
1261809159252529152	
1261969712113573888	
1261961972343386113	
1261956705497186305	
1262094995349213188	
1262075549285076995	
1262120519173799937	
1262152693969301504	
1261821233412239360	
1262134302982070272	
1262079572113268737	
1261826731066834944	
1262067833606942722	
1261853949109256192	
1261980914868838400	
1262075119717007360	
1262071024838946816	
1261839919564992513	
1262065482217197568	
1262065222761820161	
1262059756048572421	
1262059255919783938	
1262059581141909506	
1262058899613589510	
1262057655310352388	
1262047099992104962	
1261988686729633792	
1262046080100859906	
1262032626455633923	
1262028310155943936	
1262052047907688450	
1262022595584512000	
1262353308804497409	
1262476479100837890	
1262518327357739008	
1262472133982203911	
1262446002864361473	
1262445580741214213	
1262190190275080192	
1262184629273890817	
1262175954589212675	
1262171746708230145	
1262171165293858816	
1262171038961381377	
1262357798630785024	
1262208855200522240	
1262226403258273793	
1262231437253718021	
1262246537570086912	
1262251569178767362	
1262256602289184769	
1262433273109794816	
1262437483041751040	
1262441845243760640	
1262276735690735616	
1262277056726876161	
1262347199284785157	
1262352232873259009	
1262367331952582656	
1262428619906912257	
1262424112254812160	
1262423093466759168	
1262414314465644544	
1262412630896996358	
1262412260296851456	
1262405992626741248	
1262402564332478464	
1262398537003827201	
1262405081262985217	
1262429434549846021	
1262284325380190209	
1262286801122795520	
1262291835743019008	
1262292862986620928	
1262294992720023552	
1262300172106690561	
1262336065697755137	
1262337583452831745	
1262339597503062016	
1262343401862688771	
1262850516415066119	
1262849330249191426	
1262819119310737408	
1262807443253465090	
1262807066726596608	
1262805045583773703	
1262802169947918337	
1262624025332736001	
1262618990154616832	
1262608924160606208	
1262603890429657088	
1262598322268680193	
1262593824280530946	
1262593417894232065	
1262588791258091522	
1262573691566776321	
1262639125405904896	
1262639522526793729	
1262713594463977473	
1262709586974461954	
1262674896888332288	
1262674355076513792	
1262782901248278532	
1262741105897922560	
1262746744636375043	
1262762387666436101	
1262536484982190081	
1262547978574680064	
1262673886476263424	
1262563626092814336	
1262556087397441537	
1262779321300643841	
1262776921999454210	
1262776596194353157	
1262769746937856001	
1262769673571053568	
1262765997200568320	
1262765286232489985	
1262663278972383238	
1262652294845181953	
1262655217033568256	
1262968897818497026	
1262971311929864192	
1263001768822140928	
1263014066244562944	
1263016025198440448	
1263051842449215489	
1263046812161671170	
1263031710968459264	
1263017328465207296	
1262958245217435648	
1262996477372067840	
1262968236712353794	
1263209128710701056	
1263180883764416512	
1263180312579911681	
1263178961116332036	
1262895816525504512	
1263225968530948096	
1262900847375265795	
1262941114522189825	
1262931046275837953	
1262926508282142721	
1262912290996711424	
1262910915915235331	
1262908244818886657	
1262905880732975110	
1263126591153954817	
1263056875475496961	
1263136068947320832	
1263156661113454593	
1263079849440075776	
1263080177774366721	
1263080719426830337	
1263124252619870208	
1263135853964070914	
1263116089082298368	
1263106670353211394	
1263087074514780161	
1263247654135488523	
1263246908249817089	
1263241844365733889	
1263236902460809216	
1263235554071556096	
1263152813451902976	
1263149050280529920	
1263145453333479424	
1263095607515701249	
1263141772097658883	
1263134706285129729	
1263614186648678400	
1263541468918091787	
1263573162375208960	
1263615556768456712	
1263515451805429760	
1263487135610372096	
1263538416182067200	
1263495435928420360	
1263519408749568000	
1263528316427960320	
1263526187344842752	
1263542671190241280	
1263498122916958211	
1263526561342423044	
1263499119852687361	
1263500040179499008	
1263479673570201600	
1263499375331999744	
1263509371994112000	
1263508680512847878	
1263507730788212736	
1263502848547065858	
1263501330838142978	
1263500242500100097	
1263449567929831429	
1263288403736408071	
1263351574006382592	
1263342915759136768	
1263338732729569280	
1263333699644522498	
1263331182726569986	
1263318601383030785	
1263300983850860544	
1263353832215465984	
1263439399100039174	
1263444429261754368	
1263448504954830848	
1263459528734961664	
1263258204273733632	
1263263235299565575	
1263479661217984512	
1263404701879382016	
1263394441491931136	
1263376523253256194	
1263367776674000898	
1263414230092582913	
1263424467394367488	
1263363899765788673	
1263268724594733056	
1263373370512429056	
1263741515257397248	
1263746419053166594	
1263754400419307520	
1263754516698034177	
1263717101434359810	
1263801994570952706	
1263797218533797888	
1263680989651513346	
1263691054320103424	
1263706153856294918	
1263816093333729281	
1263639827519430656	
1263639116006092801	
1263801786982260737	
1263882324195840000	
1263883350265278464	
1263897567772971013	
1263856781949796353	
1263854389049032704	
1263853539811446789	
1263831986768134144	
1263857399745646592	
1263850119176376321	
1263846524011724801	
1263864248045895683	
1263975429095841792	
1263973597317660682	
1263958522884218881	
1263933904626618368	
1263930130512121857	
1263915030048763906	
1263908557608620033	
1263898494517030914	
1263646208951586816	
1263862213435109378	
1263628330319745024	
1263639597512134657	
1264176817641930753	
1264220555013570562	
1264128939393527808	
1264154105343356928	
1264164172280946690	
1264217457922904066	
1264169204846145537	
1264184304449421318	
1264189337660297217	
1264223336294465537	
1264339540921077761	
1264292517911998465	
1264003110353006592	
1264038342515208197	
1264048408995655680	
1264053442143645698	
1264068541491249154	
1264078607997165569	
1264307617725206528	
1264088675400536064	
1264093707403395075	
1263996171862695937	
1263990039144329217	
1264083640968974337	
1264267988364152834	
1264262318470369280	
1264258398314541056	
1264253210094682120	
1264247218652868608	
1264243697853620224	
1264277418870747137	
1264236453690818560	
1264232473480900608	
1264231230914080769	
1264101662949433345	
1264243387080769537	
1264603011529216001	
1264629786372177922	
1264701890702573569	
1264629034715156482	
1264626275479687169	
1264685251198169089	
1264668782141849601	
1264625191637975040	
1264459736973324289	
1264462792918069250	
1264466173590032385	
1264474569835900928	
1264479115555426304	
1264479614967050240	
1264376658984759296	
1264347689241567233	
1264348234790498304	
1264353505701027840	
1264390664801759232	
1264395697346023424	
1264410796823465985	
1264415829782745088	
1264420863262306307	
1264483730661322754	
1264572666725318659	
1264559275277508608	
1264556759961698306	
1264554894456840193	
1264580336186527758	
1264601956959608832	
1264458831830020096	
1264595310397046784	
1264586960359895043	
1264585248064577536	
1264493458221182977	
1264578551572905985	
1264576891291422721	
1264575808003289089	
1264592139691925504	
1264456493270593538	
1264579327712284672	
1264453904281923584	
1264456095210147845	
1264440995682238470	
1264451063790395392	
1264435962551111680	
1264613812067618816	
1264808640399028226	
1264808416800763905	
1264813451857334272	
1264889366041649155	
1264831849357963266	
1264848598371495938	
1264848682286907392	
1264863781793853440	
1264782111921238016	
1264924179905671168	
1264919150863896576	
1264909264969072640	
1264713901117108225	
1264818483256102912	
1264721809246613505	
1264987717361901570	
1264957120623116288	
1264954106671697920	
1264949543713505284	
1264727886008856581	
1264748018739412993	
1264737953412087809	
1264753051866456064	
1264758085199036419	
1264987265517879296	
1264975950749581316	
1264969334809604099	
1264967615786749953	
1264963473739526144	
1264984092585713665	
1265055041796349953	
1265047394246410240	
1265040395345551366	
1265034069349457922	
1265026085303078913	
1265013677742346241	
1265004596621193216	
1265002194677293056	
1265134972651749376	
1265158809170833409	
1265161996804259846	
1265070143505391617	
1265155705117577216	
1265081837371551745	
1265179203617427456	
1265170804565835776	
1265090274197299201	
1265312640701784064	
1265284050874519552	
1265261401578393601	
1265266514032095233	
1265271468054716416	
1265277787293626369	
1265334356966617088	
1265331165986271232	
1265256368786702338	
1265248100811075591	
1265305193228447745	
1265319027674677248	
1265337845138456577	
1265241268994535425	
1265304183592423433	
1265311733272449027	
1265372131170217985	
1265416171425116161	
1265427321172881408	
1265427496121577480	
1265402332881149954	
1265355713821409281	
1265355549035638784	
1265353306479697920	
1265342665744318466	
1265343559894523904	
1265346903992041472	
1265193598414229504	
1265221137715343360	
1265226169475088385	
1265226963318304769	
1265228140135067648	
1265211069892628480	
1265487894036090883	
1265482861131399168	
1265477828390400000	
1265472794453848069	
1265450434992287745	
1265439051902926848	
1265593590476009472	
1265588557780926464	
1265497960508526597	
1265573457791725570	
1265553433626640384	
1265535709009473536	
1265533192393461760	
1265558358393683969	
1265508027941060608	
1265689226152161282	
1265679809474109440	
1265664955967307776	
1265633704048652290	
1265623846951940098	
1265623789926150144	
1265615331583614976	
1265656295727587328	
1265553073147121664	
1265695864712040449	
1265742069710102528	
1265719601297608706	
1265706201280655362	
1265702826258378753	
1265702421860319233	
1265698932757315585	
1265697448024068098	
1265696092747948032	
1265762694864539649	
1265661538687430658	
1265788090494316545	
1266021413275795458	
1266071996976238599	
1266050408977481730	
1266049858940669956	
1266046200773517314	
1266033992605880320	
1266039952036560896	
1266054467440476161	
1266057275468394498	
1266076512098402309	
1266037561602068481	
1266029283753054208	
1266155311930335232	
1266147238696423424	
1266086528113139722	
1266078876339404802	
1266078149068165122	
1266058049162293251	
1265955978408857602	
1265927314191220738	
1265922182057586688	
1265915716328321025	
1265905646743904262	
1265900616745811970	
1266011691940065280	
1266006314674802688	
1265986177250856960	
1265955157356896256	
1265908153410969600	
1265860348227342340	
1265855315792150528	
1265845248850345986	
1265820082858455040	
1265811520430071808	
1265810018286407680	
1265796919869059072	
1265850281729744896	
1266404253939220482	
1266400761942024193	
1266463069661773825	
1266478169156182017	
1266481944898023429	
1266273067610845184	
1266409704495996928	
1266457029973028869	
1266207636531351552	
1266263004821127169	
1266257968208592896	
1266242869204934657	
1266217702848421888	
1266212669675253761	
1266202604087975936	
1266278280337821696	
1266283134104096768	
1266284251613282306	
1266394006419918851	
1266389933557796864	
1266358631559245824	
1266268034596876290	
1266343532463304704	
1266161394358972416	
1266157305516584960	
1266157304946102275	
1266338169290584066	
1266298233665368064	
1266303266687717376	
1266288167398727680	
1266505651485839361	
1266648945851154435	
1266745888749219841	
1266753130865340416	
1266660621447282690	
1266670689815314432	
1266680754085519360	
1266530326202834946	
1266715988759678977	
1266753979293278208	
1266523617891774464	
1266637651408347137	
1266758735944441856	
1266760342354493441	
1266805098769981444	
1266798207553736711	
1266781192004788224	
1266521672749703168	
1266781015785209856	
1266777977884487680	
1266768888307560449	
1266772540476796929	
1266767997412179971	
1266763607133618176	
1266877047453806592	
1266872887169839106	
1267130321335660550	
1267113606417494016	
1267129418658598912	
1267126999417528320	
1267120325998845956	
1267118981346926592	
1267132070658297856	
1266892146948272128	
1266942479443476480	
1266927381979136001	
1266887114253316096	
1266884653807357952	
1267139426322468866	
1267108893945200640	
1267140417352581122	
1267043141946798080	
1267158149670330374	
1267165890753236998	
1267151921628004354	
1267079355944939520	
1267007909747179520	
1267006171979735040	
1267001245555814406	
1266997843383861248	
1266987779050868739	
1267098528662212608	
1267161344165531648	
1267015547167752192	
1267258266997800960	
1267251202598699008	
1267254534755287040	
1267259008705941504	
1267498971284549634	
1267488571386200071	
1267259568876392448	
1267606455118487552	
1267528507162320897	
1267525617605578753	
1267516810926059520	
1267509032534913024	
1267363423953670144	
1267509842786365441	
1267415596255379456	
1267390430263439360	
1267460894738415618	
1267475611838283788	
1267450828270514177	
1267485891917987842	
1267360231308181505	
1267395464271400962	
1267314805448171520	
1267325009791352832	
1267481176131985408	
1267355391643377667	
1267727849621876736	
1267725440036167681	
1267912621337894914	
1267888526051479552	
1267857955946405890	
1267855475795689472	
1267954148919529472	
1267733726735159297	
1267746814058348545	
1267960615395459072	
1267772953569177600	
1267770686350569472	
1267853461288366082	
1267844948726071296	
1267677320640421888	
1267845328457412609	
1267692420151590913	
1267657203139239938	
1267633662729715712	
1267612299033899008	
1267783017289916416	
1267610626437771265	
1267716935682101248	
1267811261841981448	
1267794653287313409	
1267793083585851394	
1267682353993916417	
1268256137947811845	
1268266234132471811	
1268145404970848256	
1267993951341932546	
1267988704930312193	
1267984345597227008	
1267976795178938369	
1268202220698456069	
1268204593428729863	
1267997912094568449	
1268059842364637188	
1268043916718161920	
1268014542660882432	
1268009509693186049	
1268263686239485953	
1268146616512339968	
1268155471841681408	
1268054808134467584	
1268173625741373440	
1268275743190122496	
1268170571046686727	
1268219888377778180	
1268214046114881539	
1268219225174392834	
1268237497550716936	
1268331565295288320	
1268321678100066305	
1268115206166548480	
1268112041153183747	
1268079973895671811	
1268097495147540480	
1268096303315079168	
1268091997723607040	
1268125272554876928	
1268182968431869957	
1268346732930203649	
1268386996889751558	
1268376931663134720	
1268366513930526720	
1268432295402385411	
1268361833322143744	
1268462494353260545	
1268437331905613824	
1268456173822283776	
1268452430615887874	
1268447394913333248	
1268361918122586114	
1268407129561497601	
1268356262913138690	
1268341698553278464	
1268559214298841090	
1268558125121990657	
1268543027015897088	
1268537992051740672	
1268531345413693441	
1268524584057204736	
1268573157713235968	
1268492693614792705	
1268342140398002177	
1268573608319815686	
1268576032971464704	
1268678924344557568	
1268692719573987328	
1268579283611594752	
1268580603903049728	
1268593349784715267	
1268603478500352003	
1268605764668702720	
1268577084621950977	
1268606025449553921	
1268648171976171520	
1268969669823811587	
1268948307918848007	
1268943627776077825	
1268941178763972609	
1268938283880497153	
1268932519585632258	
1268930212881821696	
1268929911789686784	
1268924168483090435	
1268922158522052608	
1268920519195193344	
1268918592701034499	
1268830232053596161	
1268913768051793920	
1268834948686938112	
1268875442603220993	
1268880247354560513	
1268895346995998720	
1269046341570752513	
1269041308280270849	
1268966135279620096	
1268734285286014976	
1268839981730148355	
1268713109062991872	
1268719185753849856	
1268765898879283200	
1268777067484758016	
1268797270855544834	
1268799716415770630	
1268803057774587904	
1268712498170966017	
1268801286175993856	
1268709122104582151	
1268708716586520576	
1268704086347538433	
1268694021641080832	
1268744351766605825	
1268817988540481536	
1268814995749351425	
1268814816803684353	
1268806711353040896	
1269414095029067776	
1269066598188380160	
1269058333413044226	
1269072116218916864	
1269096582076497921	
1269131905267425280	
1269172170665713664	
1269231453096665089	
1269177274269499392	
1269207405105160192	
1269217469152952321	
1269126872186699777	
1269177175246139392	
1269323977257824256	
1269408729340010498	
1269294860722470914	
1269294086609088512	
1269290276142698496	
1269111772612423685	
1269277867155881984	
1269317694777671683	
1269311209213513728	
1269309841958453255	
1269316921142501376	
1269301978116521984	
1269262738125021184	
1269305246263783426	
1269773514128502789	
1269443961468235777	
1269669600079347714	
1269669331832639488	
1269771117343932416	
1269766083977699328	
1269701670914711552	
1269680757364178948	
1269680361874866176	
1269423828951797763	
1269437530715217922	
1269471152730075136	
1269468151244193792	
1269460651933462530	
1269460626750857217	
1269450059105464320	
1269509394070413313	
1269494294664015873	
1269517605481574400	
1269474935971311616	
1269559724279828480	
1269554544964296704	
1269549658004697088	
1269546156465328129	
1269544624806215682	
1269519459049336832	
1269539592308502528	
1269529525483982860	
1269430653558259712	
1269555399205613568	
1269475418815361026	
1269538411355893760	
1269498068077998086	
1269490518259650567	
1269650892942426112	
1269625155375861760	
1269652677635592196	
1269652893138812928	
1269502142634549248	
1269567133823860737	
1269569791184048140	
1269449605579632641	
1269482968541655040	
1269590803627642880	
1269657880950706177	
1269594956429172740	
1270138538227634178	
1270033036571299840	
1270024731668824065	
1270022779623137281	
1270020209303314432	
1270017951513620480	
1270016042870464512	
1269955167283077125	
1269819805718024193	
1269811382477746176	
1270036314767929345	
1269798347067412481	
1269847934897549314	
1269850879034679297	
1269896946518331393	
1269856682235949057	
1269852678651129858	
1270128475358277634	
1270043844680323072	
1269912045891186688	
1269846614757257228	
1270051481849417732	
1269816317265100800	
1270063253452963841	
1270057188933939207	
1269992578763624459	
1269995093462827009	
1269989015869984769	
1269979489007632384	
1269976527581544449	
1269972443856351233	
1270085797933391872	
1270148604649517057	
1270377087082340353	
1270360173081554944	
1270143572340346881	
1270168737329680385	
1270193903195623425	
1270188873201512449	
1270178595709661184	
1270377663643951104	
1270198936226201604	
1270378133561237505	
1270289533335003136	
1270379274516738048	
