1399735972762320903	
1399744061599145985	
1399737026291789824	
1399763665876881408	
1399755246826672129	
1399744172311998470	
1399836203004858374	
1399844910879105033	
1399845510811369472	
1399845332884897796	
1399850630685118465	
1399851870441574406	
1399851987987054594	
1399845695734136835	
1400116521209303043	
1400116842857910273	
1400049806534275077	
1400133796612161536	
1400094854265270272	
1400093750773256197	
1400089092033900548	
1400049016285532162	
1400138223473602562	
1400138356210733061	
1400150067756126212	
1400138497088962563	
1400137903141969925	
1400153633132617733	
1400164970793406471	
1399891507998466048	
1400222294669152262	
1400223465815396352	
1400027530833186817	
1399931277235658753	
1399940538451644416	
1399947751002021892	
1399957591589986309	
1399957427496255488	
1399908630355496960	
1400022734512427008	
1399999229653815296	
1399977828330840065	
1399994190059212809	
1400288061292834818	
1400570169152491520	
1400577672590331906	
1400514421949087749	
1400511116510433282	
1400567370108833798	
1400302436665884674	
1400260947873202177	
1400496026876776448	
1400503442255204356	
1400497450004123651	
1400496326756945920	
1400481638677635075	
1400547482048897027	
1400461016681619456	
1400580698239647748	
1400346467508707331	
1400523979694260224	
1400339855024947203	
1400371677540671488	
1400376686235897863	
1400427043007959041	
1400411942909624323	
1400404281669210113	
1400401876672147465	
1400393069527240705	
1400580807782285313	
1400386686522073088	
1400376710558670851	
1400255918420287488	
1400253354484199428	
1400582229571551233	
1400386179162284034	
1400608237263544322	
1400624513570590721	
1400852374713995266	
1400851588420415495	
1400852473678606340	
1400824662641176577	
1400659826234036225	
1400676184103346177	
1400688722165653506	
1400698045830889474	
1400705124897599488	
1400720224232513540	
1400789442852392975	
1400786848817979393	
1400777742073819136	
1400763457893396480	
1400829703724875783	
1400638994610679808	
1400724007503159297	
1400940858833313795	
1400942705434374147	
1400941845019037698	
1400941384790687751	
1400941360664940544	
1400940825190748163	
1400935708722880517	
1400915386934218756	
1400913451569008645	
1400862885539110925	
1400943510023553034	
1400943553480736786	
1400872509071888384	
1400863015847796748	
1400944238175690754	
1400889512427917314	
1400885132010168322	
1400883534831800324	
1400878138893209603	
1400875433575526401	
1400990756807102466	
1401005856385212423	
1401020955787337728	
1401076320759541765	
1400987913362440193	
1401066254207635458	
1401226037258817537	
1401213607266897923	
1401206116965662722	
1401248738170056706	
1401194600224772107	
1401109036154515460	
1401111014389608448	
1401114445930065920	
1401178813006974980	
1401251950025494531	
1401025988847226882	
1401425084611371009	
1401463878471634945	
1401559366688546825	
1401579396876718084	
1401682385524117507	
1401327979989553154	
1401340612226416641	
1401336860236869633	
1401371606539149315	
1401395924241248257	
1401398638698323970	
1401398944194711553	
1401769439981236224	
1401763809191100417	
1401760830832656385	
1401755797994971136	
1401734797349687296	
1401848913724952583	
1401730632011579399	
1401824752113704962	
1401796066622820355	
1401791914655899649	
1401731595590017032	
1401928362289995777	
1402000706916265984	
1401975714996445189	
1401729309941788675	
1401934394642866183	
1402009497917403147	
1402032380446183427	
1402045205059092488	
1402032225667981312	
1402032151269421058	
1402010129160155136	
1402010042967248900	
1402009844236836870	
1402009707494182912	
1402009598580645889	
1402040308884455424	
1402009394582274049	
1401700453415493633	
1401705471619305472	
1401877319946424323	
1402370390253506560	
1402370347664613379	
1402368144312836101	
1402366507854802950	
1402366458320101380	
1402369441065799686	
1402369478286008324	
1402324324388945932	
1402071398013489153	
1402069739543793676	
1402198716212297728	
1402238981778018311	
1402108134978580483	
1402091426666582017	
1402148106863480834	
1402064748137517056	
1402137331440635906	
1402289636085469186	
1402307141634043908	
1402213815832350724	
1402173238025744384	
1402748812209295368	
1402702509450448898	
1402697326666387456	
1402720907425030146	
1402695222530818057	
1402695077928091654	
1402692090597937155	
1402740214355873806	
1402736941787930628	
1402725135723819010	
1402750951161843713	
1402695749004148737	
1402756207157329925	
1402756235502489603	
1402555619035340801	
1402626546209333250	
1402470507232960515	
1402581237105975302	
1402670562921566217	
1402654610167377928	
1402521776383430658	
1402680439064645635	
1402649188324851716	
1402453790469488644	
1402424157166444548	
1403120560582889476	
1403121264911339532	
1402876856240463876	
1403057116349448195	
1403050221026824199	
1403037748202721282	
1403030445059608591	
1403050342619791371	
1403021404434571264	
1402900161035001857	
1402923491997925384	
1402962329327702016	
1402817235769389058	
1402832895245381640	
1403004026774601728	
1402988929750548480	
1403073544645394449	
1402853030299582465	
1403080348087558148	
1403080438118293505	
1403085738883915785	
1403085972133273602	
1403098061308575751	
1403104733133410306	
1403470466623361032	
1403358864272248833	
1403413487062327299	
1403468833424347139	
1403468799853084679	
1403451182773944321	
1403419731751837705	
1403470503776501761	
1403471377496166402	
1403471416406708226	
1403419299457343495	
1403390536128602115	
1403360271226134528	
1403389674899623936	
1403383907890892806	
1403343761841823744	
1403261155687104512	
1403296614853185544	
1403303810706018310	
1403304488761397248	
1403336198832025606	
1403423515777306632	
1403313564438380544	
1403193964665065477	
1403162567586074632	
1403151038270480387	
1403246079353651200	
1403198567599075329	
1403247130836279303	
1403754052542992391	
1403750043430051840	
1403747580878655490	
1403579673309679618	
1403567737151135744	
1403579751403442180	
1403562452390858754	
1403601871223226368	
1403761353278595079	
1403646905167400960	
1403595133572976643	
1403661946541395973	
1403688533286690816	
1403637580030042112	
1403678466768134150	
1403630653204226052	
1403841727354580996	
1403542239062597633	
1403820402393092097	
1403810464488898563	
1403806422798831621	
1403789569590501381	
1403783075717394439	
1403774959315476489	
1403518439952576512	
1403795679978397697	
1404096712130584580	
1404083638296272900	
1404076685402656771	
1404060996189097990	
1404109078708822025	
1404152981008924678	
1403903569917452290	
1403883860870393859	
1403993039819915268	
1404000590682902528	
1404122661735763976	
1404533641921839111	
1404370123578744835	
1404382003873468422	
1404562701402136576	
1404537242576736256	
1404330261794414592	
1404521906909290501	
1404516538120560640	
1404509282498928641	
1404410862526361605	
1404486998585393154	
1404504068236746757	
1404232114996793347	
1404487368950697986	
1404251835309850625	
1404883732063002649	
1404883899910692866	
1404875624733413382	
1404694774737559559	
1404708673427886080	
1404715298930847746	
1404680520391217156	
1404842990942707727	
1404883651632971783	
1404846930245586953	
1404700199235186688	
1404883467293315076	
1404914690900344833	
1404603535308648449	
1404847911549255680	
1404883066712100873	
1404848234552516608	
1404594912566206464	
1404756822838349824	
1404870074733826050	
1404783013112606722	
1404784505034924040	
1404790796495302665	
1405253245635809293	
1405275350066556932	
1405275428470738945	
1405271651139276804	
1405271740800851968	
1405275274057379841	
1405139343136657412	
1405221165107499012	
1405250222138273801	
1405215380059140102	
1405246601375911943	
1405082859870752770	
1405275650794004485	
1405087754459963394	
1405046228434391044	
1405116693811064833	
1405093882627428353	
1404963933392228353	
1404989607045857283	
1405275551670042628	
1405029943143063557	
1405022321904074753	
1405007222246051847	
1405297341515587584	
1405300253071450117	
1405300436890959873	
1405306696516325379	
1405275851059392512	
1405028613607538691	
1405329347720867840	
1405344448603635713	
1405391709140242435	
1405586297922764803	
1405629681945264129	
1405631463085707272	
1405631530014330886	
1405631626785263626	
1405631706984587265	
1405631879907266561	
1405632140860178435	
1405540743704424448	
1405471531770257408	
1405480343608512515	
1405510539908878347	
1405586121023803402	
1405583940551942150	
1405439808122458113	
1405632320699351040	
1405581650029944836	
1405557211972214787	
1405562367262535689	
1405565669224050691	
1405568193205260290	
1405568754122203140	
1405655324661620743	
1405674394106482688	
1405632404287635461	
1405986841204043777	
1405987181458604034	
1405987389424685056	
1405987489303629829	
1405954370093694986	
1405944692886417409	
1405941378731941893	
1405994290287943682	
1405977574988210177	
1405917996971966472	
1405767233683419138	
1405782335669161986	
1405815147218673664	
1405827628918005762	
1405842405861953544	
1405676633827078144	
1405695043675906052	
1405842727716065283	
1405881346388496391	
1405987730065068040	
1405917871981711361	
1405929021695746050	
1405918142879178760	
1406009218814169091	
1405923432617943042	
1405987800806211599	
1405920682358329349	
1406037208541241346	
1406009169560354816	
1406028484388876291	
1406059908634537989	
1406303304997560322	
1406177927826341893	
1406186274990350343	
1406129622698262528	
1406117035155853313	
1406315258529161236	
1406344647237148679	
1406384067990413313	
1406280076929474560	
1406265907962290177	
1406279663866032131	
1406279941294116869	
1406280197570064385	
1406280767844536324	
1406158611491954688	
1406760510670868485	
1406622868511809543	
1406506251756789762	
1406503330445209600	
1406431610820517898	
1406510880284569610	
1406529239722074115	
1406570019987857409	
1406549932786339841	
1406534302104363010	
1406518429989830661	
1406654621435633665	
1406641976976478218	
1406703370048581642	
1406572481465311238	
1407092417191362569	
1406874526500233218	
1406877173827325954	
1406897844586369024	
1406856519413420034	
1406780518230728708	
1406786447273717770	
1406849570806460416	
1407074003391496193	
1407044967051280384	
1407036038149820422	
1407091924914352133	
1407092082364321795	
1407122931461677056	
1406804062423617536	
1407092267190558729	
1407098206899613697	
1407010396670771208	
1407002946378907649	
1407020723873488897	
1406968522043920385	
1406934924611842053	
1406962709984276484	
1407029198477213697	
1407018698213400576	
1407420163788623876	
1407417610220838919	
1407391017200914434	
1407181549456396294	
1407269423249989634	
1407252013897814018	
1407231882983448577	
1407331780487696393	
1407347644020764675	
1407307381701320705	
1407380708017029123	
1407342611698946049	
1407156386832654336	
1407140381804818433	
1407126315115839489	
1407799541617901568	
1407843410581463045	
1407767653217931268	
1407647120245592065	
1407586719436771328	
1407504104612503554	
1407546954079379456	
1407749330698747904	
1407748688546574336	
1407747278434091024	
1407742177778843648	
1407713946593755138	
1407712935762272264	
1407865410024660993	
1408037188395323396	
1408062357109157888	
1408001803086536708	
1408028380059115524	
1408048820466831361	
1407858510092660737	
1407976789515948032	
1407881161418829825	
1407948456467910657	
1407911106694107136	
1407896260548255746	
1407888709043691531	
1408151499117576193	
1408146552984592386	
1408141224738017286	
1408165791451725826	
1408212407562932224	
1408174249911652353	
1408087218250473472	
1408104484987936773	
1408108897370611725	
1408082510588919814	
1408174216109867008	
1408212249903239169	
1408189711257047045	
1408174851655974916	
1408455672883290112	
1408317792978235394	
1408481741359177735	
1408464188381351936	
1408546550721265674	
1408447010345193482	
1408425697375244296	
1408434807638577156	
1408414675516084226	
1408555606911459332	
1408555661953310724	
1408555730072965124	
1408555807566872582	
1408555866421444610	
1408555927956037633	
1408512258263633920	
1408450166907150343	
1408448513407700994	
1408217049520824321	
1408301075476619268	
1408288847813881857	
1408251098356322307	
1408217123327922178	
1408833909735952390	
1408857924169043971	
1408843970101325831	
1408851971327541253	
1408842417445425162	
1408593258234617856	
1408607258850725888	
1408678916009594884	
1408820106919092229	
1408701565213581315	
1408731764361625608	
1408694227962269696	
1408777042863087617	
1408753906780237824	
1409185632514105347	
1408960692703567877	
1409291576711467010	
1409277308641415180	
1409216495033499649	
1409216013258964994	
1409084086019186694	
1409289964848783363	
1409058629022412800	
1409028722926231555	
1409309891991248898	
1409571776779202567	
1409552052141932544	
1409647039378378753	
1409374247886069761	
1409411692514070530	
1409436410910756867	
1409455281646444544	
1409345438730256385	
1409300512063770627	
1409315612774617088	
1409559078179909639	
1409489256821583872	
1409492125830377482	
1409630115114500098	
1409630085720707074	
1409627354620743681	
1409603095500308480	
1409537647484313611	
1409628614342057990	
1409628584885383170	
1409587188598120480	
1409627397436186629	
1410023534663847943	
1409918525205106694	
1409917534393061393	
1409901641260806147	
1409874293182304272	
1409859088104648704	
1409987332367859717	
1409942803128406025	
1409767299981086737	
1409814612938092552	
1409737121611485185	
1409951826577924097	
1409981356113862660	
1409803202225074178	
1410172785813426181	
1410168733394423809	
1410176291115089924	
1410203919028920324	
1410161188596375554	
1410156149882695685	
1410144500450689024	
1410276277228027907	
1410271958764331009	
1410244233445793799	
1410309021769293830	
1410276373491556356	
1410063037495644161	
1410072029911404545	
1410658118791536646	
1410658556974600192	
1410658302820769792	
1410663540378243072	
1410664521807675395	
1410732954431627269	
1410725294114099203	
1410813107417485312	
1410976552213520385	
1410991853315538950	
1410956423157010437	
1410987194446139392	
1410985513574711298	
1410976564292952065	
1410780264557465600	
1410772713346682883	
1410770918578692098	
1411014455119519747	
1411002497439866885	
1411044504661016581	
1411021561704992775	
1411128700389650436	
1411428485952720897	
1411372772555735040	
1411376658335031296	
1411167364108886018	
1411244568167677954	
1411372653441585153	
1411365997324423170	
1411443828570132490	
1411447752882638848	
1411428352876023812	
1411428289869123584	
1411428163406729216	
1411352912857604103	
1411428424984547337	
1411650999853498370	
1411709567914885126	
1411751215386480645	
1411830172693635081	
1411739521616646149	
1411727931118915586	
1411527687198363648	
1411507083388735491	
1411530291512938498	
1412134555717410823	
1412134491452325899	
1412134339954028548	
1411922790572191744	
1411915689011544071	
1412195571750735877	
1412134256340516865	
1411943578348097542	
1412134701435867145	
1412071856262238213	
1412083415277580288	
1412093488292827140	
1412099911626149890	
1412097272293232640	
1411997973488177160	
1411838138826170369	
1411863651213099010	
1411867427013464064	
1412499843658956807	
1412525614951714823	
1412476710893797387	
1412471534510297089	
1412497552667258888	
1412499926349660167	
1412549556944859137	
1412524991682387969	
1412524333386379267	
1412524086203408387	
1412523884637822976	
1412448468837322756	
1412483525312450567	
1412524930009374724	
1412483996198526977	
1412494716327899140	
1412432568734162946	
1412325443978547204	
1412488530232807427	
1412244913249472514	
1412252464439599106	
1412237364399906816	
1412214714185093124	
1412481977777803268	
1412494772229578757	
1412682804094242818	
1412702931388932097	
1412667703026925569	
1412637503056662530	
1412629246778830850	
1412570374873645058	
1412598138917949440	
1412623331459682315	
1412615332506656770	
1412778429213118469	
1412748229754638336	
1412738163462840327	
1412718031055228931	
1412731777882361859	
1412835694645592066	
1412886382637420544	
1412883088821170177	
1412874659142504453	
1412856760050798592	
1412839938186428416	
1413174570383708164	
1413173760505618437	
1413154182333358081	
1413182176334594048	
1413081622765735939	
1413009954370318336	
1413080418962886661	
1413253714312372236	
1413252142463389696	
1413227868671315972	
1413215550491201539	
1412952986980999171	
1412954590694289408	
1412962140604878848	
1413005988551032836	
1413051722612625411	
1413085451854909442	
1413286107949666306	
1413558500651937792	
1413562798999752705	
1413565798002610189	
1413464615787261955	
1413447839670149121	
1413417551149760512	
1413540228103643137	
1413529388096884739	
1413589886079324172	
1413580306809073665	
1413546189409165317	
1413360615716909058	
1413291202246369285	
1413488105399758848	
1413523968317870087	
1413524434963640323	
1413977431061536771	
1413651682991431684	
1413866999915061265	
1413888759473610761	
1413908678424637445	
1413774476135657483	
1413779985706283009	
1413810819914035204	
1413830367447068678	
1413673073929240583	
1414222953349275653	
1414341086462582792	
1414082018409783298	
1414064969226678272	
1414028256517378048	
1414026657434935298	
1414011557902618624	
1414197781237878790	
1414137383340097538	
1414352511440465922	
1414278412508729344	
1414300569762766848	
1414238052596125696	
1414547987217321994	
1414693586910781442	
1414714516890214402	
1414718877754331136	
1414721918847143944	
1414726904410624000	
1414550102786641921	
1414526789720805377	
1414519903906893825	
1414595401328562176	
1414502287771414528	
1414404142009917445	
1414387029941444609	
1414643823939137537	
1414648954701090825	
1414652024575123462	
1414658844232388609	
1414662893061160975	
1414524942746636288	
1414664157664849920	
1414589110925230089	
1414599498618212359	
1414600448854564868	
1414601950725754890	
1414619129491988481	
1414680324295036930	
1414666192694960129	
1414378975074439193	
1414854609215053825	
1414857131338043394	
1414868714990628864	
1414917429797416965	
1414916218679488512	
1414862158916202501	
1414974146887495686	
1414982651715407874	
1414978192775995395	
1414811828094476289	
1414791694747197441	
1414758979725631492	
1414739485410004992	
1414882291848032278	
1414974176927133696	
1415021441653817347	
1415046981022490628	
1415052317771157510	
1415054470044606465	
1415077489177763843	
1415077543737184258	
1415013410564100101	
1415393707914842117	
1415393802152554496	
1415407460366667777	
1415113817638375428	
1415109816666574852	
1415244679520604162	
1415225139529015300	
1415204391829733378	
1415393626218278914	
1415179248462008320	
1415393302287953922	
1415385655098609669	
1415393117319147524	
1415350566906171395	
1415350690633945092	
1415375812128387081	
1415350861262381061	
1415350445132947459	
1415305077577838593	
1415389676156997642	
1415427697036115968	
1415431366376927238	
1415444009330356232	
1415393476754264067	
1415393173669617667	
1415787536581120000	
1415813324843806723	
1415793531956891657	
1415772987937247236	
1415763108149166082	
1415793562659213317	
1415800178322333696	
1415472223314354180	
1415700751838556166	
1415707214766039041	
1415709801074630667	
1415709909778305034	
1415602034464542722	
1415607004073127937	
1415623832547651587	
1415637266622525441	
1415722756747022343	
1415737471837540355	
1415750853231845387	
1415684647925678080	
1415672705001529353	
1415722457730801672	
1415564885656686592	
1415546669425381378	
1415549185986727937	
1415506408926334982	
1415828565136789505	
1416149429535617030	
1415891442447360012	
1416055004708835333	
1416030624888999947	
1416005051466747907	
1416067793682935810	
1416090450738524164	
1416078536201359366	
1416090884723159040	
1416099923225948166	
1416068122336010245	
1415893306819571714	
1415984806542954501	
1415969455214055430	
1416009004300455936	
1415918800088682496	
1415954356000624640	
1416155974935662595	
1416155341436424193	
1416167869335969793	
1415899348643188736	
1416441597265420292	
1416532571542933505	
1416545335975956481	
1416494461161459725	
1416379607788392448	
1416340218529996801	
1416315821832294400	
1416306677863919626	
1416301644153827329	
1416490205184462852	
1416471225916928004	
1416458427463651328	
1416453608267190274	
1416441488985239553	
1416230291023175680	
1416213643658555394	
1416216085628690434	
1416284036201291779	
1416240986716467209	
1416764833286918148	
1416748820751216642	
1416878251763453953	
1416898216356847616	
1416679131547422722	
1416664031910252544	
1416842271539044352	
1416604264978259971	
1416842235241447428	
1416570918747443202	
1416567742451179520	
1416685628712898562	
1416590526912950273	
1416861809232027649	
1417146056081649668	
1417224518460923907	
1417241593510256642	
1417230264879702017	
1417224363582033924	
1417224264726499331	
1417194149409927175	
1417268011950514189	
1416996220896112648	
1417046557472399360	
1417180585366274052	
1417049069269098499	
1417050327489069062	
1417051007574446083	
1417064168675446788	
1417065427071475712	
1417110136141737988	
1416958389666521091	
1416920823248551936	
1416925800213876743	
1417164582653767681	
1417204530522038272	
1417205319361519616	
1417224168488284160	
1417223984412778497	
1417223755240202247	
1417223482920873985	
1417196584803180547	
1417223405657640967	
1417597096480280582	
1417596722839113733	
1417600107499954183	
1417614938215002114	
1417328077055545346	
