1251184692470169600	
1251180777989189632	
1251178355098959872	
1251228596443758599	
1251221091944550400	
1251042713442582535	
1251113175572869121	
1250942211232894976	
1251158474056019971	
1251148409882411008	
1251144797118554116	
1251139002746322944	
1251136496477716481	
1251133813138178048	
1251129359320006658	
1251067876812795906	
1250992379215130624	
1250990235434881024	
1250987346159427585	
1250983555401801728	
1250982320175120385	
1250977279917854722	
1250937015476109313	
1251159732154331138	
1251162923315036162	
1251165968161628160	
1251171056968241152	
1251105989660520448	
1251102150446309377	
1251089833771929601	
1251119109925769216	
1251086204503601153	
1251073489521397760	
1251072912108339200	
1251118212214710273	
1251125566188605440	
1251067286242226176	
1251168829608255488	
1251168255202525185	
1251167404631228417	
1251002445762715649	
1250967879370944513	
1251162131908579328	
1250962364461023233	
1251169255191707648	
1251169543461810182	
1251170216303878147	
1250967215412858880	
1251012512155176960	
1251022578291929094	
1251065748887236608	
1250952114022617095	
1251027611419017216	
1250957147363565568	
1250949153724624898	
1250997413151682565	
1251047714436964354	
1251059557771563008	
1251058086644596743	
1250955854515277824	
1251052777419112451	
1251047744174620673	
1251043091819008000	
1251008652984479744	
1251054985585979393	
1251031386317881344	
1251314504794865666	
1251313713145016321	
1251319535229177856	
1251324568301498368	
1251309317749223424	
1251306157672558592	
1251354767307071493	
1251359800388018177	
1251364833590681600	
1251369866776330241	
1251379932976099328	
1251384966333624320	
1251389999280459776	
1251400065635069959	
1251405100909596672	
1251405450932678657	
1251411732616015873	
1251415165347790849	
1251419554514792448	
1251420439164801024	
1251395032617189376	
1251503246939578368	
1251571514341720064	
1251572499399290882	
1251575737917865984	
1251577655134126081	
1251578421194428431	
1251578425770418177	
1251580430693916674	
1251431478795235334	
1251501062600577024	
1251488041039888392	
1251483473707032579	
1251563696041660416	
1251435297860022272	
1251435299575672832	
1251442325709971460	
1251445364160258048	
1251450251413557248	
1251456413403996160	
1251470967794065409	
1251472420252205056	
1251477843982249984	
1251580898442608641	
1251466647128305664	
1251620317170151425	
1251582864388472834	
1251637118725742592	
1251646691998150657	
1251659066562076672	
1251661568573505536	
1251581615685451776	
1251562399120920576	
1251560749962539010	
1251559103090036738	
1251519125186203648	
1251525897720561665	
1251527024436371456	
1251528641873195009	
1251510799903817728	
1251344701497708544	
1251531407194755073	
1251532632397090816	
1251541976509448193	
1251550780135485443	
1251553835874684929	
1251556095371481090	
1251339667812741122	
1251334634589298689	
1251529137421942784	
1251752388186091521	
1251782587154001922	
1251688214370283521	
1251667611818946561	
1251676891150499840	
1251762453542604800	
1251767488158687232	
1251767897824702464	
1251772519918387201	
1251780036123750400	
1251671856475549696	
1251750423024660481	
1251747353914159109	
1251721936612319232	
1251717155139321862	
1251707089132511235	
1251702055644721152	
1251691990556774401	
1251686956251127809	
1251681922952032257	
1251679565631549440	
1251782570594861056	
1251890610476367872	
1251833694672674817	
1251817818380742656	
1251812786838974464	
1251807752126488578	
1251806270052392960	
1251802718907187200	
1251795789984133130	
1251792652640681984	
1251790735252193281	
1251865694980812802	
1251880732936585216	
1251842985911861250	
1251790603756507136	
1251852518478344192	
1251858086081392640	
1251853050534395904	
1251873187371106304	
1251863116926734337	
1251920935977979909	
1251917544350498816	
1251915271813713921	
1251914186407510019	
1251913689000804352	
1251911479365980160	
1251908577704493056	
1251907104820146176	
1251906729681530882	
1251905731911135234	
1251904020228247553	
1251903866364461058	
1251925354417139716	
1252009078760620036	
1251927583014506497	
1251931203927789571	
1251928312663998465	
1251896937445576704	
1251896730091741186	
1251895049597661186	
1251894641714176001	
1251892702641340417	
1251892470247538690	
1251891636390563840	
1251890300370538496	
1251888300295479298	
1251887971164438538	
1251885595804069889	
1252017602433413120	
1251932185063567360	
1251933021957226496	
1251937871457640449	
1251938177742446593	
1251948017730674691	
1251946348016013315	
1251901538097942528	
1251900380025405440	
1251898859757932552	
1251954111043506177	
1252260777605685248	
1252381533031129095	
1252374114834104322	
1252384684060729344	
1252361400724447232	
1252384516749975552	
1252366433519980544	
1252261629481410564	
1252263253654241281	
1252272679266275329	
1252276026857664513	
1252280789426933761	
1252283836689461250	
1252271860668121088	
1252257464566906881	
1252308499465334784	
1252289315469701121	
1252175173391974402	
1252062571558928384	
1252064685563588608	
1252064687685951488	
1252069477878910976	
1252074509794004992	
1252049343894306817	
1252160075487227907	
1252144977007775745	
1252190275063201794	
1252195306243940353	
1252200646415020033	
1252205372930011136	
1252252598180200449	
1252189660442357760	
1252225788109180929	
1252231479884537865	
1252235573152096256	
1252240604345495555	
1252242857647321088	
1252230538200408067	
1252250675523784709	
1252185239591333889	
1252180206451908609	
1252165106781220866	
1252166020837462017	
1252167548176445441	
1252170139912433665	
1252167209545162752	
1252059410328768512	
1252054379018047491	
1252044310901428225	
1252155040703434753	
1252256468902072321	
1252254535336296449	
1252104708807725056	
1252104708908445696	
1252106680197722112	
1252107205324632064	
1252114777083535361	
1252124841454399489	
1252129876976570368	
1252130989607776256	
1252134907758784513	
1252145248295215105	
1252146379058630656	
1252150007374983170	
1252152632803602437	
1252089609393078272	
1252079591549591553	
1252029211428044800	
1252034244567797761	
1252035187703070720	
1252035761446125568	
1252039190553915394	
1252039280035323904	
1252130267436728321	
1252648584606093313	
1252652132236492800	
1252507537351380997	
1252507414596775938	
1252507362994335750	
1252505279356256256	
1252581219893522434	
1252583403943112706	
1252590370635919360	
1252594184554336257	
1252603617095217152	
1252605242836807680	
1252502328856522753	
1252411731902468096	
1252421798282625024	
1252492603959808000	
1252406102420934657	
1252501884134285312	
1252517428350734336	
1252529320683134976	
1252532527933390848	
1252401665510121472	
1252637622146662400	
1252518959418654720	
1252533833909497856	
1252392021123162114	
1252386566401519624	
1252633796505108484	
1252634752634535937	
1252635965883133955	
1252627977759834115	
1252628163886288897	
1252623094679822337	
1252620592190091265	
1252626813102292994	
1252627433204965377	
1252622459678846980	
1252621197973602304	
1252619804005072898	
1252619535515037699	
1252619353389965313	
1252617968636190720	
1252633151727382528	
1252630744951857154	
1252630660172349440	
1252627673219727361	
1252426831657005057	
1252431865601880066	
1252438754704232450	
1252441931084206080	
1252451997242011648	
1252457030356525059	
1252462064980955136	
1252391599121801216	
1252467096883097600	
1252477164416569344	
1252481496406822912	
1252482196100616198	
1252483124870537221	
1252487229282193409	
1252492262384123904	
1252630210585001984	
1252472129716736002	
1252640284846022657	
1252689217152581632	
1252654035863326721	
1252654219527675907	
1252655833533612037	
1252657312533266435	
1252659771683061760	
1252663217383407616	
1252663673048444928	
1252670116631851011	
1252671803580911616	
1252672208180256768	
1252672447792496646	
1252672912131121152	
1252673200158314498	
1252640944480038912	
1252643262571085826	
1252646641259118602	
1252646938505359360	
1252637786756308997	
1252692830155350016	
1252703702512795668	
1252708964627886080	
1252733404677836802	
1252738291746721793	
1252744650827239424	
1252647154612609025	
1252696914803523586	
1252643460995260422	
1252748954141372417	
1252754283264540672	
1252763522531905537	
1252819418213609472	
1252824451332399104	
1252831491387604992	
1252834517691379712	
1252841127142518785	
1252841753352105994	
1252844584171786241	
1252982977371521025	
1252814385396895744	
1252809351808479233	
1252804318744530944	
1252799285688557568	
1252983287749935107	
1252774119936077825	
1252779152962445320	
1252784186114445312	
1252789219073949698	
1252794252301492225	
1252894762639618053	
1252862464376504320	
1252863097028526082	
1252864716625645569	
1252869142744453121	
1252869750868172800	
1252869905436667906	
1252873821519937537	
1252943439118790658	
1252874782950993920	
1252894915769430016	
1252940214366097408	
1252898774428471296	
1252920081970917377	
1252931982025043969	
1252935181188706305	
1252879816354787332	
1252945250907115522	
1252981373243207681	
1252854989912854528	
1252859683628388352	
1252945618709831680	
1252950280502571014	
1252955313722048513	
1252962638746677248	
1252964122137780225	
1252965003361087488	
1252981781520953344	
1252967897141395458	
1252975447031209984	
1252978044807131136	
1252978534915739649	
1252978691749089280	
1252979254691860483	
1252979788534472704	
1252980418426671104	
1252981053708435458	
1252971671713087489	
1252884850945650690	
1253035846267097088	
1253041527829520385	
1253043395590631424	
1253044764968189955	
1253050946520707072	
1253056229334822912	
1253075872426401793	
1253077987014201345	
1253086168360595458	
1253018530313908224	
1253014926169444358	
1252984937407483908	
1252987355063074816	
1252988824663273477	
1252989537397231616	
1252989626207404035	
1252990233848754177	
1253032435803205633	
1253031225700335617	
1253028378401280000	
1252990551693111300	
1253017132385828865	
1253018616959774720	
1253019731583545351	
1253019784393998339	
1253021003833397250	
1253023177497817089	
1253028295999979520	
1252991242201432065	
1252996131887484932	
1253101080369598468	
1253101275463454720	
1253103728460279808	
1253109313364619264	
1252996036978790406	
1253109965553795080	
1253106308703608832	
1253003304340205569	
1252996889424920577	
1253003490626080770	
1253006002598838272	
1253006262951907330	
1253009447506583558	
1253011627869339649	
1253001470603079682	
1253014527752495111	
1253012791818149888	
1253000826349649920	
1253087927975976961	
1253219408790474754	
1253222780029374467	
1253252249351929857	
1253257303630856193	
1253252270457860096	
1253247238265950208	
1253242204010708993	
1253239688812302338	
1253235912584110085	
1253262340042059776	
1253254244800491527	
1253158173524938752	
1253307640144367616	
1253472182849527808	
1253233774000836608	
1253115612840116224	
1253121408219013121	
1253217478810820610	
1253134685883920384	
1253148165135413249	
1253151607228968961	
1253167946836217857	
1253172617562845186	
1253177902062989313	
1253181806058274816	
1253141975475208192	
1253232493827780610	
1253268530398547968	
1253271849896570883	
1253272403117031426	
1253293450545393665	
1253302872311164928	
1253302602143371269	
1253302353899302914	
1253301652863344641	
1253468696493907975	
1253378168511180801	
1253388485660205058	
1253328516688392192	
1253319293241982977	
1253317701662945280	
1253347900655931393	
1253347945149353984	
1253348364969705472	
1253357783950528514	
1253356236650799104	
1253354783395758082	
1253354548690915328	
1253354398434168833	
1253354215872831488	
1253353541168742400	
1253353218022805507	
1253350912321564673	
1253332801115521024	
1253335717989646339	
1253337837774110720	
1253340601325510656	
1253297568894730241	
1253377691413340161	
1253375850843693057	
1253370937703006209	
1253370629308461057	
1253370109348974593	
1253369520930148356	
1253386075864793088	
1253368905244053504	
1253363692407750658	
1253341609833480196	
1253347812689018886	
1253346343554363394	
1253343242583715840	
1253342867478720516	
1253342759014076416	
1253367342756741124	
1253380832124907520	
1253463663458971649	
1253462975249350658	
1253454050223366145	
1253449475688820736	
1253448564035874816	
1253446083017089024	
1253440480291033088	
1253439692277788673	
1253430127687430144	
1253420993537871872	
1253395520787288065	
1253392687954354176	
1253447421524357120	
1253312668808568834	
1253296142659411968	
1253281909154578432	
1253277178319400961	
1253277437057814529	
1253639828148678656	
1253662099210829824	
1253644857521737730	
1253649890502213634	
1253654927450275840	
1253656280910098432	
1253661799267708928	
1253595962406125569	
1253568101502812160	
1253594527572660224	
1253591974617083904	
1253553002033696768	
1253556776902881280	
1253564328319389697	
1253567962662879233	
1253629757889142789	
1253594708904865792	
1253624724585881600	
1253604591888826368	
1253568652340686848	
1253611391296040960	
1253670687874547713	
1253634790865145863	
1253599558950465536	
1253571108084695040	
1253579428988252164	
1253575651258322945	
1253579751253397504	
1253583679294631936	
1253478762928238599	
1253746962706378754	
1253753943064293376	
1253753219236446209	
1253746482248921094	
1253735602203262982	
1253739558547619841	
1253739158285271041	
1253737032481943555	
1253759648567607297	
1253764394913325068	
1253768665587212288	
1253741222348443649	
1253486482653761537	
1253493862536040452	
1253489096497836032	
1253529538891444226	
1253508961896030210	
1253534474278563841	
1253524061390503936	
1253513994893025281	
1253503930295713792	
1253501101938106368	
1253709099881152512	
1253715592630108160	
1253732740777889792	
1253732361650520064	
1253731624254164999	
1253729766668148738	
1253729379663917059	
1253675056498003972	
1253726969407119361	
1253724372151435270	
1253722489122938882	
1253721637104553984	
1253721026325884928	
1253720552935751681	
1253716458418380801	
1253726581551480832	
1253677414363746304	
1253685128045359107	
1253473730459602945	
1253826051253268480	
1253736518444888067	
1253734438296567808	
1253680089495031821	
1253699078656909312	
1253704278247714816	
1253700222569463808	
1253733241284149248	
1253694241475182594	
1253693478103429121	
1253691408512249858	
1253690155711463425	
1253707773029675008	
1254101023179902976	
1254107351151456257	
1254107936265248768	
1254109968820813827	
1254121474698424321	
1254166565232291843	
1254188439076876288	
1254077289110867968	
1254076785425362944	
1254075626291634177	
1254032413132554249	
1254037444229500930	
1254041278511120384	
1254042477360603136	
1254045435628404737	
1254047511049797633	
1254022344668073985	
1254052543963029504	
1254057576808853505	
1254077704913199104	
1254062611659882496	
1254068637532672004	
1254055523235663875	
1254062862105931777	
1254078479458590721	
1254082731237048323	
1253982079240396800	
1253984843945271296	
1253993911724343296	
1254002214332497920	
1253997178831294464	
1253997851991871488	
1254000195831885826	
1254000444201857024	
1253977046067425282	
1254007245073010689	
1253949606854979587	
1253969229457485824	
1254079448774774786	
1254012278170624001	
1253942141874630656	
1253957057322991617	
1253962324672569344	
1253966979842490368	
1253942167136899072	
1254074889394405378	
1254027377992056832	
1254096505159458816	
1254094815324770305	
1254091989374640129	
1254090849912270850	
1254085960754769922	
1253931747802140672	
1253974890467581952	
1253881418637144064	
1253869024997306369	
1253856907564969985	
1253853518831579136	
1253841150735245324	
1253836173450985472	
1254104451096424449	
1254097345878376449	
1254399831990288385	
1254394803661365248	
1254404865259954178	
1254425787723325441	
1254365716121137152	
1254452680199725058	
1254392282402471937	
1254389765681680384	
1254364601006710784	
1254375194602303488	
1254253870164832256	
1254258903531040768	
1254268598605889538	
1254268969604784128	
1254279036039163905	
1254285396483010563	
1254289102398251008	
1254294135411838977	
1254359566676090880	
1254228704445726723	
1254433380407619584	
1254433883136950273	
1254436949034782720	
1254438850992263171	
1254433110843891713	
1254440389181833216	
1254443313479987204	
1254445814585442307	
1254450816993447936	
1254432244988628992	
1254379703449747456	
1254329367783567361	
1254453354425655297	
1254471048885604353	
1254466724411441158	
1254466266825400322	
1254465487456669697	
1254463815539965953	
1254461832762470403	
1254461649861435392	
1254460505453989889	
1254458642792960001	
1254476550239662084	
1254479121138188288	
1254472215900422145	
1254481032633618435	
1254453985202880523	
1254453777941348357	
1254475168086450176	
1254474235499741193	
1254453687952584705	
1254243804703526913	
1254227148040056833	
1254205406051569664	
1254208571878899713	
1254213606218125313	
1254214523029880832	
1254218638002962432	
1254238770741809153	
1254273247673151488	
1254304203461124096	
1254510161999335427	
1254538122219659264	
1254545796512415745	
1254229206407372801	
1254513078130991104	
1254550826808303618	
1254487682996219908	
1254305878351597568	
1254309061400489985	
1254317140288483329	
1254319324560371712	
1254324334568419328	
1254340864811266049	
1254341577608032256	
1254349500325470208	
1254482879318495232	
1254304567639986177	
1254309234960814084	
1254918247989809157	
1254908181622321152	
1254812331789475845	
1254806081647390720	
1254902093099544578	
1254821574387081216	
1254893082614661120	
1254889100420812802	
1254810830643879937	
1254885532959637505	
1254875466269364225	
1254838504833658880	
1254830406123257857	
1254829159819481089	
1254815068086288385	
1254813158033760257	
1254877985284358144	
1254900632244285440	
1254805741099253760	
1254804888791453702	
1254805188256370695	
1254794935825584129	
1254798111651835904	
1254799562948186121	
1254800070194667523	
1254573476083642374	
1254681692775657473	
1254686722400628736	
1254772291814035457	
1254777319308382208	
1254777319333470208	
1254778237369978882	
1254786486454513665	
1254790228725792772	
1254792337391304705	
1254792694339121152	
1254571988938440704	
1254681871868325888	
1254767253087825921	
1254762220019265538	
1254754670297350144	
1254678751146733569	
1254750771087732739	
1254741918048645120	
1254721954486947843	
1254716921561284610	
1254676655957635072	
1254711890674167813	
1254706015888478211	
1254694272072331266	
1254691755489931266	
1254691525381902338	
1254688749998366720	
1254706855097495552	
1254667025743376385	
1254737054270803968	
1254574294673190912	
1254661556505399297	
1254651491119517699	
1254636390933049344	
1254629486986854401	
1254627880107048960	
1254626324464799745	
1254656523311001600	
1254611224844627968	
1254601158670180353	
1254596125480243201	
1254586059150761985	
1254578583055425540	
1254621039507591168	
1255071034790735872	
1255158067072847873	
1255183318313811969	
1255182752103772167	
1255180836137324546	
1255178206103195656	
1255177594334478337	
1255177424091971586	
1255185091606843394	
1255144740460417024	
1255081979826982912	
1255079309305434112	
1255069242799448064	
1255064209773264901	
1255059179003432960	
1255195303449448448	
1255185879360028672	
1255168146354442241	
1255164152869502978	
1255163728942768130	
1255163477255217153	
1255161001776943105	
1255160619868839939	
1255158467687444480	
1255168857498619905	
1255147785776541696	
1255156156344832010	
1255154610655784960	
1255154340529975296	
1255152518864056322	
1255152202085064706	
1255167784062988288	
1255156434020360192	
1255051868268462080	
1255139707526148097	
1254963765532975107	
1255044127382622208	
1255023944391770112	
1255018911159877633	
1254935201387405313	
1254928314415943680	
1255049110190731264	
1254958513396178944	
1254965617779564544	
1254933347660369925	
1254983681086808065	
1254993745583280128	
1254943413918732292	
1254988712364007424	
1254948446957527040	
1254953480009084929	
1255006328998764545	
1255003811829231619	
1254998779331141632	
1254996261926834176	
1254995003644002304	
1254948451365744641	
1255197077547728902	
1255194280391475207	
1255108772244025344	
1255114541555310592	
1255044078720282626	
1255034010704719874	
1255029448010633217	
1255028978454196224	
1255082270458654720	
1255109508264857603	
1255084342306619393	
1255134678727553025	
1255133336101515264	
1255129640856846336	
1255119577211518977	
1255117058175578112	
1255114611218509825	
1255135297613860866	
1255094408833380353	
1255280761755893761	
1255270571870429184	
1255589829204721666	
1255588016879546371	
1255587637928353792	
1255587460769296394	
1255579175001436161	
1255572564484558848	
1255555191815970816	
1255595018540273671	
1255571776849010688	
1255565009708515329	
1255560651193409541	
1255559976510078977	
1255558903045279744	
1255556402216603652	
1255513426438193152	
1255512163424153600	
1255568784699654144	
1255408116298067969	
1255610308783075328	
1255637990388334592	
1255531285214384129	
1255528193198604300	
1255526795568390153	
1255525549784682497	
1255525144757448710	
1255519003386273792	
1255517201261645824	
1255625782858338304	
1255517180298395650	
1255516023530422273	
1255515442468327425	
1255515155879940096	
1255552436686802944	
1255554813540085761	
1255574747821281280	
1255643017400078336	
1255516143353094144	
1255391752866979841	
1255397849233326081	
1255401431705751554	
1255471896369471494	
1255466869085143040	
1255461829834182656	
