1227800998162223104	
1227860438861275138	
1227867793917267968	
1227885119836344320	
1227891523900981248	
1227896252974546944	
1227872732882161666	
1227915555740372992	
1227926356933001217	
1227930418285969412	
1227906434345533445	
1228203641007308800	
1228234235447656450	
1228216783577837569	
1228212756899225600	
1228211704158248961	
1228211586491305985	
1228207242672893954	
1228199309063028736	
1228197587095670787	
1228189626151636992	
1228292806411599872	
1228287774551429120	
1228282739767545856	
1228278999266123776	
1228272674943537152	
1228328390001692672	
1228333072489369607	
1228430211529629696	
1228461621149753344	
1228194899708657666	
1228258927420198912	
1228303163125460993	
1228252540732497920	
1228237441456193542	
1228242474411286530	
1228244347264499712	
1228297839240826880	
1228302877698867200	
1228247507743805441	
1228307905755017217	
1228305389185314817	
1228172010171142146	
1228121426877722624	
1228166977853718528	
1228153539878195201	
1228151440444555265	
1228138190885666819	
1228113587752751104	
1228119599205339136	
1228312938965913603	
1228323005526368261	
1228317973007478785	
1228257576191590404	
1228108894750134273	
1228327805223493632	
1228310424371769344	
1228499776271863808	
1228501394291752960	
1228539431184814080	
1228504918752784384	
1228511877254139904	
1228524331732471808	
1228529366080131073	
1228570763730411520	
1228560023648755712	
1228564616650739712	
1228574663254642690	
1228575080008912896	
1228691799171977217	
1228499167527477248	
1228695460069531650	
1228553146516955137	
1228488396160454656	
1228473550236860417	
1228725658689429504	
1228484502332174336	
1228574291236548609	
1228779834291171328	
1228677911705612289	
1228797380868419584	
1228793606233821184	
1228660746793304066	
1228655193987772416	
1228645631180361730	
1228650469343383557	
1228808957453463553	
1228815435744894977	
1228823510803304448	
1228825589433454594	
1228685392926232578	
1228622650227822600	
1228816257346129922	
1228589765219368960	
1228595898797572096	
1228604610568318976	
1228609005037088770	
1228628518394834944	
1228675549645524992	
1228585987896479745	
1228631928628080640	
1228831355666141185	
1228836387991867392	
1228841420925984768	
1228846388307324929	
1228846963728080897	
1228862046386569216	
1228857551053213696	
1228856520596606976	
1228999392465567744	
1229012550123245569	
1229022615257468929	
1229017581773819904	
1228966797451202560	
1228961944280788992	
1228952437827915776	
1228947117432946688	
1228937800763883520	
1228982496861097984	
1228932017934323712	
1228926984803274752	
1228916918561755137	
1228901818937163776	
1228881686521405441	
1228947348639768582	
1228997197770846208	
1229027651437780994	
1228871620158205953	
1229032681607921665	
1228992416029368320	
1229052814019698690	
1229044830262587392	
1229057848228884484	
1229178643017945089	
1229183676170113025	
1229185277807038464	
1229189276157349888	
1229054072755490820	
1229545386043265024	
1229279306502823936	
1229314538480078848	
1229314909160144898	
1229435082936504322	
1229420434552082432	
1229420240812924929	
1229415518752215041	
1229410169018179586	
1229405136843235329	
1229395070220038146	
1229369903590723584	
1229364870379757571	
1229541032359890944	
1229342644909690880	
1229349770776301568	
1229541679771852800	
1229334126966145024	
1229318926313521152	
1229400102403362818	
1229288183449321473	
1229374937665855490	
1229193742801866754	
1229284341433323522	
1229289372866031616	
1229309505453907968	
1229304472238686209	
1229299748907040768	
1229259173797531651	
1229244074303119361	
1229242009669361664	
1229234008048824320	
1229249107543445504	
1229221424998408193	
1229213875540652032	
1229210156379996160	
1229208843881717766	
1229208445292695552	
1229207634475008000	
1229228974800281601	
1229203809148264448	
1229198775828320256	
1229898234623070210	
1229902828359032832	
1229903324088078336	
1229913485137461249	
1229907091978162176	
1229887061152260096	
1229903420204732416	
1229702092475883520	
1229586494202867713	
1229590160917925888	
1229591163310460928	
1229596396032057345	
1229601756792774657	
1229884544716640257	
1229718333559230464	
1229699690603483136	
1229583887149363201	
1229697059135115265	
1229620326583037954	
1229692025810948103	
1229765896341557256	
1229686992889204736	
1229772557001412609	
1229767526118297600	
1229688551467470848	
1229763350789160962	
1229757457339179010	
1229752424337989633	
1229748917287313408	
1229747390724239360	
1229772891895386113	
1229742357890789376	
1229732291297058817	
1229566196682354688	
1229560035417583618	
1229556131443310593	
1229737327527743489	
1229777589859844096	
1229786398238158848	
1229782627604930561	
1229684476751630336	
1229681959728746497	
1229678845982232576	
1229677543990554625	
1229676926542831617	
1229671893311148032	
1229666860175482881	
1229662252363468801	
1229684311411941376	
1229655755311071232	
1229662085182713856	
1229797722405756928	
1229841988687712257	
1229727258249531393	
1229790173497458688	
1229707700096786438	
1229636661157363712	
1229648136861188096	
1229722226875928576	
1229983949411106816	
1230024215224406017	
1230005340609110016	
1230009115319074817	
1230016665598840833	
1229989886641311745	
1230028570241589248	
1230114814296346624	
1230024609090551808	
1230039643095068672	
1229962810160889858	
1230099715796209665	
1229922579017650176	
1229923415617753090	
1229938446640136193	
1229945742757789697	
1229952771496955904	
1229957925411491840	
1229959461789286400	
1230014329111506944	
1230042214551543808	
1230048236284469248	
1230064480261791744	
1230070818949885953	
1230088768838701056	
1230102809963421696	
1230109778850000900	
1230153266249400325	
1230160112351883264	
1230190360896212992	
1229937983727362048	
1230149598468919296	
1230139977750548480	
1230261559198437376	
1230130648758833155	
1230119845418561537	
1230268810256621570	
1230270840136241153	
1230262730327810048	
1230482139927306240	
1230487265924673538	
1230492301014831105	
1230497332480872449	
1230507399011803138	
1230508657353412614	
1230512431983710210	
1230522502142713857	
1230386440351014913	
1230457066902388736	
1230452792428384256	
1230387309482106881	
1230391635684536321	
1230397572948193281	
1230402845347733505	
1230480886459584513	
1230537603247570944	
1230480501099548673	
1230467303839428608	
1230406735321427968	
1230635020378763264	
1230462103733051392	
1230463610134069248	
1230467133550673927	
1230477204800315394	
1230407760132468737	
1230361436918091777	
1230413461244403712	
1230371926775717889	
1230291764356861952	
1230292482593828864	
1230296005561634818	
1230298796749275137	
1230301039003197440	
1230313800856829953	
1230320833916129281	
1230336270959828992	
1230341052390723585	
1230344563325190147	
1230351370559119360	
1230366469856186368	
1230280906121732096	
1230409252751044609	
1230326204936310786	
1230323006586535936	
1230378263937077248	
1230419318115946496	
1230421530368020480	
1230421834882879488	
1230424351385645058	
1230428126347431936	
1230431902625976321	
1230441967575658496	
1230426867867381760	
1230378726912712704	
1230641889436549120	
1230628195390697474	
1230993303866396672	
1230930184984875009	
1231000383151116289	
1230656283671269376	
1230647572412297216	
1230653108750966784	
1230659949673377792	
1230662457401561089	
1230991651247661057	
1230945115675426821	
1230987128563261445	
1230949059462037504	
1230665951961468930	
1230884889576136704	
1230982513574764544	
1230669144896364546	
1230790534924341251	
1230674002751836161	
1230718792650588160	
1230720624810610688	
1230729470438342656	
1230734294798098433	
1230739145321897984	
1230743957363097601	
1230748992524308480	
1230749469634809856	
1230754023629901824	
1230762126593024001	
1230764478800621575	
1230773645548539904	
1230708725167640576	
1230703691906240515	
1230693511915282433	
1230698658787545089	
1230682099050352640	
1230683919298596866	
1230806357487390720	
1230812292289196032	
1230816894250188802	
1230819455032270849	
1230824488725614592	
1230831502956457984	
1230919325961375745	
1230841867274616832	
1230836040182550528	
1230670614026846208	
1230800545083875328	
1230880182237450240	
1230877336364556291	
1230873561344045057	
1230870535749410816	
1230852941793226752	
1230690958989094913	
1231126478483525637	
1231030847743987713	
1231121444601417728	
1231116411541630976	
1231020784388202498	
1231024072852508672	
1231191004222349312	
1231056013756788736	
1231040914056994818	
1231045947309711361	
1231050980520685568	
1231066231572008960	
1231112035246596096	
1231186877396353024	
1231071113112772609	
1231035881647038465	
1231181842730160128	
1231131511166054400	
1231176809577877505	
1231081180004601856	
1231018562795364352	
1231126867962281984	
1231128760730013696	
1231181842654486528	
1231134315376869376	
1231156835207352326	
1231159028962582528	
1231161710058274817	
1231162373542514689	
1231164227869691904	
1231169920013983751	
1231171776308219905	
1231151643787325440	
1231096279675088896	
1231207008738652160	
1231111379987374080	
1231005682654040066	
1231010715135164416	
1231106345111154688	
1231015748254027777	
1231020746786267136	
1231017867203633154	
1231199746145968128	
1231201976920289282	
1231227141116682240	
1231212041588723712	
1231217077102546944	
1231219591600201728	
1231191909021831168	
1231221153806442496	
1231222108241321984	
1231224986259484672	
1231247274539282432	
1231352970463338497	
1231358925540225024	
1231363036536983552	
1231220422248554496	
1231403301868056576	
1231405626795819008	
1231408334982569985	
1231428468069588992	
1231483089274032129	
1231433500856729600	
1231453633541287937	
1231473891551301632	
1231463700009275392	
1231474174993952768	
1231382589019082752	
1231378136253767681	
1231373102938017792	
1231401205760315394	
1231368228166717440	
1231458667456655361	
1231398962860457985	
1231391933185978368	
1231478799499440128	
1231519065908207616	
1231529131176841219	
1231539960429174785	
1231549264670711809	
1231554240901832705	
1231554296895852546	
1231515320789041152	
1231563903676534784	
1231574429588545538	
1231514031501918208	
1231499586679652352	
1231591668102483968	
1231503965357060103	
1231594563447312386	
1231597452043509762	
1231609661679337472	
1231602111915253760	
1231498932024422400	
1231582503778959360	
1231579464070361091	
1231489672687128576	
1231493898951770112	
1231742475489820672	
1231851763461832705	
1231732618837680128	
1231764072321839104	
1231795888697167872	
1231785822531313665	
1231777142695813120	
1231774263662669824	
1231770053739048961	
1231926751887949826	
1231761201664688128	
1231750590398484483	
1231856286758621184	
1231851253849702401	
1232017348128837632	
1231912603267391489	
1232085888051679234	
1231790603895287809	
1231927337270169600	
1231951693757239296	
1231948441405640704	
1231918793141571584	
1231954681326211074	
1231957445158686720	
1231921882955276293	
1231887518481571842	
1231909573843243009	
1231904317155659776	
1232032448160108545	
1231895570966433792	
1231879180498784257	
1231868930198622209	
1231863494636703745	
1231972051289808897	
1231964501492133889	
1231987153434968065	
1231856002238074880	
1232087812511395840	
1231894776645111809	
1231801000228356096	
1231768438588076040	
1231845675056263169	
1231846220508823552	
1231841187255943168	
1231836615737135104	
1231836153990373383	
1231834665754906626	
1231831120985018369	
1231821054521139200	
1231809144446840832	
1231805955752333313	
1231826087669186561	
1232215661142630400	
1232213643057647616	
1232213122921852928	
1232102911884189696	
1232106185605754880	
1232299205366034432	
1232107642585153536	
1232320332243054592	
1232269006440058881	
1232314305061826560	
1232304966787715072	
1232304239130468353	
1232296688645103619	
1232295426100842496	
1232294172167569408	
1232280743050534914	
1232276158462300162	
1232274039781109760	
1232271010449113088	
1232264489854107648	
1232108991368400897	
1232319338348040195	
1232109363268972544	
1232118011491840000	
1232152991886716928	
1232198969490468864	
1232123519879630849	
1232128077750317056	
1232133110814298112	
1232134564325101569	
1232143177273884672	
1232116358931873792	
1232158276562956288	
1232163309815783424	
1232168343060152322	
1232173376187355138	
1232183064425451520	
1232188475853553665	
1232198320564518912	
1232094240164892672	
1232289143532580864	
1232097878731935747	
1232217154323243017	
1232437731038351362	
1232440136518033408	
1232440873310273537	
1232444714579722241	
1232253906874445826	
1232248873663352832	
1232322227544174597	
1232217550257192960	
1232223707780743171	
1232243840909750274	
1232225666654859265	
1232228740945629186	
1232229223797886976	
1232231257615958017	
1232233774055874561	
1232238807216316416	
1232242933186695168	
1232626361182892035	
1232627232230670336	
1232616294601478144	
1232611261826977792	
1232606230360797185	
1232604065621655552	
1232603789120528384	
1232601195098730496	
1232598784909037568	
1232586095629492224	
1232583579705593857	
1232581062686994432	
1232576479457767425	
1232561175562346498	
1232455609162682369	
1232621967934537729	
1232628373878296576	
1232560930795319296	
1232468157798858752	
1232621329775550464	
1232555896913440770	
1232531539906330626	
1232523972584951808	
1232512208762003461	
1232500532364759041	
1232498449574023168	
1232490904532860928	
1232487571034263552	
1232487329341689856	
1232485881572818945	
1232475366150692864	
1232473220353183744	
1232469782353477632	
1232460266652291072	
1232807555006513152	
1232565963117211649	
1232813810584444928	
1232676692877041664	
1232682506639544320	
1232691792270778369	
1232716232186564613	
1232582350841630721	
1232811936359886848	
1232671659607261184	
1232666630364098560	
1232661593311383552	
1232802524362661888	
1232616322934042625	
1232777667499429888	
1232628879283474432	
1232635741261287424	
1232696573697626119	
1232646413953060864	
1232646918532038657	
1232650911744266241	
1232651526809640963	
1232652816662949888	
1232656560284934146	
1232641460757024768	
1233005239755608064	
1233145433628848155	
1233014441198981121	
1233008881678241793	
1233003798181773312	
1233029016241618946	
1232993782137868288	
1233020756730073088	
1232983717599043585	
1232977769442660353	
1232971831293825024	
1232964785865555970	
1232998563732324357	
1233034851877408769	
1233174975919591427	
1232903184986910720	
1233157359892975616	
1232842222019592192	
1232841789217722369	
1232835216047104001	
1232884333175640064	
1232889845602643969	
1232940414136725526	
1232938602658578433	
1232846605251792896	
1232938447213457409	
1232923859990413313	
1232923565185355776	
1232916740805292033	
1232908662387068928	
1232908218143322112	
1232894278319263745	
1232935076335247360	
1233166417459056640	
1232849237701885952	
1232852853309358080	
1233074318642311168	
1233051977061261312	
1233046630544355333	
1233044541067776001	
1233044113735417858	
1233039080465686528	
1233038953994842114	
1232851915446185984	
1233177589138673666	
1232942347182166016	
1232874328229695488	
1232873431722422272	
1232868272942403585	
1232867952850067456	
1232857886662938624	
1232876875602546688	
1232952522345566208	
1232818697200263168	
1233305838372216832	
1233303980219846656	
1233320937858064385	
1233238207627530240	
1233231718129098752	
1233210209117458432	
1233182363779137536	
1233184079744389122	
1233225309836603392	
1233220274440433664	
1233215241305182208	
1233210677474422785	
1233310871390019584	
1233180734610763776	
1233316410316607488	
1233336037260185600	
1233235373909667842	
1233255507437244416	
1233260539767181315	
1233265572936220672	
1233325970909810688	
1233273864798396416	
1233285705532469249	
1233286251035258880	
1233293411739824128	
1233301111827619840	
1233351136859639808	
1233349312010080256	
1233346106341199873	
1233275639282753537	
1233200141726863362	
1233196761033756673	
1233494629233893377	
1233536967427657730	
1233205175009103872	
1233519631429783554	
1233541826558083072	
1233487032615305216	
1233479812334833664	
1233195483704651776	
1233371698117791744	
1233376053071974400	
1233381335802183683	
1233387896377237506	
1233395016497680384	
1233400426990432257	
1233403985190629376	
1233427211014868993	
1233436701260951552	
1233470254350839808	
1233199279751061504	
1233638027097972743	
1233643060132794368	
1233644794301169664	
1233645246665256961	
1233653126659497984	
1233648268594176001	
1233572596328824834	
1233664615965315072	
1233668925679796224	
1233673259327148033	
1233678295868133378	
1233648094706724866	
1233632994394595328	
1233602794860335104	
1233622927653965825	
1233618530571915264	
1233617895516758016	
1233612861311799297	
1233603778516942849	
1233601723744186368	
1233597761670369280	
1233592728547495937	
1233584857726324736	
1233583054712557568	
1233567562828369920	
1233577629112029185	
1233627960856309761	
1233562529672159233	
1233688359018479616	
1233889735090806786	
1233564075453382656	
1233829287297339392	
1233903783710617601	
1233903127620833280	
1233902779342548992	
1233728890767470592	
1233723591486853121	
1233815696359985153	
1233699592920694787	
1233557800162217985	
1233557498411585537	
1233553997623066624	
1233552463262650368	
1233740613524156416	
1233743723638358016	
1233753789938597889	
1233766766498603008	
1233771172786921474	
1233764910141587457	
1233776580113006593	
1233783993276829698	
1233826988076544001	
1233678504350191617	
1233772664268812288	
1234050746599051264	
1234060812978774017	
1234131280784003075	
1234252074700984320	
1234075386809421825	
1234195973070630912	
1234126244385521665	
1234060986060955648	
1234070881707679746	
1234074905961881601	
1234111144681361408	
1234106111554445312	
1234101080138670080	
1234096045036056576	
1234092910246645761	
1234091012076822529	
1234090827514703872	
1234090201812615168	
1234088495305699330	
1234146379594960897	
1234085981126643715	
1234259543804104705	
1234080945675948033	
1233950735575834625	
1233932180495093760	
1233928010782265344	
1233925647015088128	
1234005448052924416	
1233912335196028928	
1233918977170034690	
1234040681972322304	
1234025582301630464	
1234010877709303810	
1234035647154802689	
1234020547576635392	
1234016468565553157	
1234030614027747328	
1234031295824424960	
1233952599902023682	
1234000414883733505	
1234026025186545664	
1233965182881107968	
1233957633041657858	
1233994086807289856	
1233990348633886723	
1233987212116553728	
1233985315536285697	
1233980282979704833	
1233975249084895233	
1234624527281188864	
1234619494430961666	
1234434502170042371	
1234428842950836226	
1234421281228902400	
1234442611286429697	
1234418169063903232	
1234413134518972416	
1234409300484734976	
1234396539595849728	
1234443333575102464	
1234453400118448130	
1234593566162374657	
1234493670696439808	
1234372918278160385	
1234362802824892416	
1234352736474451968	
1234346738003009536	
1234339570541445121	
1234313297651884032	
1234305857237606400	
1234299884951310341	
1234613771752087552	
1234614461194850305	
1234581494259179521	
1234373658056880129	
1234304086511501313	
1234318450530504705	
1234388435701362689	
1234478307858505728	
1234468499411668993	
1234463933496352768	
1234458858795352065	
1234387968619663360	
1234382935488368640	
1234297758044942337	
1234294480552906752	
1234288335150993408	
1234274429489672204	
1234272205854232576	
1234297753427009536	
1234488710349180929	
1234483864971534338	
1234830887541452801	
1234825854993096705	
1234821696328105990	
1234820820851208193	
1234810758866915330	
1234805721285320704	
1234800688267481090	
1234832673115213826	
1234795657166090241	
1234790622080335874	
1234843088431927298	
1234850383723454466	
1234851019953074176	
1234856054694895616	
1234856337026297862	
1234863245799960576	
1234976849693990912	
1234793544113475584	
1234783129497300992	
1234663275716956160	
1234634836305801216	
1234650412805812224	
1234649693394624512	
1234646568403210241	
1234644609696854017	
1234659761603448832	
1234657225391501313	
1234633754263482368	
1234730223901409280	
1234735207514656768	
1234710091334594560	
1234743405034397696	
1234686934519169024	
1234784085244932098	
1234684925397340161	
1234674860321800192	
1234736234221539328	
1234737558426243076	
1234780623153221638	
1234775522544058368	
1234771114796056576	
1234740290281361411	
1234769398868537344	
1234745323450331138	
1234770489341599744	
1234750875467317249	
1234755389746364423	
1234750357349122048	
1234761074466938880	
1234765456268984321	
1234768356571398144	
1234755852956884997	
1235110227852181504	
1235130423845351424	
1235012971551744000	
1235019736519340032	
1235098085446963200	
1235102678134534145	
1235107711244738561	
1235112745588183042	
1235062412727861248	
1235116519715028992	
1235117391631114246	
1235120294756601856	
1235112996185067520	
1235019697965297664	
1235020103676235784	
1235032213839806465	
1235047313338519552	
1235115611807576067	
1235146718397644800	
1234991950564089857	
1235077173528027136	
1235158044264161280	
1235159297857933314	
1235150494315634689	
1235132806730260480	
1234996981656739841	
1235002014804955136	
1235007343600873473	
1235008254192672768	
1235316587512516609	
1235309038868418560	
1235263740154499073	
1235248644799913985	
1235225991439515650	
1235223270296674304	
1235218440958267392	
1235213407902519296	
1235173470389948416	
1235210067898580992	
1235184467003740162	
