1369032927049302023	
1369032868312326150	
1369212975953838082	
1369130823681708033	
1369125790525190145	
1369148416060575745	
1369196255402942466	
1369191221579706369	
1369286855120674818	
1369089914210414596	
1369251619636797445	
1369263603342270465	
1369271809363693576	
1369115724212494336	
1369174724870242305	
1369317447812153353	
1369329612740829194	
1369329773982457859	
1369357573103751172	
1369412661268647936	
1369413052752396288	
1369413562356142097	
1369413592341241861	
1369414673251074053	
1369342414419279872	
1369415514041225218	
1369415535256014856	
1369414630162989061	
1369296918065545216	
1369435153819459589	
1369783169013211141	
1369689187591524354	
1369786921740865537	
1369731394813984772	
1369769852525813767	
1369768810241286144	
1369761612110962692	
1369793487621648385	
1369712808842190849	
1369443966811308039	
1369449171275689985	
1369661334560763905	
1369533476853092352	
1369478111889342465	
1369647807687057411	
1369645681732845568	
1369629106980220931	
1369584103293526018	
1369613774760546304	
1369602654251360256	
1369505794476175361	
1369598908154998789	
1369932323903270915	
1369917900002263043	
1369885798238146564	
1370087529676996618	
1369967879962030083	
1370045926828544007	
1370090067847475204	
1370089839681548292	
1370036793433759744	
1370096212603498497	
1370111709357170690	
1369807429475524613	
1370003224552337412	
1370001561720524809	
1369997946373087235	
1369985204194963458	
1369976394596315140	
1369970170878337031	
1370067352004485135	
1370062606350827520	
1370061997061120003	
1370050627347308549	
1370047501089247237	
1370072052611301376	
1370059550351630344	
1370160106193698817	
1370159963041980417	
1370158290286510080	
1370155074018713601	
1370406427932692499	
1370183581637640194	
1370184330312445952	
1370390353002459136	
1370334323304398851	
1370335450804543493	
1370389118186778631	
1370164416998600704	
1370434060812759041	
1370211591518445569	
1370501422983356426	
1370501875322195971	
1370502350872412162	
1370505845155500040	
1370523403958980609	
1370501071542616064	
1370450515549691913	
1370409272467722246	
1370417121197428738	
1370428624545984518	
1370437212089823232	
1370450570729951244	
1370485295951585281	
1370476445177368583	
1370477830119755779	
1370479734811996169	
1370481365012078595	
1370517461393571841	
1370221817969844226	
1370248186154029056	
1370283419905576963	
1370258252613574657	
1370279723343876097	
1370218197790519296	
1370588509279383554	
1370600508256366592	
1370608124168572941	
1370650107440340994	
1370686071575605249	
1370688918828425218	
1370691112743051268	
1370696137842290692	
1370711237517045764	
1370726337028182016	
1370743457669509121	
1370645808329146371	
1370681038347792387	
1370837742049984512	
1370535660445044737	
1370872301554524162	
1370655872519700480	
1370560242359144449	
1370527973405691905	
1370538382149885953	
1370541126977953795	
1370665491300163585	
1370660908259700737	
1370768471009673219	
1370772236144103427	
1370774212198141952	
1370784125137920012	
1370784435499585542	
1370826821944623108	
1370831269848879104	
1370880451615756289	
1370765303974608896	
1370650839421906950	
1370897464400617475	
1370912563848957952	
1371248101990621185	
1371098790963253249	
1371068329541050370	
1371044899513004033	
1371043426469302278	
1371104722891939848	
1371111057641500674	
1371193602613903360	
1371192442431680518	
1371174994361860099	
1371130502367809550	
1371118923932860421	
1371201227694936065	
1370945527580217347	
1370915067382788099	
1370914153141956608	
1370932940591435781	
1370983028261027841	
1371029474096058369	
1370993096243171328	
1371201371412824071	
1371173770623352834	
1371520582580379655	
1371578046042550279	
1371577383845777424	
1371576976377589764	
1371562463150366724	
1371576406950416384	
1371566489719992325	
1371564371386757126	
1371562532796821507	
1371513107617566720	
1371576950817456131	
1371468361813532680	
1371599902719897604	
1371485042069934081	
1371486723453153287	
1371491907369586692	
1371510072325636101	
1371510133151371264	
1371510397560365059	
1371578084248453122	
1371609093408837636	
1371480722448465921	
1371305150782971905	
1371314965387251714	
1371344812511662090	
1371337796011589632	
1371340313353064449	
1371267265673392129	
1371283843064373252	
1371451112637669387	
1371446087282614272	
1371436013239726081	
1371415882749116416	
1371414010017443849	
1371414001343598594	
1371405732751441923	
1371322044126662656	
1371656537597304833	
1371657473124298752	
1371717875094880256	
1371707803853680642	
1371709728456249345	
1371712783880876032	
1371615411972665345	
1371617675588210691	
1371622322638004224	
1371631791933595651	
1371638561573724162	
1371647405985300485	
1371613595931344900	
1371749400272199684	
1371753103112896514	
1371748074012377089	
1371743036112302080	
1371889833497493505	
1371883480959877121	
1371879043436589062	
1371871714309726218	
1371857354787012616	
1371766263672836096	
1371763173510897667	
1371898893114413058	
1371785616334090245	
1371899025813831684	
1371854716813127683	
1371911661917986818	
1371854439225683969	
1371848918351380487	
1371800774297022468	
1371822396320014337	
1371831117842616333	
1371829442729766916	
1371818533630320645	
1372105208843567107	
1372123236733919232	
1372118601390419970	
1372162084713033736	
1372168836468797440	
1372202510757236740	
1372201376701317120	
1372196041580179461	
1372185987414065153	
1372175888360558597	
1371985352131407873	
1372101420367847425	
1372024893395464193	
1372080259730870272	
1372210814090940418	
1372214528784621577	
1372216813203955715	
1372250279580733452	
1372236645156675585	
1372229585039933441	
1372134948530835459	
1372257779839303682	
1372310668465074177	
1372313450144272388	
1372313810804076549	
1372313844740206595	
1372314124634492931	
1372329400067231744	
1372314075313672198	
1372278175271682052	
1372071946062458881	
1372028420587089923	
1372289804461871109	
1372310998414135298	
1372476422833516550	
1372487949850394627	
1372494603312537600	
1372507046956855296	
1372514267245645827	
1372452712349114368	
1372442192258629632	
1372521551837327360	
1372562234543534084	
1372563446357766147	
1372412449589198854	
1372472854063718403	
1372634986902327305	
1372635072189321217	
1372676688761520132	
1372673447936004098	
1372635216683139075	
1372571176690724869	
1372634948633571331	
1372590652224118791	
1372603666901909505	
1372639099442626564	
1372593065047777281	
1372345248437862404	
1372359600012464135	
1372365024971292672	
1372544129914179584	
1372538276309999616	
1372344501067411458	
1372344414744375296	
1372623059237150720	
1372609054598705153	
1372608887388581896	
1372635521118310408	
1372635355405500424	
1372825029935734784	
1372853469812453377	
1372845299182542849	
1372744641171230725	
1373018692674584577	
1372989265802637312	
1372984997137760258	
1372979781730512908	
1372815172146925569	
1372969782341947406	
1373047436625596418	
1373045625369993218	
1373040931176214532	
1372963181790920707	
1372960430881144835	
1372943089845800960	
1372946593561870337	
1373047627173007373	
1372717107251580929	
1372959577747128320	
1372908892103962624	
1372923608234795011	
1372915764064321544	
1373071791657250816	
1373224405279469569	
1373217538268569604	
1373244084341538818	
1373244259038490626	
1373234399987134468	
1373141537891127297	
1373139265341718530	
1373127135825596419	
1373104824149970947	
1373160662919122945	
1373217753595777026	
1373208050555785218	
1373174972227616769	
1373163646772187142	
1373099474734608385	
1373416547943804933	
1373348090451787795	
1373347947635695616	
1373341548977524743	
1373340905126629378	
1373517319050203138	
1373478843193778176	
1373502916221308933	
1373499610480644102	
1373530571473743879	
1373515656897826818	
1373554975339593730	
1373542657310400515	
1373570075148439553	
1373469768167030786	
1373533576185057284	
1373648256828239873	
1373648432145985542	
1373675415613665290	
1373690129840226304	
1373698974302023688	
1373740531839332356	
1373781237043585024	
1373453511921344512	
1373625439877488645	
1373867031813107714	
1373877229873106948	
1373937730690838529	
1373914778243014658	
1373901891428519936	
1374127026190356482	
1373882999943536644	
1374129801552871424	
1374141906259603456	
1373814183389663233	
1373817454674145280	
1373818240607027203	
1373825885082583040	
1373801602906091524	
1373787759580614659	
1373991205449601032	
1373982794418958336	
1373981191364255745	
1373980278037868550	
1373971609942249478	
1374045874570072076	
1374140740830330882	
1374262044183068672	
1374429775272439812	
1374509363209981952	
1374503389531283465	
1374478704873590789	
1374422674173141002	
1374341052350402561	
1374336348321026049	
1374400498569154560	
1374382066733707271	
1374374321653645319	
1374365315040223237	
1374478578922889223	
1374166119657869312	
1374254024183050244	
1374209342237405184	
1374214606395109376	
1374181346252181509	
1374264651777675264	
1374214166378995715	
1374760418476838915	
1374551542037053443	
1374576707915587588	
1374579224368021510	
1374818399440752640	
1374736614069399554	
1374730222868729857	
1374731693454618628	
1374729137349271553	
1374664604584800260	
1374611939918286851	
1374633687807971333	
1374627039450443776	
1374624011305414656	
1374784278165340163	
1374630930187317253	
1374793951874580485	
1374695064002207746	
1374549235983511555	
1374535028873388032	
1374855441029681157	
1374857777122795521	
1374857831791403011	
1374857920307994626	
1374838759024435200	
1374544841476956160	
1374521145072881670	
1374518827736698885	
1374818640328065028	
1374698412751220738	
1374884179385610245	
1375022143260397571	
1374876607257583623	
1374873669676240898	
1374896313750458368	
1375090110031536132	
1375093207357255682	
1375094942809268226	
1375102073885184003	
1375114243457085441	
1375038597611446277	
1375040235126484992	
1375053172633309194	
1375049825725517825	
1375182523756654594	
1374915005099900929	
1375229162848280579	
1375152463527997441	
1375131565638946820	
1375059891677769739	
1374903868509708288	
1375447447695093766	
1375483031847329794	
1375408571861528579	
1375361881775431682	
1375366914793349120	
1375387048190820360	
1375392080747499524	
1375397114050666499	
1375268529478397955	
1375251153449930753	
1375266253108051972	
1375267215461675010	
1375436373918842884	
1375342910623735809	
1375239049355558915	
1375349974184067072	
1375561205964800001	
1375535248272949253	
1375304000430428162	
1375321616226398215	
1375330674048032770	
1375950368828440576	
1375830942602948611	
1375828217056141312	
1375828024730513410	
1375827782874370049	
1375824126196080649	
1375822906777772032	
1375821439236853762	
1375804033743511553	
1375789700657520653	
1375832639744139265	
1375600647811203074	
1375870793033351169	
1375864007651909634	
1375833068766949381	
1375689039471243265	
1375684004071022595	
1375641222300114944	
1375630820325531648	
1375751369739497472	
1375719240465063939	
1375710701910560774	
1375704140224069633	
1375694070568325124	
1376081626455666690	
1376067738586648577	
1376096727716016131	
1376098611478421508	
1376148865204711426	
1376118704618934272	
1376312736972431367	
1376277792606785541	
1376214622953422852	
1376191095684669444	
1376151369590042627	
1376066903941083137	
1375968378267967490	
1375985993988251651	
1375970255676219400	
1375994239876616202	
1376019104209924099	
1376028776950337539	
1376039662377070594	
1376427515367940096	
1376512075292319746	
1376519513869537281	
1376523501771780099	
1376464144757522432	
1376468491914473472	
1376582715668013058	
1376672187227238406	
1376369960126083079	
1376383362257059841	
1376357716067643392	
1376331772586233859	
1376619996638494721	
1376612925977268228	
1376611838901825545	
1376611189959049217	
1376609575051395074	
1376599054109523968	
1376590867943858184	
1376590613672517633	
1376576467702792199	
1376368519315525637	
1376560194621218818	
1376552225246375937	
1376670907494760449	
1376672141182185473	
1376877338193920003	
1376878483205320706	
1376969687683203079	
1376893222140645376	
1376898575225942018	
1376803269595426816	
1376816466394288128	
1376824609031417856	
1376840897606782976	
1376900088979591178	
1376956843742924800	
1376964573669040128	
1376969033053048834	
1376947000697106437	
1376891047633035265	
1377046631585964034	
1376904701661208578	
1376903894484197377	
1376914761212813312	
1376905911575343111	
1376935465077587972	
1376935967907516418	
1376943240763572225	
1376756319848341506	
1376761103330410499	
1376926987734937605	
1376695670296301568	
1376785538351394816	
1376713286289342464	
1377109801029660681	
1377124774032203778	
1377139767045844998	
1377148655136768008	
1377094600335101953	
1377068124692905991	
1377070641300520963	
1377073157744566273	
1377078197481844737	
1377153990647934985	
1377390249844776963	
1377216882898440196	
1377249912056737792	
1377242826669350918	
1377388656730664961	
1377200038397370368	
1377165012834390017	
1377170035240628227	
1377170846192570370	
1377332562704560129	
1377380053265248257	
1377388209164808195	
1377388296154714115	
1377323503028932609	
1377324894489313281	
1377313370764902408	
1377273818138353665	
1377289435352592391	
1377291389013200896	
1377182435696242689	
1377170041263714306	
1377397207905669120	
1377389330860105732	
1377534950816292864	
1377432567352201219	
1377477474200608776	
1377480843942223872	
1377494062077386756	
1377495943440916481	
1377506676706746368	
1377508527837569024	
1377511042952101888	
1377413817353732098	
1377683949682573315	
1377684881052930049	
1377410532857180169	
1377675634990780416	
1377675372616167428	
1377638633969045505	
1377692431995527168	
1377703647996489729	
1377703727516299267	
1377703801394765832	
1377706424323690499	
1377706697310019584	
1377537731908169728	
1377538725278715905	
1377572377710620673	
1377596606841810948	
1377596753327742984	
1377601640287506441	
1377610849242599424	
1377740593334525952	
1377558400645484545	
1378019778456137734	
1377935097391841283	
1377920527713464320	
1377780318732742659	
1377969061846470659	
1377979127597166597	
1377958994745028609	
1377872604510363649	
1377812666379501571	
1377786410170650624	
1377785876189638656	
1377858331356889088	
1377828132321828872	
1378034607619203077	
1377896950410833920	
1378057660017295361	
1378067169964126213	
1378106582098182148	
1378127606814539778	
1378130122180464646	
1378073156372545538	
1378076049322483713	
1378129505361874948	
1378108456243236866	
1378125103284645891	
1378194459351941125	
1378265969332678666	
1378255956677656577	
1378297954881085447	
1378230581348114437	
1378321382539456515	
1378260984511488004	
1378262811185356800	
1378151401986002944	
1378263501601398785	
1378396534316937217	
1378417505006419978	
1378417595632791555	
1378380749431320577	
1378380231157940229	
1378375376561393664	
1378375694820982795	
1378326415649742851	
1378486166199050241	
1378489993426046979	
1378495809457508353	
1378331006692814853	
1378356614630105092	
1378562726553772032	
1378573040921927682	
1378581848826208259	
1378603239638241284	
1378846243690967043	
1378815251840401410	
1378815201622040576	
1378806084618567680	
1378786864681865219	
1378786833690198018	
1378504860719443971	
1378514287740657664	
1378600375326961664	
1378532775419113473	
1378703902984577036	
1378706419625512967	
1378757640772317185	
1378619427936079873	
1378649796970475522	
1378749744172961796	
1378673704067010562	
1379122972632432641	
1379111561692856325	
1379218895878250497	
1379000198513401858	
1378935430763016196	
1379015959403507716	
1378921458550730756	
1378915295931162626	
1378866928379338756	
1378863850846441473	
1379213501894324224	
1379164059996721154	
1379061257840455687	
1379066984256610307	
1379380012306948098	
1379413579305132035	
1379369458720894981	
1379361989823193088	
1379350775344685057	
1379348148091412485	
1379387442730430465	
1379465276278865921	
1379554206735028227	
1379553322080821252	
1379552010278739972	
1379508732493770756	
1379496307119771652	
1379554226121097217	
1379393446587301894	
1379554767677034499	
1379580784894386177	
1379579477026467840	
1379436229104594958	
1379307882894741506	
1379237249980583937	
1379222323673305089	
1379260068852498436	
1379493056878104586	
1379714404569116673	
1379709511435395075	
1379922971033280519	
1379908065236021253	
1379868479571038212	
1379867268537057284	
1379710536120627203	
1379847089849573376	
1379844430014873601	
1379797446516088836	
1379796101449064457	
1379726469933322240	
1379730668733796352	
1379760867709968384	
1379750403038846977	
1379739114954612739	
1379584709802479622	
1379602075953156099	
1379774146964418561	
1379705510333620227	
1379843143009452037	
1379823670214934538	
1379819704181751817	
1379811199299284993	
1379805533016780806	
1380050869312352258	
1380169278217838593	
1380258483753324545	
1380247574758703104	
1380219254834749441	
1380044761831075841	
1380205183150460932	
1379972938187763713	
1380008219246915586	
1380193411957932034	
1380072923969449999	
1380063492665827330	
1380073143310512130	
1380123255575433217	
1380148421437313027	
1380079444816134148	
1380079450881093637	
1380083832548777984	
1380093056570028034	
1380098090892333058	
1380099652964392961	
1380052791054454788	
1379953879987593218	
1379954644445765638	
1379956074531282950	
1379986670091522048	
1379992398105747463	
1379999943906226180	
1379949900469653507	
1380193191350169607	
1380186172375363584	
1380290895120101376	
1380290844268302336	
1380514069120045058	
1380523727218044928	
1380519918659981314	
1380631483048677384	
1380655391063879682	
1380502116431581189	
1380600186666414082	
1380635576718737411	
1380626201857945603	
1380411404310708224	
1380415758132383747	
1380426849717690368	
1380435311608655873	
1380600241364336641	
1380320065585750016	
1380348055740764162	
1380350439401517057	
1380493740398112773	
1380369881892225024	
1380554556858306560	
1380569507127824389	
1380570383078789120	
1380595091203559433	
1380599866762665991	
1380599945145769985	
1380599998207905793	
1380600074493911041	
1380600131897155588	
1380392308512677893	
1380650590309650440	
1380651089494675456	
1380883271542792192	
1380878230236897285	
1380817832288604160	
1380827898563719175	
1381026709764472832	
1381026239675179008	
1381005790614593536	
1380982392702242816	
1380888296738422789	
1380935205532368896	
1380741831403708420	
1380694521088987139	
1380951479540985859	
1380720944251990016	
1380858097569308673	
1380705384768315393	
1380676903573487619	
1380785116515987457	
1380751142943006725	
1380743593007181825	
1380790256308350980	
1381223002646347776	
1381245654824017923	
1381253200993419270	
1381384960372711433	
1381304276115451914	
1381293460767014912	
1381077720273055747	
1381046460418945027	
1381156828524900353	
1381150735425933314	
1381181471130415104	
1381140320016982018	
1381144988185194496	
1381132046559440903	
1381117305401270272	
1381134921629044736	
1381139954701582337	
1381401814793252864	
1381530396312018946	
1381409200681611273	
1381482209916329984	
1381481353988894723	
1381479589399040000	
1381441945562722305	
1381673728967344139	
1381644989235662850	
1381645961345257485	
1381649627275988992	
1381652001243738115	
1381656014555070464	
1381658617397579776	
1381567774103769093	
1381620622090924034	
1381623142020304897	
1381735751969308676	
1381734971128315908	
1381733498642391046	
1381733463624138752	
1381703680215420931	
1381683559975501827	
1381682587668733962	
1381680023548129281	
1381781683406471169	
1381793007981096965	
1382000952769712129	
1381829498342150146	
1381904981234569221	
1381971769767026697	
1381931438501584899	
1382001159670468623	
1382060191089373197	
1382060151054680068	
1382060102329450496	
1382060057622425600	
1382060007391424519	
1382059946104270850	
1382009030403579910	
1382022299612762121	
1382134393905373194	
1382459281572835330	
1382135862570283009	
1382126474174492672	
1382404491094466563	
1382459172927766529	
1382459222340800520	
1382468714579308545	
1382307370659811336	
1382389052125675521	
1382386588257255425	
1382349353872887814	
1382351310733905927	
1382355294638989322	
1382361504763232258	
1382143592144146434	
1382476261734428676	
1382147201061638144	
1382276805491494916	
1382277450210500611	
1382247251024678913	
1382252284323766274	
1382634809894273024	
1382619715789554016	
1382728423735504906	
1382705269214437380	
1382654937507762178	
1382728259356536836	
1382805994137387010	
1382728732507578370	
1382805943604371457	
1382806045102342145	
1382824400148439042	
1382837053121912833	
1382733437732323332	
1382757114561622017	
1382728597463572488	
1382529110388318211	
1382551561742651396	
1382493293020205060	
1382874020735975427	
1383150425986244611	
1383128868874297344	
1383112786738286594	
1383082795493437441	
1383090306397114368	
1383048170821718025	
1382911628774055937	
1382921697397936131	
1383168222816505861	
1383184331716300801	
1382896529564897281	
1383162069961302019	
1383232992001232898	
1383236232872796160	
1383275430296256515	
1383259053934059520	
1383283183177789442	
1383302387788513291	
1383329384078053378	
1383256768675909634	
1383340827670290434	
1383455298149515268	
1383554012516028419	
1383558771918589953	
1383551408717189122	
1383472317691351040	
1383425012007194630	
1383480358847406083	
1383482557161828356	
1383456665245143043	
