1354672138171478018	
1354660474860810240	
1354702975122329603	
1354672798849884164	
1354630275851055106	
1354625772439257090	
1354620209525628932	
1354685640584130562	
1354645375320158214	
1354592657943580673	
1354591594561736706	
1354591136178786306	
1354904200011010052	
1354904626269728774	
1354910313347502081	
1354916901336576001	
1354931218266157057	
1354931710429900800	
1354866945389191172	
1354857896627089408	
1354847103307149326	
1354843909755695107	
1354889628306857984	
1354784692814270473	
1354827112427835399	
1354828382794633218	
1354840526550347781	
1355093330858708998	
1355143314912149508	
1355032933560586240	
1355103393245777921	
1355117634656714755	
1354950263459594256	
1355010346730156032	
1354960458285944833	
1355297170069458951	
1354964981184253957	
1355174093063073793	
1355192235789332483	
1355262541103063041	
1355240286373474311	
1355262505258508290	
1355549354711461888	
1355652013678161920	
1355610894777122817	
1355574976804491264	
1355571131101675522	
1355564728156876802	
1355551126872076290	
1355405383066640384	
1355526179453771779	
1355659558874738688	
1355425520209555456	
1355435582281965568	
1355455716731961346	
1355465781119655938	
1355490947329519618	
1355513000392708096	
1355557891164536834	
1355415449450676225	
1355450681667121155	
1355360084730081280	
1355370150967574528	
1355375184107065347	
1355386038806409217	
1355348653309743110	
1355324663459586050	
1355365872995508232	
1356021946044063745	
1355986132538945541	
1355979542175879171	
1355967285077430276	
1355810552908537859	
1355954403568738304	
1355791978626043906	
1355781872865820673	
1355775945253167105	
1355748348150472706	
1355681766267179010	
1355705662408286210	
1355764843526156289	
1355773105382150147	
1356280102431170562	
1356073193207812098	
1356278637520150528	
1356063160130695171	
1356041709096849410	
1356212133701144581	
1356274036477718529	
1356290707166814211	
1356200333785980931	
1356296057517441028	
1356331363490811904	
1356307412043620352	
1356117728499691522	
1356158686792564739	
1356200217532526592	
1356199984509509638	
1356195591487971331	
1356190556968407043	
1356292086694359040	
1356257052406890498	
1356242698378780684	
1356220756129009666	
1356225789134577666	
1356252152079949830	
1356170424183382018	
1356414534534131712	
1356427115692847104	
1356432148794773505	
1356440840902643712	
1356453747660967937	
1356602506839646218	
1356597476053016577	
1356641063759405057	
1356578110628646912	
1356517712646836224	
1356497580872658945	
1356492546931716096	
1356487513611800578	
1356522745748574208	
1356537845247270912	
1356553086815268865	
1356539192432414721	
1356608309759942663	
1356642416367980545	
1356518741899579392	
1356647471619985408	
1356644860967718913	
1356619604718673926	
1356766574993051651	
1356769375462821889	
1356778818032209920	
1357109611526905859	
1357086189526859777	
1357080536431353856	
1357054696926674944	
1357022603379167234	
1357004414230409219	
1356992328406343692	
1356989419283075073	
1356980774252208129	
1357086256832909317	
1356907661896286212	
1356915332657471490	
1356940498716385286	
1356874413438689280	
1356890385067376640	
1356857714979164161	
1356867518216904706	
1357310820267425792	
1357247521517498370	
1357426611142987777	
1357282683156500481	
1357267658920574978	
1357426668000972800	
1357424170859188226	
1357413442563506178	
1357385377447829505	
1357129001727262721	
1357288582168252422	
1357242488344481793	
1357228156139147267	
1357202222975713280	
1357220356482682881	
1357182090433896451	
1357545628897742850	
1357524347578183683	
1357800241278377986	
1357790839926366208	
1357485331986087936	
1357760334136832007	
1357552244023914496	
1357825040243449856	
1357836302876483584	
1357620529574801408	
1357619235988459528	
1357607393597693952	
1357589001868255233	
1357584744305860610	
1357642670764564482	
1357665612407865347	
1357648933053341696	
1357609909404065794	
1357645148176281600	
1357645606412406786	
1357875036359589888	
1357859051346874368	
1357855541398147074	
1357848014216335362	
1357967381599907844	
1357879184115322883	
1357926998694387714	
1357974517998522368	
1358019956370075650	
1358037735467061248	
1358046596936519682	
1358081033325973510	
1358086702351417347	
1358196273623560193	
1358210893759148034	
1358348350404194306	
1358255109055016960	
1358314552434319362	
1358291175887630336	
1358329651987247105	
1358229540653338627	
1358211373528879104	
1358374950445477891	
1358379983748612098	
1358390050128470020	
1358411142368956417	
1358412095801315333	
1358395318719582208	
1358543912412078087	
1358476946183700485	
1358354820327895040	
1358430320337424388	
1358429921790500865	
1358491770812854275	
1358444573811486725	
1358574283866296320	
1358581314820075521	
1358595305332039682	
1358742371563888640	
1358737764204703744	
1358735597939003394	
1358734821900566528	
1358574178832506880	
1358744423413125122	
1358709589890322432	
1358778134141652992	
1358769857550929920	
1358762509105201152	
1358916295069061121	
1358890559209897984	
1358890642118750208	
1358910760609529860	
1358877249605353473	
1358795508802756611	
1358811567073202182	
1358830678499094533	
1358838543662088193	
1358872584591441923	
1358641708079013894	
1358651774509477888	
1358666195151380484	
1358666873949274113	
1358731291391365127	
1359047438649098240	
1359130585474551810	
1359130906183651331	
1359133411768557570	
1359097000654897156	
1359167464655970313	
1359130533087744006	
1359059748381892611	
1359153052972908545	
1359125944095526913	
1358973523897683969	
1359026737359687683	
1358990020846129158	
1358966900932313094	
1358958798124244998	
1359069332999790596	
1359123014256717824	
1359069617289760768	
1359084179355406338	
1358957948941176832	
1359078271086780418	
1359091461115891717	
1359089659872182273	
1358944427046150144	
1359186686559854599	
1358928601836494851	
1359279970774704131	
1359261078627225601	
1359249792115871746	
1359261396496748545	
1359596757089419282	
1359596820456947714	
1359619911736262656	
1359598464292818951	
1359598109827940358	
1359601644393140224	
1359633764037627905	
1359649343918071811	
1359645826478313473	
1359633710740611072	
1359600720731848704	
1359650967008907268	
1359340273143226369	
1359336263795367938	
1359374318937886723	
1359367585356124160	
1359346351268503555	
1359391000502804489	
1359457085742800900	
1359500050632564739	
1359455242752978947	
1359453732442763265	
1359402923042639874	
1359423953018658816	
1359424412429127682	
1359436562581184513	
1359438719015481345	
1359442505435996160	
1359446994914168837	
1359506198404288513	
1359512255394582530	
1359521211454263300	
1359524979835084800	
1359426886653202434	
1359290991140761600	
1359301961246330883	
1359304320848523265	
1359997455752953857	
1359997199938158594	
1359996950318362625	
1359990581410283520	
1359983427504771075	
1359983210839564292	
1359983188425195534	
1359982790792601609	
1359792268236869636	
1359997471921999875	
1359864774649991168	
1360010955464216579	
1359659218974904320	
1359674531040817153	
1359676024905080835	
1359688606462320644	
1359689569956843520	
1359670106222022660	
1359693639656505350	
1360004410886270980	
1360000538767724544	
1359696767906811904	
1360001118500225027	
1360000583227355139	
1359971614121721859	
1359890735957504003	
1359958054788345858	
1359972717399793669	
1359956833667006468	
1359956792692924419	
1359955322593501187	
1360369019379806210	
1360375899208617985	
1360294399134097412	
1360287131327938565	
1360282475101052931	
1360266902698917889	
1360255737935577088	
1360226051591270400	
1360217427208859650	
1360214744813113349	
1360109377273819136	
1360071325935493121	
1360198022336942090	
1360207022608637957	
1360318414414299139	
1360033378255446016	
1360015763545812994	
1360433373085224965	
1360629251540664323	
1360561393531981829	
1360520127809159169	
1360524111831732225	
1360572722753900549	
1360443581123596288	
1360590082743300098	
1360388700388032518	
1360394439793905665	
1360402762576535552	
1360406810973200390	
1360732988498010113	
1360581994002874374	
1361017798898638850	
1361077729517568004	
1361067517163298817	
1361028352912613384	
1361081970961301505	
1360951931338850307	
1360941864568967171	
1360795902894432258	
1360786621558267904	
1360772344986308609	
1360763555461521409	
1360753288941948930	
1360744751427768322	
1360871399443718145	
1360881466524114945	
1360868505675915266	
1360906633484853250	
1361016697709289474	
1360843717846867968	
1360847506544812033	
1361036138467782656	
1360991114229125127	
1360967031034679301	
1360962813355692032	
1361233788026695682	
1361246372050194434	
1361331666388537348	
1361461439563587585	
1361191006058725383	
1361174124052111364	
1361285701866717184	
1361272456430821379	
1361258953913548803	
1361253927505653765	
1361363640050470913	
1361382110334959622	
1361430824965570563	
1361457603914526720	
1361355034106150913	
1361342751460233216	
1361129349890662400	
1361118026704117765	
1361113172736757762	
1361211376182599682	
1361107959024033793	
1361554344085135366	
1361466776018591745	
1361484281487388674	
1361495517042266118	
1361501933832343552	
1361551818497515522	
1361505578904940544	
1361515739643973638	
1361613219719127043	
1361616308882841601	
1361631410570805248	
1361651540935593988	
1361706522666033160	
1361705503420776450	
1361703204837351426	
1361686943961022469	
1361603725660475395	
1361707709414973440	
1361808524666363905	
1361808483113385989	
1361790994417606657	
1361790568179843072	
1361777793672044551	
1361777660725260291	
1361748571213750273	
1361746875636973570	
1361744507566456838	
1361727679721054214	
1361727207387893766	
1361723621882880004	
1361511587077517316	
1361825184966012928	
1361586111643078657	
1361557290017456129	
1361560943725977600	
1361543327712215040	
1361519205527416832	
1361661608213192711	
1361669160317591553	
1361661561455058958	
1361555911664369664	
1362032984006610946	
1362035443684896769	
1362180623197106182	
1362045202605637633	
1362043636691529730	
1362147459749797889	
1362147528070864898	
1362150089393905666	
1362047336231313411	
1362146052623720448	
1362048739788038148	
1361988762813751298	
1362051374372986884	
1362076165817720836	
1362083687110688768	
1362032452005322756	
1361978968048476161	
1362091491464605697	
1362105122730442753	
1362108837856219136	
1362113426114441219	
1362123821352910851	
1362145984004956166	
1362049664350973953	
1362171602306293766	
1361832734671314947	
1362153312276070401	
1361837538177024000	
1361928364769087489	
1361956047221493763	
1361896586024943617	
1361867966728396803	
1361842807275728896	
1361953530525999104	
1361951044549234689	
1361938431031435265	
1361908232126660609	
1361836942329962500	
1361832301697536002	
1362162190132903938	
1361965569335988229	
1362150181769277440	
1362151678334672905	
1362151749721739271	
1362153207091331072	
1362240421145894916	
1362243324262768641	
1362251234296487936	
1362203937504325632	
1362207705549709316	
1362387354254598144	
1362528868297560065	
1362505540530810885	
1362505629684875264	
1362522387078651904	
1362528907157786626	
1362391416068968448	
1362530945132343302	
1362540647790481411	
1362464479024414720	
1362408139572789249	
1362413110049599501	
1362433786647052294	
1362205189193814020	
1362293258190131201	
1362288700399312903	
1362484557002534912	
1362376316725657604	
1362381349810659331	
1362371292809240577	
1362364120465481728	
1362326972035047429	
1362355670536712204	
1362373176374620162	
1362235392091516930	
1362794884638396425	
1362804586608812034	
1362790410691743747	
1362787888371544066	
1362696566507663363	
1362774424626155525	
1362674359924498438	
1362678306353664000	
1362696636917424128	
1362643078444646408	
1362638040867422210	
1362553076444319744	
1362566606266593284	
1362574925878366208	
1362620500720033794	
1362787596473147395	
1362627022774706180	
1362853974630629384	
1362881855503163392	
1362882690899402753	
1362882725624090626	
1362883175240921089	
1362883210825375744	
1362812307982741505	
1362805889321828367	
1362748778814529536	
1362773108612980739	
1362846844552888322	
1362929968058097666	
1362950097236074498	
1362958410451353601	
1363121225103474691	
1363262156322590722	
1363151859234598915	
1363140420201406468	
1363141854112358401	
1363019394671022092	
1363136324442746882	
1362936247308587010	
1362945063966437376	
1362932892129587201	
1363020563392786432	
1363025594590535684	
1363111515939737606	
1363085992798863366	
1363077646406488073	
1363075926406402050	
1363028472273100800	
1363175058273886210	
1362936581938507776	
1363194353057988609	
1363560700048596993	
1363628859296342016	
1363585712327716870	
1363572698014711809	
1363562452592586752	
1363554908251820034	
1363285163669549057	
1363393015952273412	
1363296770789285888	
1363503753144500227	
1363523718585016326	
1363531970593095680	
1363534440769593351	
1363534757129302017	
1363278024519548930	
1363370455306932225	
1363327584633823236	
1363314813326139393	
1363382418774786049	
1363467259109281795	
1363397416892784641	
1363483613044506631	
1363701213192019970	
1363706912512954371	
1363674873059491841	
1363669841995911170	
1363725204418084865	
1363761670175084546	
1363762037256454148	
1363738908802969601	
1363746146401751040	
1363647191399636992	
1363639644043112454	
1363666635945439233	
1363739198000259074	
1363993921177538561	
1363993212927369216	
1363992890553159682	
1363834892895674371	
1363847066246541312	
1363774461363716097	
1363784741502128130	
1363785569759715337	
1363795371466522626	
1363861100148580358	
1363919187320651776	
1363871166599892992	
1363882702982766595	
1363968165470961668	
1363905608018231301	
1363991135937564678	
1364000973140627457	
1364339412742602752	
1364339499828989952	
1364345530122465280	
1364345570840690689	
1364009165329338368	
1364013009371242501	
1364346396728508419	
1364285104466591744	
1364126816714166274	
1364266205171879937	
1364156216620969986	
1364198979857047553	
1364163089927610373	
1364353594217013249	
1364198328708325382	
1364065900488323077	
1364112758321647618	
1364174612536250368	
1364185410264395779	
1364185739332890627	
1364188952412835845	
1364107729074335745	
1364603848111841280	
1364593425966858245	
1364588392520982530	
1364613036691103745	
1364631367385042944	
1364618928467693568	
1364717092436512769	
1364396148790763523	
1364379898584784898	
1364519261377421314	
1364520444758536193	
1364532171034095616	
1364510378487603200	
1364565955519553539	
1364512801893453828	
1364505345175949323	
1364408027634274307	
1364445549743665153	
1364462641171718145	
1364472948904456192	
1364478444717760513	
1364480637499965440	
1364485217012961280	
1364693835440390144	
1364694512652742661	
1364695560192725004	
1364695584012173313	
1364698574194360322	
1364693752535728128	
1364692151100137476	
1364688099293474817	
1364690182776193027	
1364685738286145544	
1364688037159010304	
1364854339320172545	
1364916164955017218	
1364944522510237708	
1364968174723231754	
1364963744288276480	
1364987730795577346	
1364955669611360259	
1364862707661430789	
1364877805956177923	
1365078627323273218	
1365006514453434369	
1365052525708214273	
1365044771601981444	
1365044711216599042	
1365042858701557766	
1365042765059551232	
1365042698919546888	
1365042640807464965	
1365010632072957953	
1364817905364340739	
1365082894599737344	
1365081409807818752	
1365062621918093316	
1364746937023528962	
1364759848773033987	
1364762416207159306	
1365096100852502528	
1365438124814311424	
1365432393490956300	
1365430199547015171	
1365424815830675459	
1365355460560314370	
1365355215239733249	
1365353128984530952	
1365440185475887104	
1365443597915463681	
1365442982086811650	
1365353791470653440	
1365235538970599424	
1365299739525144580	
1365310651481088000	
1365151109011017730	
1365152009893023746	
1365166987513536513	
1365330575956054018	
1365259041455316994	
1365098506550059011	
1365099865915543553	
1365103996155826176	
1365110562934251522	
1365134693759217665	
1365094080548536324	
1365133900721266688	
1365462967723061251	
1365470000362840067	
1365478936101093379	
1365482611569647618	
1365489329078820865	
1365489714204041217	
1365454616616333318	
1365524766027771908	
1365721030107533319	
1365592508814815238	
1365675446919069702	
1365632965150076929	
1365647876156579843	
1365804463739592704	
1365745195791302656	
1365533869055774722	
1365731541905780736	
1365700443653963776	
1365700242440474624	
1365540520643096577	
1365552243282436098	
1365559278732382211	
1365607162022563841	
1365603669610094592	
1365597542147387392	
1365718215029100545	
1366036654109040641	
1366025367606099969	
1366015294590828546	
1365996439831146498	
1366121652237586432	
1366039559683731461	
1365978479037091840	
1366157322318413824	
1365982380993830913	
1365817680402337797	
1366100075391438852	
1365821517876125698	
1365894498614657027	
1365924697637089282	
1365822271214903299	
1365834311413338116	
1365883464243769345	
1365853194090278912	
1365859269023698945	
1365874803610017794	
1366067330418147330	
1365896307794006017	
1366056296278077443	
1365950607991836673	
1365966442588344321	
1365960795176140800	
1365951624095490051	
1365938765756174336	
1365938163361878019	
1365963278539661313	
1366432212334350343	
1366467270105587716	
1366474853881180167	
1366467343635935240	
1366467190891966466	
1366392782152216578	
1366436484639838208	
1366448155773009920	
1366456909151281154	
1366464086893096964	
1366464428061900803	
1366532806348664832	
1366528206635851776	
1366442781397417991	
1366212410789429252	
1366189080837378048	
1366349543688654861	
1366325568862519297	
1366372625753153540	
1366367616126844930	
1366521812004311046	
1366208788353613827	
1366236755670626311	
1366251854129061892	
1366497970284351490	
1366723367345086464	
1366788708817653762	
1366723394570317826	
1366772787570860033	
1366780053787463683	
1366786220441948166	
1366788936375361538	
1366765241543974912	
1366757689326325761	
1366738558505996293	
1366700560091504641	
1366740070393257991	
1366558876401864704	
1366593711820271622	
1366538744384294917	
1366613287392059394	
1366543973771214849	
1366553839709556740	
1366609207986806786	
1366679672386379776	
1366704369974996992	
1366704845911162880	
1366669605930991620	
1366624307686690819	
1366649473548517381	
1366845331086925826	
1366845285725536262	
1366832043179577351	
1366831104058138628	
1366644837869477893	
1366740702550315010	
1366864656627871756	
1366864799154524164	
1366866191516639233	
1366866245035900932	
1366868436601745417	
1367037558346031112	
1367099149921841155	
1367182759198941186	
1367026960803635200	
1367021965710557184	
1367017939262529537	
1367046727086215168	
1367014575623663619	
1367016156754665472	
1367257228076539908	
1367254208034959365	
1367252856990965762	
1367052128947032069	
1367143179955425287	
1367143016444608515	
1367142748420194309	
1367102458544025600	
1367164050992476163	
1367231408226377730	
1367231129858813952	
1367231063223922696	
1367230986287788033	
1367230923289358336	
1367202458804625408	
1367201307925307404	
1367185508737179650	
1366961530177130496	
1366986695413878785	
1366987319333425155	
1366944315520389125	
1366905821896957956	
1366909920696623105	
1366920430368395264	
1366938881031958530	
1366923797249613831	
1367001316287934466	
1366959093232013314	
1367580143171076099	
1367592183583313922	
1367439680182964225	
1367441357619355648	
1367449746634387458	
1367483028214317056	
1367477101423595526	
1367477297532444672	
1367477429313417219	
1367622844771758084	
1367580069800140802	
1367578911832424457	
1367529839075487748	
1367298751598100481	
1367386831961137152	
1367369220325928967	
1367318884173438978	
1367414517085442052	
1367544113525108737	
1367521040537182213	
1367313851155443726	
1367847366817103873	
1367857432987275269	
1367875658022608899	
1367798843996213251	
1367797998042947584	
1367985176148512771	
1367986561397133316	
1367980745973760003	
1367901473611382785	
1367899985912754183	
1367891604271489038	
1367891304298975237	
1367981443712872450	
1367726570681425923	
1367727422792069120	
1367774067370037248	
1367767630086430721	
1367741670075334657	
1367746708529180673	
1367645705452597249	
1367739836774244353	
1367646110227988480	
1368307236930531339	
1368207399169839105	
1368271795279826948	
1368258920985280513	
1368252254218764288	
1368253863724257284	
1368257217733025795	
1367994821609017350	
1368007483139051529	
1368068825820913666	
1368020513549742080	
1368108554687713282	
1368129223899152387	
1368135475857289216	
1368149356499529729	
1368134256942276615	
1368179555559632897	
1368459745477021698	
1368451346324742145	
1368468114237624320	
1368541943467110402	
1368546983430918145	
1368642689902723073	
1368600161736417285	
1368354636667613184	
1368364517684432897	
1368897192438599680	
1368894889715400704	
1368894660983201798	
1368859032749019138	
1368833873791029249	
1369046963417710604	
1368929497089667074	
1368728173614161923	
1369070425909518338	
1368778502045016067	
1369064635521925122	
1369047001304825861	
1368944089098379269	
1368946729291235334	
1368967049456852993	
1368964757521375241	
1368967901806538757	
1368990998253236228	
1369018004722319365	
1369026002874232834	
1369026047174402061	
1369032857235099649	
1369032862096367618	
1369032865409859585	
1369032820413325318	
1369032872372355077	
