1241869430100856832	
1241545686937530368	
1241868886489751554	
1241819046586265604	
1241786276065443841	
1241516124610560000	
1241521749742649344	
1241524996276510720	
1241528930911174656	
1241530029990961152	
1241532255505276928	
1241539711388110851	
1241867251751555072	
1241540095875768320	
1241862218766880768	
1241925346812776448	
1241917583365996544	
1241912549987119104	
1241907813225361411	
1241907516839165954	
1241899626036219904	
1241896192386011138	
1241938732988547072	
1241902483724578816	
1241892373287677952	
1241882135704694784	
1241961206639804416	
1241890252802801665	
1241889900879679488	
1241886506207203328	
1241952816220057607	
1241957848705167360	
1241996803064475648	
1241993080628076544	
1241988047476068352	
1241983335666028544	
1241983015275778048	
1241998410506309632	
1242051942659936256	
1242114270801920005	
1242103329267814400	
1242018246607482898	
1242020830474723330	
1242023027996528642	
1242028313586978816	
1242032536697458689	
1242038379115696128	
1242040882167046144	
1242043414797049856	
1242048445566738438	
1242053478668734470	
1242058514534711297	
1242103813139361798	
1242059370852048896	
1242063545178697728	
1241877319578312710	
1242098777244069889	
1242094893608001536	
1242093744284774400	
1242091525493809152	
1242008180244107264	
1242091227517825025	
1242083677590310914	
1242078644819787777	
1242077021812875264	
1242073613798260736	
1242073612703522817	
1242068578288807937	
1242086244684685314	
1241880637914505217	
1242158193666596864	
1242134803073425408	
1242229639759757312	
1242226439170162692	
1242217531852623872	
1242169264209084418	
1242234672551055360	
1242230687891144705	
1242515058845982721	
1242267480275316736	
1242269905711288320	
1242424974851239936	
1242436000858566656	
1242431824116076545	
1242430966280458240	
1242427278660780032	
1242420900202287105	
1242415866706354176	
1242272648475766784	
1242419501523582978	
1242405800212975616	
1242404651963572224	
1242346074771091456	
1242443145721163778	
1242375601106763776	
1242365534953340928	
1242360754243694592	
1242360503713710095	
1242359691578970112	
1242355468443332609	
1242353101979267072	
1242349923103723521	
1242385193966514176	
1242345403309346816	
1242341400768741376	
1242385667675566080	
1242279287673118721	
1242447146764267520	
1242451099505889285	
1242496401252274179	
1242494113389465600	
1242492388033077253	
1242492214531538946	
1242484706005958658	
1242481297684967427	
1242467317428006912	
1242466905924882440	
1242465178987323392	
1242395734034571265	
1242325269525852160	
1242311432927997952	
1242296148909387776	
1242290037464502273	
1242285005935538178	
1242281867530743809	
1242279971185463297	
1242400767115268104	
1242595350210170880	
1242593943860076544	
1242593501033963523	
1242590412398878727	
1242586994577936387	
1242595594113351685	
1242593441542025216	
1242597060530122753	
1242266188438056960	
1242264871577640960	
1242252072742875136	
1242251827208318977	
1242249179683930113	
1242245407767277568	
1242245265463140353	
1242244883227672576	
1242244739040022528	
1242239705787310080	
1242254806690877441	
1242267575842566146	
1242541649819054083	
1242547870886178818	
1242409348317339648	
1242632208738684929	
1242626053916393472	
1242626284905095168	
1242628029836230656	
1242632292838699014	
1242634735458766848	
1242637325882056704	
1242642359214473216	
1242646248500244480	
1242667524782796802	
1242775700639068160	
1242753088525492224	
1242771254039343105	
1242768947436371968	
1242768303283527690	
1242763668128804866	
1242758121887432704	
1242755811924819970	
1242687657462960129	
1242778254508822529	
1242783290010079233	
1242788320935100419	
1242723242256642049	
1242722889746518016	
1242743022397403137	
1242737989060644864	
1242736730886688768	
1242734724604252161	
1242730995486351360	
1242717856300707840	
1242748055398604801	
1242784993559982086	
1242712823383363584	
1242707791149772800	
1242707790851907584	
1242702756919382016	
1242697723834511362	
1242692025364828160	
1242751386044915712	
1242776621720858625	
1242807235824070657	
1242803420504797184	
1242708130850430976	
1242959452816326657	
1242949385148915718	
1242938229847920641	
1242888109513150466	
1242872553087160325	
1242855889884807169	
1242855485327409154	
1242855435889188864	
1242853696876183552	
1242954415314571267	
1242823553009025026	
1242821693002805249	
1242959448496201728	
1242657839199309826	
1242828589764132864	
1242808453401280514	
1242798389638524928	
1242818519928123398	
1242606744691290112	
1242685707157516290	
1242604491087601664	
1242672558085791744	
1242677591053656067	
1242679064860561408	
1242679478569938944	
1242622226538602501	
1242616086681407488	
1242612160070549506	
1242682624344231936	
1243129457348493312	
1243251375687045125	
1243126436040335360	
1243238973117362176	
1243214566344941568	
1243217244714414080	
1243221178594058242	
1243236272623083520	
1243238072747061254	
1243238407452516353	
1243238789352288256	
1243239292547158016	
1243279154222632973	
1243198420925333504	
1243196007174664193	
1243266474942304258	
1243190977180778496	
1243186954373492736	
1243296671586377728	
1243311771332382720	
1243316803310403586	
1243321746872139777	
1243205822055878657	
1243130578527895553	
1243139191929634817	
1243144144161128458	
1243146190662717443	
1243146730226376705	
1243151176566108160	
1243158091064946688	
1243165642498293761	
1243171941843750913	
1243175426832207879	
1243181440646270976	
1243186618703335424	
1243189901123710976	
1242994704330842113	
1242989647472427008	
1242984614207074309	
1242979583760060416	
1242979220336209920	
1242969514943188994	
1242966256057081859	
1242964482831331329	
1243115479834587139	
1243045423184408577	
1243034945796198401	
1243024879424802823	
1243019405262372864	
1243014813204262912	
1243009782027411456	
1242974547910881280	
1243048343040917510	
1243050123115909121	
1243070454211829760	
1243002279185154048	
1243004746790604800	
1243104948402839553	
1243096698684989442	
1243090310772731906	
1243085511733870592	
1243085278283268096	
1243080244338163712	
1243077442501111816	
1243060633123184643	
1243116734367666179	
1243404906129571840	
1243417463632441344	
1243417466241507328	
1243420129678864387	
1243422499448279040	
1243424917896359940	
1243427532679950337	
1243545812367376385	
1243397333641027584	
1243558395074011138	
1243554142099894272	
1243326871388991488	
1243387267516940288	
1243529440195309572	
1243532188382973954	
1243538228570812416	
1243538266395049984	
1243543100464734210	
1243447668078039040	
1243437599093428227	
1243392300526567424	
1243377201019523072	
1243372167829413888	
1243349987225784320	
1243342617091256320	
1243342296663248896	
1243333632296538112	
1243331902703980545	
1243382234058457089	
1243354117197742081	
1243357068473450501	
1243526557257183232	
1243566782893285376	
1243628859762728960	
1243674160536092676	
1243679190836101120	
1243681856832208896	
1243684053984788480	
1243684224013447168	
1243659059321946113	
1243523163360825350	
1243508235455197184	
1243495977144778752	
1243486882702344192	
1243442632312770561	
1243459804095328257	
1243452698495721472	
1243447864480522240	
1243497814409142274	
1243497997171937280	
1243507733812428801	
1243470727463849984	
1243515651408478208	
1244046612030087168	
1243925816213299207	
1244041578856869889	
1244036547768287232	
1243976148452700167	
1243972699564716033	
1243945948645969920	
1244045680491941888	
1243915751347666950	
1243907044056260609	
1243764754688217094	
1243789920579145729	
1243766116234563585	
1243774820992667654	
1243779854081949700	
1243749403518799872	
1243734557511364610	
1243729522563801088	
1243727593385259014	
1243724489529143296	
1243719458394222594	
1243715743633428480	
1243714425024118784	
1243704357448593408	
1243694290468925441	
1243689257795047426	
1243709390017814529	
1243754688471683072	
1243815086348734464	
1243810287393714176	
1243810055549374464	
1243805020048375809	
1243799986988404737	
1243795352798367744	
1243711597161283590	
1243825679998705664	
1243820119450693632	
1243815834629206016	
1243848796041170944	
1243850318535774209	
1243905683432427526	
1243900650162921478	
1243875484439584768	
1243870451539095553	
1243858505691303936	
1243856085607276544	
1244053230591475712	
1244155735795097600	
1244182507400105985	
1244177474394587137	
1244172692502142981	
1244169761233063936	
1244167407989477377	
1244162374853996547	
1244157786381905921	
1244157342654050304	
1244189115274280962	
1244056678309310464	
1244242905348390912	
1244247941587415043	
1244187540468498433	
1244197606802194434	
1244217740526673920	
1244294365616488450	
1244331728975650816	
1244403966554882053	
1244408999925121024	
1244412917505650688	
1244202641971974146	
1244272584939585537	
1244275337610969092	
1244278139984826368	
1244268071553884161	
1244258004930723841	
1244289789479849987	
1244252971694608386	
1244294095247376384	
1244398933788549125	
1244051645971025920	
1244114633126039552	
1244112043096993793	
1244111612593598464	
1244107009970049027	
1244097824356044801	
1244092862431555585	
1244091910333050885	
1244086877193416704	
1244081844682985473	
1244117076404469764	
1244077236715532288	
1244070254055051264	
1244066747017125891	
1244064233874063361	
1244142243516203008	
1244152308377587713	
1244234312519544832	
1244232839320788994	
1244222772815056898	
1244076810897207296	
1244122109359656968	
1244068974079295488	
1244127143132401664	
1244123285291323392	
1244716022936023041	
1244520070400729088	
1244510254114590720	
1244494975242362885	
1244484998280835072	
1244478642492588033	
1244469430328811521	
1244452111774937089	
1244443568971759616	
1244440678014148608	
1244429022471131136	
1244427123332268032	
1244419066162548737	
1244444608848744449	
1244544895240376321	
1244549928749133830	
1244554961599352836	
1244559994827218945	
1244569690246021121	
1244575859463184386	
1244576609136300034	
1244585160835661824	
1244589088348336130	
1244595226984898560	
1244600616459984897	
1244600862984400896	
1244610329033621505	
1244611643499143168	
1244772449712926721	
1244520685071814656	
1244541056739201024	
1244536728297168897	
1244535053402566656	
1244633953899655168	
1244625426779168770	
1244524733783146498	
1244638167069790208	
1244535348668985344	
1244640400889057282	
1244644991000969216	
1244612338818277376	
1244620367575961602	
1244644471381229568	
1244670727791362067	
1244771387602096129	
1244761324778737666	
1244726462105739272	
1244700925815652353	
1244685826425901056	
1244680347541004292	
1244679863275003909	
1244620392901169152	
1244655627294687232	
1244651369493147648	
1244957614703652865	
1244962648250351619	
1244967681020870657	
1244887150463782914	
1244882544727699459	
1244882117751975937	
1244791646199459842	
1244792783946182661	
1244802782185447427	
1244801586641043457	
1244826752586616833	
1244806620414185475	
1244877084234678272	
1244806844251398150	
1244809101839757312	
1244816686542274560	
1244821719480553475	
1244796679645257732	
1244813026999459841	
1244911255518728192	
1244947548629897217	
1244831785814388736	
1244782000256348161	
1244922066236633088	
1244913743193989120	
1244908727901122563	
1244785637506637824	
1244897520028749825	
1244897216944316416	
1244894495247749120	
1244892183590768642	
1244927418751758336	
1244932449240375297	
1244937482208251908	
1244938237044502531	
1244942365514534912	
1244942979724279808	
1244952581979267073	
1244836819642040320	
1244851920675602432	
1244841852005756933	
1244856951596613632	
1244858169802633217	
1244861984660733953	
1244867018886545408	
1244776421047914504	
1244998984193568768	
1244998172969058305	
1244996323574595584	
1245133775576526850	
1244989621290713091	
1245036674465308675	
1244993737949732871	
1245043648456253445	
1245046706233921537	
1245129887523848192	
1245123709255307264	
1245117547101511683	
1245093513575841792	
1245078413574123521	
1245128742399180802	
1245059159499948034	
1245057230082367489	
1245048215692427269	
1245065872055635968	
1245001328163618816	
1245009040335196166	
1245024735332904961	
1245033113731792896	
1245027382530097161	
1245023385878499331	
1245068393578930179	
1244982780641107969	
1244988044643422210	
1244786487213854720	
1245153806842646528	
1245269943370674177	
1245274071194992641	
1245179074047139841	
1245279737477382146	
1245269671055507456	
1245138811505356800	
1245143841981657088	
1245146992906469378	
1245259964307763203	
1245254571510902785	
1245387543811698696	
1245184109892251654	
1245189140448239616	
1245209272994033664	
1245209326639140864	
1245259606550384641	
1245211272628457473	
1245219339361452033	
1245223335400591360	
1245229407234482177	
1245234438788853760	
1245239471924281346	
1245244505059721216	
1245245037689966592	
1245249538417295360	
1245214631422910470	
1245381819635249152	
1245148875167432704	
1245162114475409408	
1245321325691809792	
1245317991559921664	
1245304904136171521	
1245294836854345730	
1245289804511596546	
1245287643815923717	
1245325035847315461	
1245157483410100224	
1245169009508712448	
1245174040827838464	
1245274705428279299	
1245284770575073281	
1245285756152590341	
1245381685035896833	
1245258646356811776	
1245375990093811713	
1245380403797667840	
1245397342838292481	
1245397952253870081	
1245335148058431489	
1245348811943231493	
1245325888788426753	
1245337749697073152	
1245340498891399169	
1245389764410445824	
1245342082471825408	
1245387855083515907	
1245359208469368832	
1245360268214845450	
1245363604242587654	
1245365303116099584	
1245367411869503489	
1245399467915915268	
1245368728792989703	
1245351605433544704	
1245392393240752128	
1245496591051419648	
1245403435840819200	
1245406794094186498	
1245407602906980353	
1245410440718532608	
1245412257401647104	
1245421977915056130	
1245425589017772032	
1245395504227217409	
1245442720946061313	
1245442953386102786	
1245426282696933376	
1245472864867885058	
1245464682015657984	
1245494383140470786	
1245491130436739073	
1245494563470372864	
1245486099545362433	
1245485336790208516	
1245486534645682178	
1245848487708819457	
1245750526333136896	
1245781758957805572	
1245853518201851904	
1245777408126574596	
1245748370423140359	
1245796441286676480	
1245795446431375360	
1245788089487769602	
1245752801386471425	
1245756454000308225	
1245756925784068096	
1245758436111011842	
1245760040583270404	
1245761691142496257	
1245766606317387778	
1245783980307288064	
1245772560731602952	
1245772989972582416	
1245775576570433537	
1245779594881437697	
1245725656152858626	
1245719305796251649	
1245728632879730691	
1245735239785144322	
1245737395443634187	
1245737551463362560	
1245847875554172928	
1245739013832609792	
1245832203650486272	
1245556561390366721	
1245827366242463745	
1245531905321086976	
1245503065848832000	
1245504886042546177	
1245516137216892928	
1245516585034338304	
1245522179485138944	
1245523876525686785	
1245526252506607616	
1245526362334662657	
1245531397542031360	
1245620811475480576	
1245622294807842818	
1245707556749815808	
1245536428781535232	
1245708547758800897	
1245546496763846656	
1245547137032523779	
1245551528318062605	
1245558686707142656	
1245561596480565248	
1245570966349942786	
1245571660864008192	
1245586760341442567	
1245542174998925313	
1245588507210334209	
1245596483635699718	
1245596826910126081	
1245606893134856198	
1245607258571988994	
1245607900979941383	
1245616959489626113	
1245619392718626816	
1245545680073928706	
1245712591894097924	
1245640983586304001	
1245750074044559361	
1245797886597763073	
1245808869894500355	
1245824176159625217	
1245660171323359234	
1245657224904445965	
1245656659097055234	
1245667294380019715	
1245667593383366656	
1245672324344545282	
1245677357547040770	
1245692456986959872	
1245828948182867968	
1245693025843417089	
1245699985527590912	
1245702523232620547	
1245705510944305152	
1245645290855522305	
1245648341838360578	
1245649259606593540	
1245697494690017280	
1245865412761247744	
1245863586741837825	
1245876734949380096	
1245893783507484672	
1245888750321688577	
1246124302631608320	
1246126206468198401	
1246090079287697410	
1246067680915804160	
1246072052416532483	
1246077462250803203	
1246131477613592576	
1246035189312020480	
1246064587914407936	
1246120279354429440	
1246102123756113922	
1246104924846469121	
1246115024751525890	
1246169214173491201	
1246220803403706369	
1246189511979274240	
1246191639577665537	
1246201845934108673	
1246208771271135233	
1246210581645987843	
1246210875570020353	
1246064911161196544	
1246115412556820480	
1246059877950095360	
1246049811565961216	
1246049893686247425	
1246054900280119297	
1246052295713816576	
1245889156724617217	
1246165632799969282	
1246162047609511937	
1246117248751804417	
1246132579327184898	
1246135534227009537	
1246225805434216452	
1246221288143605760	
1246135793179070464	
1246166564254224384	
1246140954920267778	
1246161823109349379	
1246159363850539008	
1245917619854569472	
1245913916217135107	
1245910761685151744	
1246011541507301377	
1245994446707032065	
1245996837783269376	
1245999482791133189	
1246004513175212032	
1246009546176421888	
1246014579403935744	
1246019612640038913	
1246034936924012544	
1245991665673748480	
1245989413559111680	
1245925217790124035	
1245984632350244864	
1245883717232533505	
1245878685472702465	
1245876738233532416	
1245873791927865344	
1245894748792995840	
1245894603498123265	
1246042558515404800	
1245940917174849536	
1245984383292469249	
1245975602017873921	
1245979136784392193	
1245964118516830208	
1245949148236525573	
1245947288872030209	
1245969759457308672	
1245969280849633281	
1246588019567505408	
1246558162016014337	
1246553100757991425	
1246549421535514626	
1246587116605194240	
1246548421705707520	
1246543097426841602	
1246573261112193027	
1246558163148701697	
1246530116810924034	
1246569833178808320	
1246525467571650569	
1246373761063866368	
1246517790208598023	
1246502599941120001	
1246505335613009920	
1246505761116753925	
1246382000363143168	
1246376968204873729	
1246371934109081601	
1246520171235328001	
1246366900839493632	
1246306502916419585	
1246314595926462464	
1246316570197938176	
1246318049453461511	
1246331668819890178	
1246332087734427649	
1246336702076956672	
1246341734948274176	
1246351801378648064	
1246327866431647744	
1246296436511252481	
1246365291430309891	
1246457922823032835	
1246447431580921856	
1246454434152013830	
1246271816630505473	
1246271272385945600	
1246266237895794688	
1246263721518866437	
1246261925840687104	
1246252246725054464	
1246249920312381440	
1246246105118982146	
1246236038852300800	
1246232801520668672	
1246225974301052928	
1246448909028737024	
1246282777957298177	
1246274133358301184	
1246475174918135813	
1246477249156612096	
1246478078009901058	
1246481724940394497	
1246482666662187010	
1246490648913608704	
1246492819629510661	
1246498256814845952	
1246465669119475713	
1246400039439622144	
1246407169022529541	
1246411105619992577	
1246426692664492033	
1246428170556821506	
1246436451656450050	
1246438640038711296	
1246442398734942209	
1246446406530818050	
1246460823591178240	
1246498593349021697	
1246458769317519360	
1246456914529136645	
1246455927403929607	
1246455432551399426	
1246466784024281093	
1246460181917155329	
1246473060661764097	
1246472789546106883	
1246469524695781380	
1246474489015218176	
1246301470590406657	
1246467566437937164	
1246392067812503553	
1246387033544757250	
1246817088238280706	
1246774587238395910	
1246764520900628481	
1246760582839070725	
1246748804851724288	
1246738621446516737	
1246734322050035712	
1246730755847237633	
1246725243093172226	
1246719222404825088	
1246716397394092033	
1246709158591823877	
1246705678766366720	
1246705017777610753	
1246736684017807360	
1246794720015044613	
1246709426616012807	
1246828309901688834	
1246829266874105856	
1246829952764456961	
1246830765285027841	
1246833895838044161	
1246837743717670914	
1246846083969490945	
1246846331701919748	
1246851201699909637	
1246863703225569280	
1246864282559623169	
1246825166786748422	
1246865749710458880	
1246814853366337540	
1246873885234147328	
1246875860545740802	
1246889490351886337	
1246889733034250243	
1246896033986236421	
1246908071714177024	
1246912213597720578	
1246821155123662850	
1246779620726210560	
1246869611607449600	
1246825025652621320	
1246860151052742660	
1246804786600726528	
1246807772739465217	
1246944078979305483	
1246944160872972289	
1246945714837639170	
1246949252485361664	
1246940681823637504	
1246807303359102976	
1246935649908916227	
1246789686908968970	
1246694434671964160	
1246704123346485249	
1246714189403414528	
1246689023344680966	
1246683990196658176	
1246673923883835393	
1246668890714726400	
1246663858057621505	
1246659173523148801	
1246658824557039616	
1246653791497113600	
1246643724945428482	
1246633453820379142	
1246628625660559361	
1246613526044704773	
1246608492779032576	
1246603461451558914	
1246598426583695361	
1246694057222344710	
1246638691952373763	
1246618559440015360	
1247187593667784704	
1247189491749715969	
1247196057177554947	
1247198283572957185	
1247195630423990272	
1247190777714946052	
1247242709766737925	
1247200031502991365	
1247201005500063746	
1247202021016571905	
1247204250008109056	
1247189677184094215	
1247237638580551680	
1247229227755331585	
1247222138907525121	
1247220248568307712	
