1341416111267561477	
1341407383109726210	
1341411170897543169	
1341408315545423872	
1341403119163494402	
1341389749114843136	
1341444247493472257	
1341302455284350978	
1341211858435510272	
1341411673408741381	
1341208021163098112	
1341231993602756611	
1341180705263374337	
1341500533652242434	
1341500489867923456	
1341485627028742146	
1341492539237535746	
1341245918188773378	
1341282322692358145	
1341277291977060352	
1341273441211584512	
1341267223151841280	
1341177457580249089	
1341457857628266497	
1341191725935546370	
1341549353752690689	
1341546424954023937	
1341554113629327360	
1341604445226995712	
1341589345820700673	
1341538548873195521	
1341574246326280196	
1341720208403275779	
1341888819671396354	
1341865068682768390	
1341815460464082946	
1341815286509518851	
1341814778608676864	
1341736066189967365	
1341723441909526529	
1341718147070533632	
1341813308895227905	
1341695042352603136	
1341740340894552064	
1341782527925694464	
1341780506350931968	
1341775619726688262	
1341768949143318529	
1341767757394800643	
1341766654578061312	
1341765506802413569	
1341776808161796097	
1341649743676628994	
1341624581849640960	
1342243664819412993	
1342234118344613888	
1342230031624450050	
1342170500672466944	
1342152248550416385	
1342145544903421954	
1342138752723021827	
1342120024991965185	
1341921534697304067	
1342115314490867713	
1341971867498913794	
1341945115787464704	
1341936634087022593	
1341931601047908352	
1341911469194174469	
1342092662246010880	
1341903119983149057	
1341996443532361730	
1342009615018389504	
1342017170562109440	
1342009254081744896	
1342032265648463872	
1342042330690424832	
1342052397036662788	
1342058004804300801	
1341996394215665664	
1342268348722151425	
1342359419925884929	
1342354386807242755	
1342369486222061569	
1342374519424442368	
1342314121660751873	
1342496994955243520	
1342273857625833472	
1342413798066454529	
1342492890761580545	
1342498576405057536	
1342500089080799237	
1342509502474629120	
1342513303633977344	
1342268756068716544	
1342520812973285378	
1342590335940239360	
1342618671751938048	
1342521511635259392	
1342490144897597441	
1342477994917433344	
1342419818297741313	
1342446974067331075	
1342464762551013377	
1342465116449558529	
1342475182993268740	
1342434917452447744	
1342569056625418240	
1342832541716393985	
1342643794358001670	
1342634093201084416	
1342782205987147779	
1342855346398834690	
1342892671828942849	
1342923976025190406	
1342957108229066753	
1342947284292661249	
1342946018518847489	
1342930725260169217	
1342870068691165185	
1342870839214153728	
1342871788020236289	
1342871454480814081	
1342752006717513728	
1342762073072263169	
1342803544999567362	
1342807371698098179	
1342749145421910019	
1342711919992434690	
1342731874192547841	
1342852628607332352	
1342890741853544449	
1342888959282728963	
1342699687757770752	
1342876904752369664	
1343239932899426306	
1343232398725689345	
1343231153139015681	
1343219244750827520	
1343214919458549761	
1343214412975370242	
1343008698185211904	
1343028832601841667	
1343048963595780098	
1342993889888673792	
1343244591030562816	
1343251667471446019	
1343199958619410432	
1343283081990569984	
1343327043111555073	
1343327143380602880	
1343333359024562182	
1343204992052686849	
1343257407875497984	
1343184858978381824	
1343154660165771268	
1343164726675693568	
1343174792770445313	
1343179830683176960	
1343260330907103232	
1343088413684113408	
1343109361514647552	
1343128724808454144	
1343099295185002498	
1343547247150071811	
1343386185654300672	
1343532147429224449	
1343584716662972418	
1343583375060295689	
1343391220303851521	
1343563754122878976	
1343542217093181441	
1343365802053931008	
1343586371882147843	
1343353255871442944	
1343353471291060224	
1343361022107643905	
1343365946254086144	
1343383986282713088	
1343557315186843651	
1343411351381811201	
1343522081078652928	
1343517519970123776	
1343489366182817794	
1343697813381599233	
1343685400834015237	
1343471749577359360	
1343456649860808705	
1343461683109441537	
1343466719822548993	
1343609761292554242	
1343623465656586242	
1343614196970369030	
1343614069518041088	
1343609303329087496	
1343598754134372358	
1343590841676423168	
1343590591209353217	
1343596071373713408	
1343973039814418433	
1344057285153329153	
1344040690909671432	
1344019835110514689	
1343944324413861890	
1343879435976462337	
1343939833878687747	
1343776256702046214	
1343768707676430343	
1343766189517008898	
1343721177722679296	
1343715857856307200	
1343713229076238336	
1343877069831360512	
1343803938341072897	
1343808481959137281	
1343824070979153921	
1343859303678140418	
1343864336427569152	
1344171359182712834	
1344176572303994886	
1344181703867211777	
1344158776434319363	
1344370666221539328	
1344306392086302720	
1344328048699695104	
1344211624974905348	
1344236795651739649	
1344352184092291075	
1344116000078389248	
1344075743928578048	
1344078245793202176	
1344100895257227264	
1344416375998185472	
1344400318273122306	
1344134083861868544	
1344371261175197696	
1344353326566150144	
1344776476294586370	
1344703793838088196	
1344764454802759682	
1344755401590505479	
1344594145109676032	
1344748310511443968	
1344746398424580102	
1344607608179605504	
1344603432271765505	
1344601709952159745	
1344754822399066114	
1344787922298527744	
1344576529620234240	
1344640702035218432	
1344697260706304000	
1344662093979549697	
1344672022098538496	
1344680761069330435	
1344503548256550913	
1344533747132059650	
1344594145067687939	
1344701589139939331	
1344453216725913603	
1344599182234038274	
1344538780791754752	
1344463705946214400	
1344436205815959552	
1344469306910806016	
1344618422210945024	
1344579045611208704	
1344538927869300736	
1344801918946746368	
1345080708759339009	
1345030170684628994	
1345150310998634497	
1345036441387208706	
1345021968987242497	
1345001831517147136	
1344991767540748289	
1344991469614972929	
1344971632524181504	
1344946469112061952	
1345045852927238145	
1345060632819855361	
1344891101820424192	
1345051666094108673	
1344872615937077248	
1344825670963060747	
1345105677598027780	
1345099351790657537	
1345092013344096258	
1345089912673103873	
1345074821600858118	
1345141489811267584	
1345334020456984581	
1345315938070007808	
1345321437658136578	
1345344086836842498	
1345280069854326788	
1345417327446282241	
1345394027840086019	
1345422961432555545	
1345415676735991810	
1345406682323693570	
1345401439561068545	
1345375994455097347	
1345359186499047424	
1345425015987200000	
1345444194857463810	
1345475090377568256	
1345283688762896384	
1345161253333868544	
1345240906786459650	
1345172963050438656	
1345157860846571525	
1345339054670413824	
1345792628655329282	
1345781338671091714	
1345770049387319297	
1345744223480336388	
1345800054083383301	
1345867571942326273	
1345691375199772675	
1345612690677399554	
1345605811305738240	
1345600778166173699	
1345596111008927744	
1345540380088037376	
1345742039967698950	
1345629112606412800	
1345696408230359040	
1345675322352537605	
1345805445496250371	
1345681308731764736	
1345736673670402050	
1345826779383136256	
1345841964927889408	
1345826852385017856	
1345533151976644608	
1345998398038577158	
1346008464632365061	
1346008815997620224	
1346063835308822529	
1345938454278914049	
1345916806456754176	
1345917867514990592	
1345927935509680128	
1345932967068246021	
1345993365154717696	
1346033631144235008	
1345946345937330176	
1345948066436800516	
1346103983266414596	
1346078935872888834	
1346124362135580674	
1346166615809941505	
1346159620356780036	
1346152843129008136	
1346150016616960000	
1346144390809579520	
1346139176526352385	
1346135176154394625	
1346134494227685382	
1346132236605812741	
1346128168130916357	
1345978265513521153	
1346126336495116289	
1346109131187482626	
1346106435801792512	
1346099061498261504	
1346085830712991745	
1346165720577679362	
1345884177741168640	
1346229928388300801	
1346209736522428416	
1346192861809827840	
1346186857298743300	
1346183216592465921	
1346125741935775744	
1346294096697016321	
1346483318921994240	
1346340653416939520	
1346344808957112320	
1346277827587371008	
1346275223952216064	
1346252176809631745	
1346255089573515266	
1346265155823288321	
1346348306302083073	
1346456038711545856	
1346446350028828672	
1346456417520164867	
1346431250345684993	
1346461449493819393	
1346463967040958467	
1346471520349011968	
1346430353896927233	
1346429433553408000	
1346385952403410945	
1346380919326781440	
1346406084379086848	
1346417354100547584	
1346330587003375618	
1346434505964339200	
1346583752059854848	
1346504385795411968	
1346511768357646336	
1346514674544685062	
1346522394903654400	
1346527976469487619	
1346563309122805760	
1346583681704591361	
1346577535392481280	
1346694548076969984	
1346612852220514305	
1346822592561176576	
1346698011292827648	
1346682910225661953	
1346667812450934785	
1346666413432324098	
1346798279430791168	
1346783571873312777	
1346778538872082432	
1346768472299216897	
1346763439331540993	
1346708074376126465	
1346826857241595912	
1346906481329893376	
1346853191191851008	
1346887513160507393	
1346922775810859017	
1346871368831414272	
1346868738461741056	
1346900379678732291	
1346849772905390080	
1346841680805310464	
1346833907438608384	
1346743315274850304	
1346738273360736257	
1346860296745443339	
1347232665074855937	
1347105984091619329	
1346973455334264835	
1346983522368540673	
1347247361567940609	
1347135899801305088	
1347196298647269376	
1347127588850831363	
1347131967448305665	
1347156026215301132	
1347171125697064960	
1347181191993020419	
1347304305758523397	
1347247818306711552	
1347669433918107649	
1347669398195236868	
1347614024696033287	
1347664664323379205	
1347647630084608001	
1347656172623552514	
1347653615670996998	
1347635970590601216	
1347656211437596673	
1347597926713929728	
1347593805449613312	
1347432850203824130	
1347576686532042752	
1347447949517877249	
1347452837685456897	
1347479807831859201	
1347523447245602820	
1347527298812051456	
1347536363046924294	
1347438265238843393	
1347437883599294465	
1347345835533631489	
1347357352744407040	
1347377488352186369	
1347397617966313472	
1347412717439651842	
1347424283459428357	
1347427816908926977	
1347435366823849985	
1347548613476540425	
1347550599596818432	
1347670201848967171	
1347585118408503296	
1347851496042319875	
1347805304264695810	
1347835503425544192	
1347815372611837952	
1347766687257436163	
1347771577404780544	
1347780138499514368	
1348032510148698116	
1347698293057277957	
1347951054554587144	
1347725103082033152	
1347898158404145159	
1347942449872834565	
1348032433631932416	
1348021840690688003	
1347970314731450369	
1347949046716112899	
1347719740584706051	
1347870735524634624	
1347928171065257989	
1347925505190862850	
1347870864721678338	
1347865702355517442	
1347739873625694208	
1347734840183902209	
1347730528036737024	
1347937215524052995	
1348223058125926403	
1348248734530822144	
1348233123381837826	
1348207958396710912	
1348202924321742850	
1348182791687532545	
1348060634420703233	
1348072063341219840	
1348176798043934720	
1348175407540035584	
1348317547876282368	
1348260235211726851	
1348115643988463618	
1348136935101845505	
1348142526419456002	
1348102261734567938	
1348328759087173632	
1348404351123992581	
1348367839862927364	
1348332972546666499	
1348323256617619457	
1348368926103756807	
1348163271967207427	
1348305505555537921	
1348298184716656641	
1348279876856385544	
1348703485404061702	
1348771748108406786	
1348750688294227968	
1348469682278436864	
1348423090699522049	
1348459615864954885	
1348557880899772419	
1348702840932466689	
1348677791374602251	
1348677251332771842	
1348664855302172673	
1348718006575247361	
1348658268474896384	
1348643326275235843	
1348638293093609472	
1348531060812877824	
1348647527147470848	
1348545179683344385	
1348557579752935427	
1348625710341099521	
1348620677595721730	
1348610610926391296	
1348590478183292928	
1348585448063451138	
1348510875393556482	
1348580411891478528	
1348565312480956416	
1349055677398978563	
1348955016309051396	
1349136576907890689	
1349129027785805831	
1349120374261379073	
1349046354648195072	
1348952866053005314	
1348782959654891520	
1348887661319110656	
1348896184593616896	
1349042985779003392	
1348897501126905856	
1349015864503361539	
1348988098533752840	
1348907567666393091	
1349089975195873280	
1349090034188759040	
1349092868825223168	
1349061420168708097	
1349104079180615685	
1349104128379777024	
1349120287481204738	
1349128922445672448	
1348967965480390657	
1348983065243222017	
1349057055387246595	
1348917636642394112	
1348942799740129280	
1348918837052260353	
1348822003772321792	
1348796837814296587	
1348816970574041092	
1348872336942850048	
1348847169793445894	
1348856225753034753	
1348862268956557312	
1348822610889502720	
1349229689886420995	
1349214590337478658	
1349209557197754368	
1349199491266609154	
1349194458227609603	
1349184391658885122	
1349237294415269888	
1349264922044211204	
1349280030128562176	
1349166775527620608	
1349310227406073856	
1349305187593113606	
1349295922337914882	
1349275775892025344	
1349269955473154048	
1349268647814918145	
1349320286898946050	
1349250020810190849	
1349355520352690177	
1349355995663777794	
1349335386846228482	
1349324488689688587	
1349452582113193993	
1349487689519800320	
1349433643408752649	
1349418129789767685	
1349412517341261824	
1349410963238350857	
1349491420437032962	
1349392053407510539	
1349381614133006338	
1349363068954808320	
1349380012382810112	
1349371877433647105	
1349415528549515265	
1349395377041109003	
1349592077865164801	
1349589561891033090	
1349556022633918467	
1349553579355299840	
1349521613419634688	
1349517599436988416	
1349597112552415236	
1349571945273188354	
1349612211463806979	
1349622276698861568	
1349637376319086592	
1349546779256238080	
1349612491278487553	
1349744978042507265	
1349844954118549506	
1349842039089876992	
1349746345637253121	
1349776466247098378	
1349787286951632898	
1349803265148510213	
1349826189263835136	
1349830790570512384	
1349830925782298628	
1349845127771148292	
1349642414546329605	
1349647442736676864	
1349646217563672576	
1349652475821903873	
1349687712656318466	
1349698329697927172	
1349700946415108103	
1349703705507950595	
1349717913566023683	
1349729062193807362	
1349662724750413824	
1349876442931187712	
1349934333117804545	
1350060821926199298	
1350050103453577218	
1350045062730661888	
1350029963387396097	
1350060162803920897	
1350010063444869126	
1350171417795588101	
1349972081870581761	
1349948606506176514	
1349947814466371586	
1349924266687553540	
1349883073240854529	
1349881264350793728	
1350132903531999236	
1350171441422065667	
1350184184338382850	
1350205461514100736	
1350206258901561345	
1350150797158473735	
1350092877758668801	
1350099169441161218	
1350114312094945281	
1350122672643047426	
1350123077666025472	
1350137091200602115	
1350387318192971776	
1350372218371526656	
1350337262928633860	
1350360529940844544	
1350362152100651008	
1350391156136267777	
1350476595484643328	
1350477798633308167	
1350482468378447875	
1350397390117769225	
1350497569491853314	
1350537388460822529	
1350326399492493314	
1350462815652388865	
1350556918704726016	
1350238840548700163	
1350457783494221825	
1350452749339553792	
1350440247771889666	
1350452326650114049	
1350314311776833538	
1350315577038962688	
1350251422533644288	
1350246393521135617	
1350243872585240584	
1350238944303038465	
1350601227285848066	
1350810103906234369	
1350608777033117701	
1350830355725606913	
1350730066313973767	
1350843307459543041	
1350864370692206593	
1350876880170266624	
1350893966271647745	
1350911412818874371	
1350795004206145542	
1350734606237126656	
1350739639494193152	
1350751816569372675	
1350764805246873600	
1350754738841612288	
1350614918915997698	
1350800037547282438	
1350616327896002561	
1350628909876854784	
1350621359081078787	
1350724539853008899	
1350646859803496448	
1350664714418749441	
1350594711501762564	
1350948516932308996	
1351134742901633025	
1351137265792200704	
1351152362900103169	
1351154685516902402	
1351162425312071680	
1351177253460340737	
1351193153706012672	
1351203726929915911	
1351298724660711424	
1351052678508511241	
1351130968191471616	
1351317584604348419	
1351310905565298691	
1351041629285539840	
1351046665457733632	
1351071828194648064	
1351036596057899009	
1350963270266609671	
1350996970224103433	
1351021496576012288	
1351127193301221381	
1351211395203923971	
1351213931751206921	
1351226677041491970	
1351231571739746305	
1351253932706832387	
1351298211529502723	
1351576818529263617	
1351588762694922240	
1351594581519982596	
1351619762313441280	
1351562442913017861	
1351504680719962116	
1351479514811912194	
1351514805253804032	
1351514753127112706	
1351367802075054081	
1351363755444080641	
1351383884483620864	
1351338586033934337	
1351332129787899906	
1351320900193320963	
1351319354168774657	
1351424342932942850	
1351434216198705156	
1351429183180738560	
1351426666430668800	
1351649997184503808	
1351652234929516544	
1351519780570755074	
1351342360907673603	
1351539913280221184	
1351673292793536512	
1351665746737172481	
1351662385166225410	
1351662316039843842	
1351659440848699397	
1352042492888195072	
1351716073637220355	
1351718863520505856	
1351761371776614401	
1351786883785793545	
1351848875175206914	
1351842800170532864	
1351801077495074816	
1351831843063021571	
1351822547625549825	
1351816744160043008	
1352043119512993794	
1351907491773251586	
1351691689837035522	
1351681689450254336	
1351680843236818946	
1351948055134810114	
1351977717063966720	
1352272199646789632	
1352103629830946818	
1352379873118060544	
1352195372106412032	
1352204290325164032	
1352235466565718016	
1352239527662915585	
1352264688541655042	
1352337106572607497	
1352328733756157952	
1352318066454106113	
1352294654960689155	
1352254626280574978	
1352164026017484801	
1352163701319614464	
1352105702983045123	
1352197593359552512	
1352353513943269378	
1352351013311819783	
1352351157772017666	
1352351260352118798	
1352046189554790401	
1352056236598980609	
1352143892460703744	
1352073429378359296	
1352379988650160133	
1352588030071083011	
1352566678190661632	
1352674095951994881	
1352711479519277057	
1352710382838804481	
1352667462664392704	
1352653568893984772	
1352624562329026562	
1352762983353470978	
1352561645319499778	
1352700421836574720	
1352710433849942022	
1352531446280331264	
1352511419384619008	
1352506280406085632	
1352460981947879426	
1352434381156016131	
1352433059564449797	
1352411546668814336	
1352576744520249349	
1352924032866414592	
1352838469224169472	
1352843503760338944	
1352919002134106112	
1353081233509675014	
1353081194842365955	
1352776096069021698	
1353043777208913925	
1352775555255472128	
1352775969602297857	
1352788137584418816	
1352793170547978240	
1352939132654333954	
1352818336506081280	
1352986947703214081	
1352823369557708800	
1352994498683482113	
1353012207777419266	
1353047055560826880	
1352799339463118848	
1353054948351766529	
1353138051552137216	
1353226022695612421	
1353271321426157571	
1353277966336151552	
1353276354545000449	
1353137942861066242	
1353192561834254337	
1353491877639512064	
1353489670286446592	
1353477804298555397	
1353147505517551617	
1353144654749863936	
1353336752568639491	
1353433488381407233	
1353372032147148805	
1353392929100840962	
1353382392170479616	
1353431425832239105	
1353754603003719680	
1353680817554247680	
1353674924963946497	
1353668941424582658	
1353656258574782464	
1353649654173323265	
1353847618632212481	
1353839388497743872	
1353824090516312066	
1353822775669088256	
1353771168008982532	
1353749432462946304	
1353682950689148929	
1353739736515448832	
1353737763129073664	
1353568280385118208	
1353543112191303682	
1353544684337983488	
1353545967744634880	
1353548145334968325	
1353558211748478976	
1353618609759727616	
1353564838040014849	
1353588410745761792	
1353582486492602368	
1353522983470419968	
1353497623915765760	
1353507152892055552	
1353514169119641600	
1353538085401845760	
1353855171986550784	
1353868080120651776	
1353892918533099520	
1353877817985884160	
1353923117039677440	
1354163742972506119	
1354151691386580993	
1354098960026066945	
1353960865255440384	
1354122551950258179	
1354139393892757504	
1354108928611770368	
1353955831734099969	
1354172592836513792	
1354186331086344196	
1354195907005345792	
1354192560764448770	
1354034884919009285	
1354011196614078464	
1354000302970605569	
1353996097056813056	
1354016705089945600	
1354096304645951491	
1354071594944098305	
1354291143631020033	
1354379890259337216	
1354403783451627521	
1354410875126304776	
1354439000119861248	
1354454115351408642	
1354456631900164096	
1354495055168499716	
1354498962267516931	
1354513595854434307	
1354481828724400139	
1354564850870087687	
1354467206642491395	
1354315215907606529	
1354311291062546438	
1354302071554469888	
1354361554486009863	
1354368555698032640	
1354379622272569344	
1354396935335993353	
1354383651904040968	
1354378617933897732	
1354259042399526912	
1354248039347576833	
1354242085847621635	
1354240208716218370	
1354235679207612417	
1354232659342364673	
1354229667109068800	
1354225106025766914	
1354330802759282691	
1354720872783863808	
1354725905910951936	
1354735972290760713	
1354738195389239298	
