1255456796564525056	
1255326060130054144	
1255336788626944002	
1255342862495092737	
1255361167561756674	
1255357092405411845	
1255316866291191808	
1255291874992152580	
1255295861086662657	
1255298375978754049	
1255302392897306624	
1255311148339138561	
1255315995016810502	
1255643023704236043	
1255476929110499328	
1255479885801365505	
1255404012943355906	
1255406464849436672	
1255411668282195969	
1255414472140828676	
1255416531162329088	
1255420920488919041	
1255426943828271104	
1255430016529305603	
1255437008039796738	
1255438759568584706	
1255441697317826561	
1255366199761829888	
1255474286229368832	
1255508948783857666	
1255502095119089664	
1255497067788529664	
1255484293952012288	
1255531846290624513	
1255532110015856641	
1255472699360542721	
1255533356831461376	
1255532470717595655	
1255546488857526274	
1255545034805477378	
1255544504653922305	
1255543080343781376	
1255542662322704390	
1255537032580997120	
1255879017384853505	
1255703421576871940	
1255802826854367233	
1255809654984081409	
1255811489476165632	
1255826750497587202	
1255895846203396096	
1255898262881677312	
1255920876945539072	
1255909956039200775	
1255909097788125189	
1255903731331325953	
1255893471728107520	
1255901754488651777	
1255826818000510976	
1255830878246170624	
1255928833913610240	
1255728748038520833	
1255791825228402689	
1255796306108284928	
1255796786867761154	
1255784426866216960	
1256001898433220608	
1255993765896036356	
1255958760486551552	
1255753755888214018	
1255754129374240769	
1255758786616328194	
1255763443593830400	
1255768909812101121	
1255769623523291137	
1255773886051827712	
1255921566778621953	
1255761666697867266	
1255783953782489090	
1255653626829172737	
1255882407586168833	
1255878961701228544	
1255891300408270855	
1255892064618905600	
1255892758281310210	
1255877853629079558	
1255838501930590208	
1255839237162676224	
1255839605846208518	
1255843337279377411	
1255851159157223424	
1255853263838044160	
1255868032276029440	
1255887814320848896	
1255833749050126336	
1255871024102469632	
1255695146068238337	
1255720160465313792	
1255708727820181505	
1255893738787934214	
1255699969861840896	
1255653785348608000	
1255682188936269824	
1255675436257783808	
1255669044188864514	
1255685227000655873	
1256312894595100673	
1256315521290563584	
1256350384194572289	
1256351765995425797	
1256357736125693953	
1256362766383771648	
1256367799326388225	
1256277425060749312	
1256274494286594049	
1256245788059078656	
1256247003505291264	
1256247205813313537	
1256250085421219840	
1256250212420632576	
1256251383973416968	
1256252689018687495	
1256263084592816128	
1256263520288739329	
1256270862405206018	
1256131477982437376	
1256131243646889984	
1256131242048684034	
1256301816335253505	
1256291871934025729	
1256241970617282561	
1256193470978379777	
1256193961636421632	
1256196671811149825	
1256206742976892929	
1256191641079119872	
1256211771561574400	
1256222628488118272	
1256230528908394504	
1256233671092310016	
1256216804533260288	
1256181572308369408	
1256136273904926720	
1256144320345763840	
1256146340028887041	
1256152294518697985	
1256158922978873344	
1256161444388798465	
1256163469713240066	
1256166472889425920	
1256171505999843329	
1256173860786827264	
1256236939595915267	
1256241060872892416	
1256290767150211075	
1256235415733972995	
1256055745990320128	
1256065609550270464	
1256050709843197954	
1256048427797893120	
1256035610432802827	
1256045676947034113	
1256074953285238785	
1256080908886478848	
1256085356027363330	
1256090975333539840	
1256101044095823873	
1256116483739942912	
1256106074878476293	
1256030577578225664	
1256017738037751808	
1256011367246520320	
1256011677629403144	
1256065809572671489	
1256070844289355777	
1256126207558471680	
1256116996845887488	
1256020510950830081	
1256720121927786497	
1256674173319032832	
1256658536710451201	
1256657502332162049	
1256650902938816513	
1256648985479122946	
1256645035761811464	
1256644866005766147	
1256634907746619393	
1256633471151333376	
1256676784382279680	
1256633137012015110	
1256489421014097922	
1256456225870319618	
1256453363132248065	
1256445447880638464	
1256438263667200001	
1256431359419052037	
1256428132476698625	
1256463920044232704	
1256423095356633088	
1256561577362288641	
1256408000773779456	
1256677200268582912	
1256705762950348801	
1256606096187408384	
1256607565162655744	
1256611900902817792	
1256616573630140416	
1256599852412067841	
1256609391517655046	
1256574159498260482	
1256598066771054594	
1256594291805360128	
1256562702916313090	
1256584228268998656	
1256569128179007493	
1256619548717047810	
1256622210984423425	
1256705171612217350	
1256626344076685315	
1256735064714444800	
1256730422542647296	
1256730187296911366	
1256571596841472000	
1256399360687890432	
1256599329449615360	
1256383602511589376	
1256385376228278272	
1256413097885085702	
1256410428403445760	
1256559059731394561	
1256468462680985600	
1256476991529746433	
1256537736497913856	
1256533893756399619	
1256530119025254401	
1256528860692135936	
1256523829859540992	
1256543960207699971	
1256518794203275264	
1256508728783835141	
1256507867827335168	
1256503694729732096	
1256479539766554625	
1256498661724434432	
1256493629553565696	
1256488595357138944	
1256473495808114690	
1256480569648508931	
1256980099511070720	
1256978077420322817	
1256974184791621639	
1256986793209139200	
1256991044736090112	
1256967097130901504	
1256995309177180168	
1257015594563653634	
1257020394860679172	
1257048567933435906	
1257048922607976449	
1257049899453091843	
1257049990364528641	
1256972018148352001	
1256966746193268737	
1256992856444551168	
1257012974465810434	
1256790585370832896	
1256801638024527873	
1256813573134643200	
1256824750363430912	
1256832375209644034	
1256834479194169346	
1256876148962689030	
1256841309198749698	
1256850983100932099	
1256851183991324672	
1256857232928501762	
1256871116787773441	
1256931515558064129	
1256882328011325442	
1256892328133836800	
1256913854115672064	
1256943269642072068	
1256833367938646016	
1256925403966353409	
1256874714124808192	
1256764481029332992	
1256753474278023169	
1256742193965854720	
1256765201266864128	
1256896374450188290	
1256961012181299200	
1257097421944807424	
1257084759844384768	
1257082509785006080	
1257081456574304256	
1257074862650200068	
1257083794529546241	
1257050517550829569	
1257263705991057408	
1257224695654408192	
1257261986900893697	
1257260461742936064	
1257248606102253569	
1257361466371592193	
1257362200026648578	
1257422270307471362	
1257369526884274179	
1257376928887119872	
1257386715297259521	
1257392049713750017	
1257376804811218947	
1257384501015166976	
1257360281342222337	
1257102828616552448	
1257106279148826625	
1257107674614947840	
1257112707712548865	
1257120782305521665	
1257123537216655360	
1257124978559836160	
1257137873561759751	
1257147939971104768	
1257158007105835009	
1257168072567390208	
1257428073189867527	
1257258669550342144	
1257449929859047426	
1257454963413807104	
1257456939564445696	
1257443983095201793	
1257410295431139328	
1257333091884040192	
1257335579810967553	
1257340632487641088	
1257341371465244672	
1257344345734332416	
1257345268577644545	
1257346270076850177	
1257348857165492224	
1257354433379422210	
1257278640359796736	
1257273769225142272	
1257268736093896704	
1257188205390159875	
1257332233939169281	
1257188900256137216	
1257203692832354304	
1257211702057132032	
1257213371209756680	
1257218404143915008	
1257218899516379136	
1257228470616121344	
1257231071302676486	
1257235058454220800	
1257238536950026240	
1257243570215325701	
1257245136708239361	
1257199043983192064	
1257331777187860482	
1257183288088616962	
1257330593404248064	
1257173106956722176	
1257298934927470595	
1257178138884182016	
1257278805514780672	
1257281584790560768	
1257283835475062790	
1257287372124729344	
1257293906124963851	
1257297288004636676	
1257324925674643460	
1257301151575273474	
1257303968549502982	
1257309002641346560	
1257314034702970885	
1257585825342279680	
1257577302180761604	
1257576294197243904	
1257580792928104455	
1257570725789122560	
1257566014306316288	
1257641010546372608	
1257535493996232707	
1257531262568300544	
1257525427372830722	
1257516963439341568	
1257513640233598977	
1257560583697653760	
1257604971081547776	
1257661322998747136	
1257646223294558209	
1257641191979380736	
1257631123770937344	
1257600924790521856	
1257616024423108609	
1257546035372515330	
1257610993003347968	
1257605958009868293	
1257697509994004489	
1257505827516108800	
1257733141189603328	
1257736265681731586	
1257739937497128960	
1257743946362621957	
1257746226503655426	
1257780095235825664	
1257808112691658760	
1257812317707747328	
1257814341102993417	
1257739284221693952	
1257710453448421377	
1257706707112919042	
1257707537979277312	
1257676422312628224	
1257732003098697728	
1257681074680852481	
1257685532210950145	
1257686488680038400	
1257689386147360768	
1257691521861722113	
1257691865006120960	
1257687231994740737	
1257699630118244353	
1257696555194216448	
1257698251374985217	
1257698754318282755	
1257701164696637442	
1257699063396544513	
1257699732291563521	
1257683066975379456	
1257728564243333122	
1257726369020235779	
1257726148991168517	
1257501585296351233	
1257495228459737093	
1257491941836509184	
1257485162084028419	
1257484641927262210	
1257483479194849281	
1257725686103638018	
1257725508265132033	
1257725352069279747	
1257671748163526656	
1257666356142620674	
1257631400515125248	
1257663765832597505	
1257465029319733248	
1257472854754385920	
1257918014189518849	
1258108293274361856	
1258127994243203073	
1258100535540027396	
1258097956248526848	
1258097330886230017	
1258092402008633346	
1258123151193579524	
1258134440263516163	
1257928474968289281	
1257912980852953088	
1257924305872019456	
1257931300737912833	
1258177664285700097	
1258169672299659265	
1258108478436134912	
1258114253090967553	
1258103161786597377	
1258115259279253505	
1257937505757745152	
1258143248364769285	
1258164639214387200	
1258087779810017281	
1257933113713471488	
1258091784212799495	
1258003583154286592	
1258006219626672128	
1257973379983966208	
1257972491722518530	
1257963312760922113	
1257960773743042561	
1257948213170094081	
1257943184191025153	
1257941205674909698	
1257978625036480514	
1257979642004168705	
1257988480338145280	
1257999529472745472	
1258001683600207873	
1258018681814204419	
1258068137032986626	
1258068538734059526	
1258070051414069251	
1258070283421974528	
1258074114235027464	
1258074328316497921	
1257907947872628739	
1258065020337913858	
1258061619516641281	
1258060647293739019	
1258055874939170817	
1258055651751796737	
1258055208183234561	
1258050648052039683	
1258050331986006017	
1258049535391133698	
1258085123607662592	
1258048059927179265	
1258043843359969286	
1258041186226368512	
1258038867250171906	
1258038810497212416	
1258057567474982912	
1258058614201184256	
1258061158273204224	
1258055471128346630	
1257838501720027136	
1257832450438422535	
1257827417273622530	
1257826284949737473	
1258033782222778371	
1257840895858110464	
1257847549810991104	
1257887815636934659	
1257938146752376832	
1257822383940882432	
1257877748837527553	
1257884531912105984	
1257872715794403328	
1257867683581751302	
1257860132744187904	
1257857616291737602	
1258449443571093504	
1258448432294965250	
1258444038711238658	
1258443320705126400	
1258438403399593990	
1258449226901737474	
1258453474553061381	
1258465445327376384	
1258537093522845698	
1258427773942747144	
1258427697807659013	
1258427571982786565	
1258420862388252682	
1258420784516694019	
1258470498159210496	
1258532062656475136	
1258437954051203073	
1258431480159764481	
1258414979499413506	
1258406231280099328	
1258460213402898432	
1258408290611945477	
1258409800909459457	
1258411265690492928	
1258411397991391232	
1258416297659916293	
1258430304924155904	
1258418981117087748	
1258408747942072321	
1258330733724254208	
1258360932599656459	
1258357434529091586	
1258350867629006848	
1258345833050890242	
1258340800049680385	
1258315634234068992	
1258306629667155969	
1258300534651604992	
1258290882102456320	
1258301468282511361	
1258370999172521984	
1258290471245246464	
1258273471051653121	
1258388798938873856	
1258388977481965568	
1258391131974365184	
1258392136321347585	
1258398440674848768	
1258401198157303809	
1258384597932367872	
1258281235924676608	
1258369010577453056	
1258187839776292865	
1258188176482418689	
1258190820026376192	
1258194838337380353	
1258199872177610755	
1258209898476814336	
1258227568303648768	
1258233343809708032	
1258240136627679232	
1258244352326766593	
1258248065837871105	
1258268457545555968	
1258260608408940544	
1258403557511856131	
1258384710977253377	
1258381065246380033	
1258728358013046787	
1258713258669666309	
1258615709019430913	
1258718287384330240	
1258721647797755906	
1258627690447335425	
1258726058292985856	
1258730091917373441	
1258790574385172481	
1258763585917980672	
1258811401876856837	
1258801420209459205	
1258800406987063297	
1258798450839347202	
1258796005107142658	
1258793975508602881	
1258551611032367104	
1258557386857439232	
1258612590969712640	
1258610074358071296	
1258607558358638593	
1258597491378843650	
1258588620136476673	
1258567292604071941	
1258587425124696064	
1258791442765545474	
1258738419993214976	
1258746208572420097	
1258783800747794433	
1258780675873873922	
1258777086623277057	
1258776168787898369	
1258773656001368064	
1258783718728056832	
1258792381484318720	
1258782914990530561	
1258673381416681473	
1258668162884571142	
1258665083221106689	
1258664094959169536	
1258662922429124608	
1258678022078492672	
1258652856837640192	
1258640214785847298	
1258637757653680129	
1258630546197889024	
1258653237718081537	
1258688088479371265	
1258909356013174785	
1258906867494838273	
1258647823232520192	
1258884931012513799	
1258899481342251009	
1258888985516158982	
1258703407268810753	
1258825723889975298	
1258693713825415169	
1258826501253931008	
1258832359652278277	
1258833220881219584	
1258834051009589251	
1258884222892290057	
1259139871618334723	
1258921271548497921	
1258910076112232449	
1259070608848990208	
1259067273827893248	
1259065575655047169	
1259050476206784512	
1259045444245573632	
1259040409826865159	
1259034713085231105	
1259083779508862978	
1259031786601844738	
1259060544922935296	
1258969693932707840	
1259115907281874950	
1259124752234364930	
1258999785584910343	
1259001384671707137	
1259004379207569410	
1259021994244182017	
1259100808005791749	
1259105840985968640	
1258984746895339520	
1258961890622898176	
1258941678959726592	
1258962659887607809	
1258939748787335170	
1258964912300228614	
1258949039405449217	
1259152909310332928	
1259271780998340608	
1259266902196535296	
1259246538208968704	
1258965064075194370	
1259166454399860739	
1259165417316237317	
1259164005270204419	
1259160485192138754	
1258967304110395392	
1259006028894461954	
1259015246087405569	
1259090743802519558	
1259015643329728514	
1259120943290613762	
1259133013004181504	
1259150762938183690	
1259149718489378817	
1259147569579646976	
1259142765478400001	
1259136041488773120	
1259152445617451014	
1259469538678071297	
1259463195737063424	
1259412869717782528	
1259473262104285184	
1259546429967777793	
1259478295252545539	
1259475779626217475	
1259507936788975617	
1259632046621638657	
1259629290167009280	
1259624256972840960	
1259619194783641604	
1259607619318284288	
1259583710296444928	
1259553941928448009	
1259553079625764865	
1259552647327232003	
1259547298419421187	
1259546930138492929	
1259483329159716867	
1259493394885140480	
1259503461822955521	
1259531814990987270	
1259531613823787016	
1259529568089710597	
1259524141213978624	
1259522215386779648	
1259521542976868353	
1259518032227024903	
1259515565154209792	
1259510109333532675	
1259509622680977408	
1259508494140571648	
1259506781342109697	
1259505825149837314	
1259498430579093506	
1259377632988233728	
1259379036234514433	
1259378209373581313	
1259271937353756677	
1259372598900805632	
1259377837414334465	
1259458162521862146	
1259447535980081152	
1259440909051019264	
1259422932989882368	
1259420060214386688	
1259412864185577472	
1259407833038127104	
1259402170262142976	
1259396506424971264	
1259396066115383296	
1259275664630276103	
1259276968715071489	
1259427963646377985	
1259277860222586880	
1259277117147103232	
1259352454715461632	
1259344169434091522	
1259367565521977345	
1259332333334925312	
1259327300383973377	
1259322267194085377	
1259317919797796864	
1259307167628382210	
1259292068192673792	
1259285150321356802	
1259280375672520707	
1259914515879264259	
1259849974340292608	
1259855598901960704	
1259856491592462343	
1259865407814610947	
1259874473068638210	
1259882798405636096	
1259883506383171584	
1259889858610434048	
1259894342078148613	
1259897432181219331	
1259899629241544711	
1259902145987518466	
1259906116474990593	
1259760152363896832	
1259805451257966594	
1259815419805749249	
1259815519772803072	
1259770222019596290	
1259820550597328896	
1259659489055309825	
1259755122546139138	
1259755077369094145	
1259751655823732736	
1259748329547640835	
1259745052995260416	
1259719887221452800	
1259664523180433408	
1259714853905801217	
1259699754478514186	
1259689688329224199	
1259684655109980160	
1259681712214138881	
1259830617354629121	
1259790351516274689	
1259789472301936642	
1259740838030004225	
1259635617786261505	
1259635031615705089	
1259640525079998465	
1259644389640421377	
1259648413227905024	
1259648777654202368	
1259755300292157442	
1260182938433359878	
1260233055375167495	
1260235965311995905	
1260241039295643655	
1260241263124717579	
1260244629410271232	
1260245041227927557	
1260233242814418946	
1260077241939058690	
1260076501711519744	
1260058742634106880	
1260050343355801602	
1260031943351185408	
1260231345437097997	
1260102409357004802	
1260162805811998721	
1260157772605394945	
1260152739339948034	
1260142672943120384	
1260132607213416448	
1260127573633150979	
1260117508528488448	
1260114638600978438	
1260111979739443200	
1260107441062068224	
1260102748311187456	
1260273204825858053	
1260172872305143808	
1260230510225305601	
1260218820867682305	
1260002850878312448	
1260015371479691270	
1260208109336686594	
1260025748414296064	
1260261485785354243	
1260228236929269765	
1260193006541512705	
1260187962270052352	
1260260832002400256	
1260260628792512512	
1260248116969824256	
1260260953582637060	
1260000103948890112	
1260276051856494599	
1260282064622030863	
1260283607102316546	
1260291151795388417	
1260299435625590785	
1260326777211281409	
1260354066212958208	
1260340995750801409	
1260610376158400513	
1260608670095859713	
1260613679764197379	
1260622301630005248	
1260640477642137601	
1260674246025580544	
1260686506471153665	
1260696212107415552	
1260697786732994560	
1260701510423457801	
1260701568397123585	
1260706387430043650	
1260706388860219392	
1260706412201750533	
1260716453944274946	
1260636754756997120	
1260630889962147841	
1260615488675164162	
1260614481601757190	
1260625711968256004	
1260555399104655363	
1260547689596325889	
1260542731215986695	
1260542355846774785	
1260562005448175622	
1260535259940048897	
1260520160416329728	
1260567947111813121	
1260570496153894916	
1260603934529466369	
1260602185437589505	
1260596057026764800	
1260592863068532738	
1260589178867249152	
1260588652071137281	
1260580558272262144	
1260575525648470016	
1260500027694354434	
1260494663724732418	
1260404398758539264	
1260446424535314438	
1260441789925916672	
1260374199572541441	
1260368400485769217	
1260366044423524353	
1260364132236193793	
1260444663015710722	
1260484928267059204	
1260424630361305088	
1260415442751012864	
1260405710333997059	
1260419497195864065	
1260454729169219590	
1260493706551066624	
1260483504070176769	
1260480035368177666	
1260479529430192128	
1260477717574713346	
1260472907463041025	
1260478999630950400	
1260465266657550341	
1260461833569423360	
1260464795448340481	
1260429726134546434	
1260976528369700864	
1260983001648857089	
1260973543304675336	
1260972516950126599	
1260966078521450499	
1260968347916734466	
1260954838810189824	
1260953370711535616	
1260953193690927104	
1260953090624274432	
1260986025117192196	
1260952942393335809	
1260963461460361217	
1260986626693611521	
1260945949402128384	
1260947979692728323	
1260991230139383809	
1260992909005991938	
1260992313150627841	
1261008268002037760	
1261062088794963968	
1260994677337133057	
1260876309728649219	
1260902681520070658	
1260904833294323713	
1260911670567636992	
1260916491714564097	
1260917782750924801	
1260922813797539840	
1260927846794571777	
1260930551973728263	
1260932886686863375	
1260939337987833857	
1260812084834635777	
1260817117332439041	
1260902681486467073	
1260822150144905217	
1260827734495776774	
1260832216680030211	
1260836452348256256	
1260837249974849536	
1260840937397186560	
1260842285660430336	
1260871799631306752	
1260872483537924096	
1260827184354062336	
1260887581828558849	
1260723121104936960	
1260727567994114049	
1260730295097020416	
1260733611185078272	
1260741619524857856	
1260746652710768641	
1260771818979364869	
1260776851791806467	
1260882548168683520	
1260786918129913858	
1260796986246250501	
1260802017523613696	
1260789435194621953	
1261124140242788352	
1261184538325049344	
