1431532001937534976	
1431530002235809797	
1431637523999117316	
1431743177476747264	
1431706271254712334	
1431572174083530756	
1431725312010817539	
1431658195085365249	
1431655864214200324	
1431661676710055940	
1431822763124137985	
1431909157582479362	
1431946988543623168	
1431964853971734529	
1431914521271095296	
1431904464126967808	
1431909488265547781	
1432019118614622208	
1432070680829386761	
1432102053472608260	
1432105714273722371	
1432023903661174792	
1432028037198098432	
1432032711837880321	
1431790383965503491	
1432033507484872706	
1431837262271164419	
1431940172841508870	
1431994131664957443	
1431995054298632193	
1432010234101444623	
1431998326690484226	
1431994322593804288	
1431865893919678464	
1432297041879728134	
1432428474296381444	
1432423427302961155	
1432427450374496260	
1432211477952270340	
1432196378554470403	
1432145026583171072	
1432153597320437760	
1432319533209952261	
1432428350673408003	
1432428414397526019	
1432428743189016577	
1432428683810193417	
1432371649987465219	
1432371124688588803	
1432377121335349249	
1432393200900136960	
1432402521742581762	
1432429103265763330	
1432359239356325894	
1432772678390218753	
1432831776464977923	
1432781866571112457	
1432825037585793026	
1432834343320399873	
1432751572610600960	
1432759195997286400	
1432849233657294848	
1432528567284518925	
1432739455840964608	
1433132350079131650	
1433175562374336514	
1433177022335963138	
1433132102782963714	
1433142406203990021	
1432974002608242688	
1433157630202089478	
1433102366434332676	
1432895988356812800	
1432948225338531850	
1433016784618196995	
1433157617963175944	
1433227753868857348	
1433333873883041794	
1433434537455988739	
1433425729648091141	
1433313741198798848	
1433263417083809793	
1433255859585441796	
1433535910151393280	
1433547578537390081	
1433557503669780498	
1433557869039816707	
1433557750991122441	
1433579912531623936	
1433484920341544960	
1433459158251147264	
1433530609385811971	
1433910228656001024	
1433871928205393921	
1433876505931681797	
1433915649349373952	
1433915530885410816	
1433907135574855685	
1433907694407233537	
1433908871136006144	
1433910254882934786	
1433906972202618883	
1433884948742737924	
1433756659675893766	
1433877377759780865	
1433786858941595651	
1433746596508803073	
1433822402199363590	
1433842927030226947	
1433717248573644802	
1433620210431315969	
1433581960270528552	
1433650962938441743	
1433703005052755971	
1433716405384331264	
1434184578290290689	
1434189220080504836	
1434184457393786888	
1434030987827040257	
1434204830390685706	
1434238580356943872	
1434220228796428290	
1434216644922970118	
1434210058087305219	
1434165587354161157	
1433963627002818569	
1434312825204318216	
1434628687949860865	
1434579518229000192	
1434566515118968833	
1434583253579673600	
1434614221359271938	
1434570924733390849	
1434635293437710339	
1434320374444044288	
1434410030988599296	
1434368501200736264	
1434354084568465408	
1434323392291692552	
1434370705693585411	
1434543274203783171	
1434548293216899086	
1434555680023842818	
1434467041180721153	
1434496534792441863	
1434561803615358977	
1435010453391003649	
1435010491588427779	
1435018148760096769	
1435010950650859529	
1435014951454789635	
1435007680423284747	
1435010921047498763	
1434998332246605824	
1434862684525056003	
1434798524638527489	
1434904268314660865	
1434690090261880832	
1434717994060554245	
1434993735708946435	
1434949402381144067	
1434769025117016066	
1434968314531418117	
1435377245783212036	
1435356484964163589	
1435144003041648642	
1435080382039289859	
1435136488384000005	
1435268399890845700	
1435293097039126533	
1435337071208640515	
1435294151436902410	
1435307312256782338	
1435726275746963462	
1435729568376279043	
1435732117879676932	
1435460386375942149	
1435467939000487941	
1435437742666620930	
1435415088362508293	
1435617808411361281	
1435427670347505668	
1435685808783208453	
1435690225150447624	
1435690157605376000	
1435690077703835649	
1435689905087258627	
1435689717618593797	
1435689617307602947	
1435689542875500557	
1435588738504134660	
1435704360697319433	
1435588179931713544	
1435563566002839552	
1435598613363580933	
1435633391278465024	
1435639121524019209	
1435645498262761476	
1435645635714297858	
1435543439714631687	
1435523300751384582	
1435518267217653765	
1435553822105997314	
1436000269473619971	
1435845429346717700	
1435840390033141767	
1435882835810795526	
1435801590229712898	
1435928300749082630	
1436000455763632139	
1435870588908703750	
1435835356616609794	
1436003832442544132	
1435967334968008705	
1435998721641271299	
1435998582998437895	
1435998331394740228	
1435976391686701057	
1435995163243921417	
1436075359993278465	
1436079009297797121	
1436060532163895304	
1436038783783346183	
1436015846766284813	
1436029503755665409	
1436024358611439618	
1436014101688463360	
1436014227731398660	
1436004045978849288	
1436012810266419207	
1436081060643737604	
1436083561841537025	
1436058053967757316	
1436058097831776263	
1436059894575214604	
1436059965299515398	
1436060070874333186	
1436060174364643329	
1436060380460195847	
1436060451683581962	
1436072820396765187	
1435777607090401285	
1436403475479420928	
1436215361590886402	
1436401593256222721	
1436327291374637062	
1436338035260473348	
1436369332288753670	
1436209825088638977	
1436227943647350785	
1436243043041038338	
1436293375116857358	
1436217590813134853	
1436423284397121567	
1436425896290889730	
1436423756558311451	
1436423677957054466	
1436423568540176384	
1436423500407922688	
1436423427649327116	
1436423356157468676	
1436423222971490305	
1436382940171325440	
1436392421739405315	
1436130029130248192	
1436729080314015748	
1436632857997283329	
1436663791341633538	
1436580265321771013	
1436665829219655682	
1436769870381715461	
1436769780338462724	
1436769721341423624	
1436756140759699463	
1436522910353543175	
1436803227178225672	
1436509803271045127	
1436494705353641988	
1436728934012440584	
1436719323591159816	
1436719103910240262	
1436590331370213380	
1436517350417764355	
1436575232182009857	
1437202030385262592	
1437177115087147017	
1437168616579928065	
1437176524948611073	
1437173020792135680	
1436992823966920710	
1436902135879421952	
1436912453871288321	
1437096041900384267	
1437080929793716232	
1437113731125817351	
1437105942995296266	
1436851765282947072	
1436993885863960576	
1436997229189885952	
1436998017824002048	
1437062785402290179	
1437065592754737160	
1437070674619772929	
1437527768821075976	
1437539844012584962	
1437539590466846724	
1437559217695576064	
1437558501329420292	
1437549915748585472	
1437395637906051075	
1437410737404715013	
1437423932722716672	
1437429043985453063	
1437456998786797572	
1437549835083730949	
1437534929647284226	
1437294976988155911	
1437514086133243904	
1437501697878859787	
1437492971453259779	
1437492842444771335	
1437468956416163846	
1437524963599261697	
1437487537531064332	
1437530812602363904	
1437242126945849344	
1437265388690018304	
1437535739839926272	
1437535701407567875	
1437534983955091462	
1437596964561035264	
1437589319087132676	
1437908893670289409	
1437897961552465923	
1437847737626767369	
1437846274812915715	
1437844094231908353	
1437869557302153220	
1437891737431724034	
1437914060620648450	
1437865475506049034	
1437908802523774977	
1437622130229735427	
1437810790208266240	
1437827619635044355	
1437820021233889301	
1437828867834662921	
1437777766674538499	
1437693965629681666	
1437768092164100106	
1437742926386262018	
1437842492850950150	
1437704593891229697	
1438153380757606405	
1438175609964961800	
1438179277384687619	
1438206685076545541	
1438196135374508038	
1438188411769212932	
1438166463693590529	
1438275245576757252	
1438246533862989831	
1438227404410036230	
1437936705542103044	
1437979485329109000	
1437964385368952833	
1438039882870317058	
1437999617514225665	
1437984517961125893	
1437979735515041792	
1437985522740170761	
1438331806349029377	
1438337046561517572	
1438356080325582849	
1438345092595535874	
1438617828266057738	
1438534697177554949	
1438534513953591299	
1438487838060802055	
1438510485188513792	
1438574474832515072	
1438559987173937152	
1438560421972221961	
1438421819137028097	
1438392604522008578	
1438398112544952321	
1438398944439009281	
1438407303854706689	
1438562024263409665	
1438610900949348352	
1438627406491832325	
1438591428028993538	
1438592164263563274	
1438933800952737796	
1438932156793958400	
1438934332576616448	
1438934503439966209	
1438952853352165384	
1438952722875797505	
1438734459650678787	
1438668812610506753	
1438908722642890754	
1438893081546444802	
1438893543637061637	
1438901850577805314	
1438997780501082119	
1438997652885102598	
1438965172794765315	
1438971538129235968	
1438993411395182594	
1438994716444528649	
1438995684141805570	
1438997528331030529	
1438664050338975749	
1439016320679522305	
1439101880613801986	
1439106913606701056	
1439028296927236100	
1439254598171176961	
1439137115053465602	
1439254720791683081	
1439198710496317441	
1439349798151274505	
1439360117175197704	
1439371155408752646	
1439282728558596099	
1439286625431916544	
1439294527148285954	
1439254841352720385	
1439655120380252163	
1439738208925876224	
1439711083799908352	
1439408903515746305	
1439468427190566918	
1439616406887219201	
1439487931639500802	
1439610230422351872	
1439607054939922439	
1439691411243343873	
1439519633233481734	
1439974861317804044	
1440052004412264449	
1440055134432608270	
1440086526092734469	
1439977848413073411	
1440097677765582849	
1439995271275032576	
1440049006999048193	
1440041732339474443	
1440035682680856582	
1439839136119070723	
1439856855379968005	
1439937386578956294	
1439892097331605507	
1439910102853554177	
1439914628021063684	
1439764193289199623	
1440450510100709376	
1440446221630377987	
1440446115304787973	
1440445932097531904	
1440370724280037389	
1440385132939005953	
1440402203307429890	
1440402018414198799	
1440402523966242824	
1440387394172117009	
1440413495091077124	
1440381826418167819	
1440445529339531270	
1440215319931277320	
1440125142156267527	
1440143745756778497	
1440239386617016322	
1440327040238903302	
1440295584263327744	
1440273589719031809	
1440445555721736201	
1440807886058188800	
1440797173210177547	
1440790820056035333	
1440783185009254407	
1440801984286584834	
1440790857590853641	
1440632419338506251	
1440488517428199426	
1440821556624572419	
1440600476622340096	
1440616294462541833	
1440536539453296641	
1440566531826483212	
1440561498317787137	
1440674826079801345	
1440677269211549697	
1440497779592220675	
1440716958102523911	
1440719377934872580	
1441163682696908800	
1441163837793726469	
1441162433423360000	
1441157510958764040	
1441160644359643140	
1441141696419356672	
1441149741325115398	
1441160758197305348	
1441099874645147650	
1441066292161748998	
1441076286655500288	
1441160179035381762	
1440984284307804162	
1441034616127856640	
1440964156388257797	
1440841228132634628	
1440864464824242186	
1441400047468367872	
1441436910493200387	
1441543626367012869	
1441451763609915395	
1441498784253595648	
1441478289755836425	
1441386944332660737	
1441211661524733955	
1441333170150858762	
1441271174856527877	
1441257775204499463	
1441192630554009600	
1441376871371902976	
1441336605747339265	
1441905211430244355	
1441826787005112327	
1441846624733499393	
1441798586296152066	
1441906919598215172	
1441628530509451273	
1441709059975966726	
1441798713446477825	
1442223421329485829	
1442263152821825542	
1442147784782606337	
1442217208675983360	
1442179318210129924	
1442036216224944128	
1441953169127342080	
1441958114446639110	
1442180036463931399	
1442557390914740224	
1442552915659563011	
1442542166769868802	
1442541651617062914	
1442539514631708672	
1442318072891813891	
1442383147031666692	
1442602076182302723	
1442561767071174656	
1442602042564939781	
1442596577411887110	
1442574503498813440	
1442566853998559232	
1442635519322562560	
1442515118907031553	
1442518668131381249	
1442486684264902658	
1442509976250028032	
1442503747825897474	
1442897934941495297	
1442885997990137861	
1442877127854940161	
1442884808422699015	
1442652687946768384	
1442769066511323137	
1442712190528593921	
1442954830608142337	
1442942984127860748	
1442941314404737030	
1442974573301886980	
1442974510009880579	
1442970697928642570	
1442970663354994697	
1443275255208976392	
1443272360090554373	
1443268784916254722	
1443032783861993473	
1443256958799208453	
1443108336442884097	
1443152787026563075	
1443211562110504960	
1443210375730581510	
1443340845558771714	
1443341505586925569	
1443341869845524487	
1443014731300704262	
1443342258762403841	
1443342119251349510	
1443257347061784581	
1443301072118980612	
1443295349389594630	
1443295298391052293	
1443281422010261511	
1443616999322628103	
1443620063207202825	
1443616872683933697	
1443655637439815682	
1443591465519648779	
1443670498563526661	
1443683831471558657	
1443624432405258240	
1443610450789289991	
1443500868515495945	
1443417819341725697	
1443553718331453443	
1443520999631245313	
1444045962591313920	
1443978566878863361	
1443948448504446977	
1444002060471570448	
1444021617571553286	
1444021356975230981	
1444021469319675914	
1444087433037897729	
1444021221981622275	
1444020541095096326	
1444008847966933008	
1444008479321165839	
1444021148279349248	
1443787761199239170	
1443925941269397509	
1443910194874912769	
1443863850269360132	
1443822989154398210	
1444291073795399680	
1444175310795116548	
1444170277617692676	
1444104395210121218	
1444124979109433352	
1444119947895091203	
1444109879665299456	
1444150148049915906	
1444096077439717376	
1444336808301629450	
1444096419783077889	
1444322704996319242	
1444184140752900100	
1444330233188978699	
1444250808179122179	
1444275974229487621	
1444285103421591556	
1444225643013492736	
1444410787615940608	
1444339556195704836	
1444342141690564616	
1444754379316289536	
1444466923941478406	
1444527633962713089	
1444771239705317384	
1444655980474601476	
1444663534886039554	
1444628295551623175	
1445135387098181632	
1444854787883757570	
1444853946787381255	
1445147103362170883	
1445149534695346180	
1445074884707725313	
1445069464895164420	
1444988768801353734	
1445000750644580356	
1444954878166519811	
1444943573112086531	
1445506140465401856	
1445509875795210240	
1445297710383333378	
1445435770156769303	
1445486264979910659	
1445347645875101708	
1445210242510319619	
1445388307337121792	
1445421237375750161	
1445358431204831234	
1445791362633256967	
1445874257314123780	
1445873162600648707	
1445780276399919105	
1445874728435126277	
1445774295985131532	
1445865470935158785	
1445577047762423808	
1445592147449819136	
1445639961689001985	
1445812903186108417	
1446252383906979850	
1446157673679015939	
1446162966324338690	
1445962084525748224	
1445967117447319554	
1446151207463047179	
1446125296269205512	
1445971985821995013	
1446113213230161929	
1446168020292878348	
1446233338927362049	
1446239183106945028	
1446202663520120836	
1446092946990903309	
1446097330944425987	
1446178306253000711	
1446185410313474051	
1446202732004716547	
1446169543953588233	
1446234380926603267	
1446152195892776973	
1446168200836751366	
1445929871964770311	
1446301823048896516	
1446294274346299433	
1446354678850203663	
1446448609373786121	
1446562829478289418	
1446586131370455046	
1446581322831568899	
1446366665084588036	
1446559660035776514	
1446559754499854351	
1446514876327895052	
1446515213797371909	
1446517430717722626	
1446522172684607510	
1446508904171573257	
1446527887163760702	
1446531740462354437	
1446525031861952540	
1446634012999438341	
1446646752547725312	
1446686860533637120	
1446693950668959744	
1446885766945247239	
1446871292272168970	
1446871410211762178	
1446871169957830659	
1446871029830361091	
1446913354195374080	
1446850125637189635	
1446713267989012482	
1446940590306996232	
1446939776460931072	
1446945074537979905	
1446969057782255622	
1446958656763744259	
1446959275126005762	
1446940661979176965	
1447019051218255873	
1447240093312376832	
1447222792185860103	
1447222021528641546	
1447265399570112520	
1447253502405787650	
1447192693097091082	
1447669512669696014	
1447446868045156353	
1447388988302577667	
1447541318809374720	
1447568508909330435	
1447669412157399046	
1447552564489175043	
1447669339088429062	
1447697478917234691	
1447624716555112455	
1447638964115066887	
1447669587378638853	
1447669179071541258	
1447668955976458245	
1447904886012715008	
1448026617654255617	
1448002415362551815	
1447971652143304712	
1447763957209616387	
1447948090812641289	
1447967377723990017	
1447946323475501059	
1447973866194735109	
1447868811290439683	
1448009751820914693	
1448207630686580744	
1448090959443595264	
1448098664132460547	
1448404790950596611	
1448318402230198275	
1448325634799947777	
1448382733546364934	
1448372590301548544	
1448733624946339848	
1448757240966651907	
1448691926048333826	
1448755336849068036	
1448571783653703683	
1448597450013376513	
1448468603913838593	
1448468286266490881	
1448638670001491970	
1448779836512743426	
1448780273370472450	
1448780402202660865	
1448784970185682947	
1448584510862344192	
1448709740595400715	
1448757203368914958	
1448736781516644356	
1448736705490599941	
1448714836582486022	
1448674032128339970	
1448749199475019778	
1448757064029904898	
1448694081601908748	
1448698741624561676	
1448700232942899201	
1448704748127916040	
1448689520812175368	
1449075354056941569	
1449075241469239305	
1449075118932701192	
1449068694550859779	
1449141091727458311	
1449079410989092874	
1449132179292835844	
1449117476319531012	
1449075478023786498	
1449113676959600648	
1449062095304151041	
1448818305112838160	
1448823064087564289	
1448808340516003841	
1449007149041037327	
1448892508100956171	
1448886353073041409	
1448944236720652297	
1449107847585968130	
1449428251156303875	
1449193382505496580	
1449401635042693129	
1449412638950182916	
1449418543947255809	
1449422503604985857	
1449428338083307530	
1449428624248037381	
1449428554505150467	
1449505321702068228	
1449347203231719442	
1449401456096948230	
1449770319938560005	
1449775262317654018	
1449702984288514050	
1449822665485824002	
1449855642953469965	
1449777812458688515	
1449567088524382211	
1450158943511228416	
1450126675258322948	
1450138507029229573	
1450109884997849088	
1450036610188275712	
1450126130523082756	
1450207956042240004	
1450231959708393472	
1450172913500532738	
1450179501342838784	
1449928218148966405	
1450179091936817157	
1450179227475714054	
1450179347273420812	
1450179630552518656	
1450179566463504386	
1450179797347340290	
1450179845841899522	
1450179907296841728	
1450184018931195911	
1450179701012668416	
1450434907151364096	
1450317966415777792	
1450506492424163328	
1450515354942414850	
1450483124673122309	
1450285572916973569	
1450290606136201219	
1450582075694780416	
1450592901851975690	
1450542361302474754	
1450537457481666561	
1450543767795159041	
1450560328245338114	
1450553031230201864	
1450548969721978892	
1450552701012557830	
1450524336746598406	
1450878785918808064	
1450934440016891905	
1450949020050931713	
1450892123792973832	
1450899378072432647	
1450935639545888769	
1450938976806785031	
1450942450617536512	
1450620975112990720	
1450758690332569602	
1450874930267148290	
1450860340212862976	
1450815586645078017	
1450844778518679559	
1450844683496828935	
1450840461577388042	
1450828754490515461	
1450635715067346946	
1450848229965406214	
1450849832906678275	
1450866778809241606	
1450862481648365569	
1450862340740730889	
1450823394056826885	
1451285883945197569	
1451309311980867594	
1451220698387656704	
1451220513574039555	
1451181476188463105	
1451250870407114756	
1451250477065285634	
1451248318194008073	
1451235435435466757	
1451214646153826316	
1451225972951367695	
1451113685301141508	
1451120576026664962	
1451128140969832450	
1451005318280843273	
1451045831730073600	
1451657344094556173	
1451657278462038019	
1451657033258786826	
1451657117497270279	
1451681803098628104	
1451657201316139008	
1451657607148617736	
1451627989414842370	
1451601525663584259	
1451643488806789125	
1451596451688103937	
1451524989778337805	
1451543864116793355	
1451579582365278216	
1451580117172596743	
1451596676490219526	
1451367708151492612	
1451360154176274432	
1451441011473874949	
1451390279848632323	
1451755256912564224	
1451730096671367174	
1451820056631939075	
1451943431618580492	
1451822200009342986	
1451954625691664386	
1451970990536339456	
1451971114809368582	
1451881095096672256	
1451907145214009349	
1451951163906068485	
1452022983321550854	
1452036657776050177	
1451840820726874113	
1451783163861110788	
1452007318351187975	
1452333546727743488	
1452330153623920642	
1452328424664707088	
1452328826642575373	
1452141168595066882	
1452122219765633024	
1452084552227196928	
1452207844305027073	
1452174391777763337	
1452168345424257024	
1452100030412644353	
1452353548856053771	
1452375594541338625	
1452419996957626372	
1452288080057143301	
1452297939850829830	
1452322019467571212	
1452346731635609606	
1452548343599538176	
1452505198404915208	
1452705381709459459	
1452440764173062149	
1452704061694808070	
1452762193628483584	
1452449833646792705	
1452434242881818626	
1452659558548115464	
1452662042385584130	
1452678739628855304	
1452651166253387782	
1452555530220838913	
1452601295311761410	
