1308444923558072321	
1308448815142313984	
1308451721908281350	
1308678332347629568	
1308562977361072128	
1308657285783150593	
1308652315361062912	
1308575424574709760	
1308798252708438017	
1308607016823394304	
1308802773870415886	
1308809562863140871	
1308817294487740416	
1308799170430545927	
1308838020351774720	
1308913095134384132	
1308799515353374722	
1308707680110874627	
1308727813063823362	
1308596950527344641	
1308752981240606720	
1308768085445230592	
1308797993882136577	
1308954305181831169	
1308944238776905729	
1308941722714402816	
1308975745553838081	
1308936689037926405	
1308979473216405504	
1309024770600697861	
1309032739828629506	
1309034835860570112	
1309039869323350016	
1308976704891826176	
1309044902261653505	
1309133722365689857	
1309145573371424768	
1309120400199225349	
1309065035126317057	
1309090200849711104	
1309195701553893376	
1309276233826328576	
1309452588576681985	
1309285978238930944	
1309318004417597441	
1309317052281139200	
1309314368136335360	
1309629705335705600	
1309570304457543680	
1309569273841561601	
1309543410886475776	
1309542253938044938	
1309534955597373445	
1309533972150575104	
1309502920275025927	
1309482787687116802	
1309382124135305219	
1309318155487961088	
1309522011476185088	
1309296011823644674	
1309472721156354048	
1309984951740379138	
1309918321681338368	
1309883143864954881	
1309748908348719105	
1309700487839539201	
1309674051191873536	
1309656521098190848	
1309643851267792897	
1309669014671679488	
1309774711136702464	
1309689150266773505	
1309830076167589889	
1309794848224849921	
1309699213559648257	
1310011021201797120	
1310054659462017024	
1310031402474364929	
1310089307948945409	
1310071667897458689	
1310283703239741442	
1310261140228837377	
1310254156045848578	
1310245603511857152	
1310355239439134720	
1310245911382155265	
1310142133534244865	
1310225635915120642	
1310640695636570113	
1310720946131660800	
1310641748394348552	
1310640578237997057	
1310623970601955328	
1310715917135826946	
1310574984654356480	
1310372348558671872	
1310489855445540869	
1310484387272814592	
1310430279970861056	
1310439088877568000	
1310449155056136192	
1310459222480441349	
1310901117065207810	
1310912214342148101	
1310836710763360258	
1310731012905881603	
1310735114737872896	
1310743252509667328	
1310791412863172608	
1310811543005732866	
1310997358273081344	
1310990240400707586	
1311012240800260096	
1310975324742709248	
1310974775867715587	
1311083334068445185	
1311084106336231424	
1311015732063371265	
1310837042083921921	
1310988588897755137	
1311362937966166018	
1311316119093870598	
1311377045612638210	
1311165652908998656	
1311153800002981888	
1311228973582487552	
1311093403753439233	
1311094092718198784	
1311648827527454721	
1311632377613967360	
1311679455123832836	
1311711063260516358	
1311701666866114561	
1311696121836654594	
1311762491345600513	
1311543514782560256	
1311777777952215048	
1311780049927000071	
1311783918299996162	
1311561240691400704	
1311482585680281602	
1311501092010643456	
1311511152959070211	
1311571550940749825	
1311838941150994432	
1311828740754661378	
1311825659673468928	
1311825266323333120	
1311818176632483841	
1312034602308046849	
1312040083642490880	
1311853750005362689	
1311957004559085568	
1312031984047149058	
1312028015266676737	
1312026961393278976	
1312015936954589185	
1312009436215427072	
1312003683052212224	
1312001860769726465	
1311999741111103488	
1311997050167283712	
1311989303598342144	
1311976721353183234	
1311922791822704640	
1311916909760114688	
1311915235922440194	
1311904789123362816	
1311893059001483264	
1311925852804800517	
1311863776317067269	
1311954910011768832	
1312173266451132417	
1311973485552443392	
1312085024678830080	
1312087832417140736	
1312101981293436930	
1312125357944840192	
1312127980580163586	
1312139984535613440	
1312146285189709824	
1312160311021981696	
1312073012485685253	
1312139782676312064	
1312049738062147584	
1312075601830973442	
1312053748215287813	
1312060257615712258	
1312060565167263744	
1312061150633373696	
1312064406218518529	
1312049701659713537	
1312200657957339136	
1312200696578539522	
1312203101546274816	
1312211045587378176	
1312186440990613505	
1312229253602185218	
1312507356794646528	
1312518297083023360	
1312374800166211590	
1312351691803693057	
1312491808513875968	
1312338463530741761	
1312237717711855617	
1312311426296414208	
1312249982557122560	
1312261094489174017	
1312295522586173441	
1312304409087361031	
1312428837389639683	
1312433144591720449	
1312261138470465536	
1312442147518386176	
1312461965508268032	
1312433784348868608	
1312446040390291457	
1312838018470993924	
1312643614955073536	
1312688913434124289	
1312658714449580034	
1312627780249559045	
1312827578290503681	
1312815607302238211	
1312608382856110080	
1312864693309116416	
1312876872951361537	
1312814939581681664	
1312586503537618945	
1312555667874439168	
1312598316606087168	
1312865577984315393	
1312603350337282048	
1312890142059790336	
1312806956961345536	
1312674400878043137	
1312734212147929089	
1312792832269332483	
1313015537383829504	
1313016069255176192	
1313076467429904385	
1313003486271860737	
1312970948488753152	
1313060536347574272	
1313030254164803584	
1312965738295169024	
1312963405540544514	
1312914851702865921	
1312990903347245057	
1313096600009535488	
1313100860759572481	
1313209907416633344	
1313209799803310089	
1313189460754993158	
1313185058333876231	
1313183118803767298	
1313172862220546048	
1313164599848566784	
1313163652082683905	
1313142508185100288	
1313136865374068739	
1313086536406032385	
1312908508237496320	
1313234243745656833	
1313265292319977473	
1313262994596401152	
1313254597297831942	
1313251326093070337	
1313234209289445376	
1313517561011634176	
1313486265682194435	
1313482679007039489	
1313474280995385344	
1313521526541611008	
1313525919307436034	
1313622343571259392	
1313620048993542149	
1313619815916097540	
1313618155344990208	
1313608297065459712	
1313585710084042752	
1313558880400572416	
1313543771439718408	
1313536539029274628	
1313531943523360774	
1313443888435286018	
1313402347037417472	
1313388523353853952	
1313418728130908160	
1313413689328844800	
1313543279133233154	
1313335560946085889	
1313277793971568640	
1313307992859705344	
1313270502815723520	
1313875262162038785	
1313893315696308230	
1313881452040290304	
1313889827134279681	
1313894356521234432	
1313987470086868994	
1313974439470657537	
1313979772834320390	
1313980033439076352	
1313987638865477632	
1313870133035761664	
1313941268536360972	
1313851574649720832	
1313816180088397824	
1313786144065118208	
1313824461276102656	
1313725745483530245	
1313763195895468032	
1313766523052335104	
1313690661728653312	
1313632900760231937	
1313632748863549440	
1314012636141424643	
1313996753281007616	
1313993487801442304	
1314277912951107586	
1314279325408124929	
1314321405979381769	
1314332950255804417	
1314353901622108165	
1314275785805574144	
1314206155783041025	
1314251731082108931	
1314270619899486211	
1314108265916231681	
1314078067082498049	
1314128401133756417	
1314272298631823362	
1313992505495564290	
1314047867993100289	
1314037806386221058	
1314587345887297541	
1314593553268592640	
1314510919368495105	
1314566983577300993	
1314635074080509960	
1314385090613514242	
1314621254029193222	
1314624854885359616	
1314635423336017920	
1314661428238979072	
1314676412650053632	
1314390123220471809	
1314366826881531904	
1314607130041872384	
1314605691949273089	
1314439768906723328	
1314440454935642112	
1314479369998401536	
1314920950077349890	
1314857978885857285	
1314848141196304386	
1314900989502132224	
1314767610836262913	
1315075437966454784	
1314952651159801858	
1314956517456711681	
1315064572542365696	
1314742444756471809	
1314733008809721856	
1314728970877771778	
1314965583725821954	
1314986857705476096	
1314990112187527168	
1314992347562868737	
1315053486590042112	
1315055422940815367	
1314994902992859138	
1315145098192060417	
1315104832634589185	
1315094768855121921	
1315307534777946112	
1315089733056376833	
1315306630599245824	
1315143633910153217	
1315140065362763777	
1315436992755245057	
1315427249596887040	
1315424679566487554	
1315411232216829955	
1315404661722173446	
1315396482724397056	
1315393597785755650	
1315327884110819329	
1315127481964343296	
1315181016269484032	
1315260865860444161	
1315083243071311873	
1315195429630472192	
1315619823452213254	
1315619968814178310	
1315609192833540096	
1315542718135914502	
1315588016514183168	
1315667275358244867	
1315730106988535810	
1315744048682942465	
1315760422516072448	
1315766026752143365	
1315725235904221194	
1315723413059756034	
1315677938260508674	
1315678078996303872	
1315678614117965824	
1315780777641209856	
1315482319948525570	
1315679847658774528	
1315680390166777856	
1315684118466899968	
1315701491630571521	
1315719696260444162	
1315526280012427265	
1315542661135249411	
1315794497146560512	
1315442834447638528	
1315461688158638081	
1316028631076884482	
1316046307224629248	
1316046005515804672	
1315994137150148610	
1316015840240730112	
1316019621758083072	
1316021426835451905	
1316045573942841344	
1315896420059152385	
1315897332542525441	
1315809475912056832	
1315821884391399425	
1315824575264043014	
1315831932408659968	
1315834115703205890	
1315839675362349057	
1316046598875602954	
1316116786694230017	
1316154936183447554	
1316120906754908172	
1315920205382668288	
1315940344559628288	
1316065460945850370	
1315944387336048645	
1315955067879526407	
1315945371256799234	
1316471796112261120	
1316432330253389824	
1316449019594502147	
1316446633547239428	
1316434625393242112	
1316431073237106689	
1316450645075951616	
1316412711928987648	
1316409275783294987	
1316423528325865473	
1316176344028344321	
1316417245124362241	
1316415974707392513	
1316393332193529857	
1316507938601816065	
1316511675705692161	
1316527070797725696	
1316197030855761920	
1316211799956418560	
1316362512942596100	
1316350203763384320	
1316358090682363904	
1316365361424420865	
1316369140802674689	
1316235470901186560	
1316263597585047553	
1316675898779688961	
1316628124075921408	
1316639947856711681	
1316644981138956289	
1316645380428165121	
1316650019630379008	
1316665641324011522	
1316670147004780545	
1316755711108411392	
1316786137504022531	
1316882770250010625	
1316806558521663489	
1316803118521372672	
1316818566566600704	
1316830794833420290	
1316776482388279297	
1316581792799883264	
1316565707551723521	
1316604716940357632	
1316534251576328198	
1316538070397677569	
1317027501835628544	
1317047634285129729	
1317052667504422917	
1317072809202429952	
1317179499436478466	
1317197496142254081	
1317221474789371906	
1317221574194401282	
1317234391710683137	
1317243927930568704	
1317165724285259780	
1317164423572787200	
1317111260350050310	
1317118099800326144	
1317125626734718976	
1317130086852775937	
1317134637861306368	
1317138076104380416	
1317140964163584000	
1317152137231609857	
1317125375571513345	
1316968601442750469	
1317008173891428357	
1316959172597063681	
1316953067313651713	
1316892538771447808	
1316900222857953280	
1316936758735609858	
1316930203763945472	
1316926838455689216	
1317264060400857088	
1317274126873063424	
1317541206084247553	
1317519564872294401	
1317503955405017089	
1317510884940460032	
1317513288951934978	
1317518459681542149	
1317526519330279430	
1317299294160891906	
1317531826597056513	
1317501540270211073	
1317304325702639616	
1317373785700327425	
1317535533371883520	
1317359693304635392	
1317364723533438977	
1317347107531935745	
1317574588553986049	
1317352140944400385	
1317601283667333126	
1317496844549787648	
1317394922765381633	
1317410022599532544	
1317435194052206593	
1317442998544650240	
1317599340974714880	
1317456964792692737	
1317473487729029120	
1317489223021305856	
1317492574182133760	
1317496232944730112	
1317857144998342658	
1317621156887760896	
1317927006399582210	
1317930245048160256	
1317945472330403840	
1317952714316316672	
1317963673974067203	
1317973834344009728	
1317923830531325953	
1317797578960850950	
1317867137009131526	
1317714537982820360	
1317893918055333893	
1317712011904548864	
1317916064513216512	
1317907469314740225	
1317904304703983616	
1317876171246358529	
1317858921688825856	
1317894063287377920	
1317837841133674499	
1317694066885156865	
1317701531441885185	
1317646582267875328	
1317637323056586753	
1317701945709236225	
1318250754650574848	
1318317550594330630	
1318297232223969280	
1318297185335861250	
1318294780707823617	
1318293942866223104	
1318004634670166018	
1317979571958947840	
1318249136588718082	
1318160082668904449	
1318129688888307713	
1318112726862815233	
1318106339055292418	
1318144392591364100	
1318233534901923840	
1318229152324067334	
1317979809490726912	
1318228179446882304	
1318212213900038144	
1318207695497826306	
1318080718962970626	
1318079433081802758	
1318243767556726786	
1318477057727197185	
1318456264439967746	
1318591852556201984	
1318475550160113664	
1318447035196993536	
1318449339513987073	
1318590320267976706	
1318599680075419648	
1318469505421627394	
1318590131872423939	
1318576430645727235	
1318577784114024448	
1318540132794855425	
1318503107773394944	
1318658361055993857	
1318619853159387137	
1318349775213711360	
1318599067409260544	
1318386458747547648	
1318352622726737922	
1318973611907178497	
1318879706431836160	
1318872527922290688	
1318869646003429376	
1318801156739530754	
1318836389987799041	
1318985841964945410	
1318992559952330755	
1318707480046706688	
1319041849840062464	
1319065837282549765	
1318744034265853954	
1318738208046264323	
1318949274873438208	
1318986050308624385	
1318941772018536449	
1318766327960489984	
1318926263172632576	
1318779362611585024	
1319377349570400276	
1319325601535242247	
1319356764152881153	
1319282360718774276	
1319276045816655872	
1319308007742853121	
1319314936007360514	
1319331254383366145	
1319161563434156032	
1319232033541980160	
1319196795650539520	
1319388743803994116	
1319427556831997953	
1319337766874943490	
1319107121510662145	
1319535534415360001	
1319712016068730888	
1319704943847215105	
1319698001363980288	
1319680840176119808	
1319664919114113028	
1319544084197855232	
1319745389466177538	
1319665096432418816	
1319753271830024192	
1319432149187981312	
1319455525994557440	
1319482212694175744	
1319509928319410176	
1319771395203780610	
1319771259333414917	
1320042205629829122	
1320037285174403073	
1320032209827483648	
1320045737686765568	
1319891887457587201	
1319916538200268800	
1319896408997220353	
1319849073474629632	
1320052689837953025	
1320138466764738561	
1319920074375884801	
1320076599874801666	
1319931637883232256	
1320030791016087553	
1319800775455825920	
1319824572095422464	
1319999878274052097	
1319797617258188800	
1319921571465756672	
1319790710996914176	
1320332861388455938	
1320338251668877313	
1320309911641747456	
1320300787805810689	
1320277471510474753	
1320234225119809536	
1320249897296166913	
1320401504381988865	
1320438206047858688	
1320392423374262272	
1320394308718108674	
1320393972993413120	
1320389655720853510	
1320384622899855361	
1320430135804366848	
1320380738328424453	
1320367304698327040	
1320500190877536257	
1320491952425607169	
1320479754898837506	
1320462819918286848	
1320451447230734337	
1320374554099806210	
1320183297486434306	
1320177859877482496	
1320163828571668480	
1320173435775975426	
1320200609086095362	
1320872839487066112	
1320633725827215360	
1320645748866707456	
1320656413463465985	
1320525551174590464	
1320529007872335872	
1320570849657716739	
1320585949047189504	
1320596015284736000	
1320782858986885123	
1320790822338629632	
1320798727586668544	
1320836519817629699	
1320845580558622720	
1320861748166037509	
1320862773706919938	
1320690412013547521	
1320694285973385217	
1320727960857374721	
1320760030010970115	
1320754232891494403	
1320750305169035266	
1321039235462262784	
1321063341679230977	
1321163858803859457	
1321162379418390533	
1321202512121061376	
1321162232189865985	
1320999159751569408	
1321109398643683331	
1320889743987462144	
1321137304329703424	
1321223917558763522	
1321386222321807361	
1321500951769960450	
1321477770153807873	
1321532854946484225	
1321320791200337921	
1321286241141334016	
1321561291773923331	
1321252258093264898	
1321260393348562944	
1321369158089469952	
1321371123003445248	
1321372790293889025	
1321477425302327297	
1321477138583818240	
1321436562618396673	
1321433310434766849	
1321426487652814849	
1321421457063178241	
1321387830476566529	
1321925572415623168	
1321944955405950979	
1321944891069550598	
1321934384224739340	
1321838730341212163	
1321838898641805312	
1321839061338935297	
1321816939031752705	
1321753646187556864	
1321763709946007552	
1321778809184669696	
1321784958273294336	
1321838534957830144	
1321701541879767042	
1321849752573673473	
1321612472004956160	
1321714873827381248	
1321662579496738817	
1321622781293858817	
1321995237909147649	
1321979952711913472	
1321967034524069888	
1322022446069788672	
1322080799009599488	
1322050599945461761	
1322038709001179136	
1322035500698411008	
1322206384746864641	
1322198374527967235	
1322211398013886465	
1322213514245791752	
1322215653428908035	
1322221566231519232	
1322222565528580097	
1322223749018640385	
1322182906186403840	
1322142563306889217	
1322151752724963331	
1322265906370719744	
1322261798872059905	
1322201977191866368	
1322204111622807552	
1322273654193950723	
1322345722184781824	
1322347557087948802	
1322338343477108736	
1322513676092407808	
1322332457497223169	
1322493521773752320	
1322488485492609027	
1322473427207254017	
1322445056515612672	
1322498551822327812	
1322514882764316673	
1322622314622656512	
1322596153444225024	
1322599254741929989	
1322397888337580032	
1322428087385100289	
1322412987953553408	
1322594436438757377	
1322575212009951233	
1322573851465842690	
1322555265397354500	
1322567889115844608	
1322439022417858561	
1322922428532707328	
1322922154908897282	
1322955940921004034	
1322913150031704066	
1322946970655358978	
1322963156310904845	
1323002908355514368	
1323017241424789519	
1322923698555219969	
1322835773771665408	
1323005665284075521	
1322997428161810438	
1322980747490320389	
1323044727151755271	
1322745176746582017	
1322725140405256193	
1322700019279908864	
1323040322356678658	
1322971202919538690	
1322774016151580674	
1322771915237257216	
1322812512601952256	
1322857484042731521	
1322694923380948993	
1323021235459182592	
1322873013201641477	
1322740088237776901	
1322991796239110144	
1323077365652619264	
1323058830654103552	
1323087431894245377	
1323057232951435265	
1323231545507811328	
1323218298679386112	
1323285270222016513	
1323290108464869383	
1323290833047769089	
1323287582046887936	
1323178028973764608	
1323332438941196289	
1323371223531900928	
1323295860927717382	
1323304631712260096	
1323302358894477319	
1323301743413858304	
1323299772418195456	
1323151178209783811	
1323148609995464704	
1323258137529315329	
1323365023385792516	
1323333360098357252	
1323434720504422402	
1323425519308742657	
1323432655120027649	
1323417242831261698	
1323454853092311040	
1323616086365884420	
1323712845276729345	
1323691279914569728	
1323535384458915841	
1323695406459609091	
1324122658183794690	
1324063607294992385	
1324042142109569038	
1323917904325287938	
1323857506142097409	
1323892738341761024	
1324058120629506051	
1323811458535182337	
1323791387591012353	
1324001612654768129	
1323902804856053760	
1324037526651285504	
1324418146820935683	
1324447746150047746	
1324414722628866049	
1324160605507387392	
1324399186259939329	
1324377658889830400	
1324373222884859904	
1324370037646323717	
1324382013718233088	
1324257963842789377	
1324142601751048195	
1324147277896667138	
1324354602955755520	
1324377455285751809	
1324373779166957571	
1324199763080814593	
1324281661031239680	
1324496718323470337	
1324298494207688704	
1324305237675438080	
1324308346996887553	
1324320871536758784	
1324338784289218561	
1324351240843612167	
1324286950165999616	
1324735172043022343	
1324736420133675015	
1324507539598417922	
1324511817582956546	
1324521584405614597	
1324780354587267074	
1324771961596268545	
1324762895096422405	
1324752599107751942	
1324752247662792711	
1324747796432519168	
1324647713078571009	
1324657779584323584	
1324682945945284609	
1324536983478169604	
1324549490095792128	
1324581830796849152	
1324597381388787714	
1324784111286890497	
1325223495719026688	
1325217678248718336	
1325155474707152897	
1325142177060675585	
1325050200512061440	
1325031599688200194	
1325126839266914304	
1324947493537210368	
1325111819757907970	
1325108806083342341	
1325108441032093697	
1324904920248578051	
1324879128852529153	
1324919504015519744	
1324927966548172800	
1325491412557819911	
1325485431945916418	
1325266792353181696	
1325480497208844290	
1325478524535377921	
1325291030845878273	
1325507335306010625	
1325256284933775363	
1325509985367941121	
1325232001603891202	
1325578848629559302	
1325574069538975752	
1325433550536024065	
1325380131829870592	
1325466082304548866	
1325826315094724608	
1325831752905060354	
1325830179147702273	
1325829866596478982	
1325822191074639872	
1325821587396890625	
1325816968931274752	
1325810374239678464	
1325832877129560070	
1325809521369833473	
1325834470528856068	
1325841015148847105	
