1383487021985910789	
1383555749872214024	
1383208591587348482	
1383890595425382409	
1383894929269608470	
1383757326566363139	
1383767273559805952	
1383737075078336516	
1383641126863728641	
1383851591564816397	
1383606205738745856	
1383799350409580549	
1383820410051993611	
1383843714074742789	
1384165639447744520	
1384282264419258368	
1384282172845039616	
1384279354620858377	
1384279072566517763	
1384278844434128910	
1384179550033113089	
1384278616138080256	
1384273754570641411	
1384198208184733696	
1384136132934258688	
1384278721264185356	
1383996719663255553	
1384129657205792775	
1383985083812442119	
1383986209488134146	
1383987467854901258	
1383993759529017344	
1384144768792363008	
1384068373701480451	
1384053818120306696	
1384044090774507520	
1384069259286835207	
1384023959130099712	
1384028991451844611	
1384031508470517767	
1384162538720358408	
1384049123964252165	
1384282346136891401	
1383943790759534596	
1384522244240678915	
1384515393499271174	
1384481977034674179	
1384515279942676486	
1384441711321968640	
1384535274621915136	
1384571810084265997	
1384567126355324931	
1384537644613390339	
1384582874934939651	
1384365017940652035	
1384592575303147520	
1384383523126079489	
1384326028080803841	
1384859463736246275	
1384891368565268482	
1384804723832676356	
1384934947652313088	
1384954984446537730	
1384955078935724033	
1384900434033319940	
1384897712349401090	
1384869535967158274	
1384703438492033024	
1384758800196857859	
1384764380579909632	
1384765537004126213	
1384727454657355776	
1384770275477131268	
1384665263270887431	
1385206752224894981	
1385200961497419780	
1385279569033302022	
1385288598589685760	
1385302809193631744	
1385319377520693251	
1385325140427300864	
1385291116224864256	
1385377216867885056	
1385369240627208194	
1385221851966803969	
1385139641909616641	
1385151236580671489	
1385156427979788289	
1385065829449019392	
1385086170200039429	
1385171938662707200	
1385257441273827336	
1385050729455308801	
1385532763248287750	
1385543973998145537	
1385559073785978884	
1385568381642833920	
1385423177963163649	
1385413113810284550	
1385415416369930247	
1385425828767404032	
1385451310112141312	
1385698993250914304	
1385699040487256071	
1385730353051095044	
1385741526072848392	
1385632374772355072	
1385648563145805824	
1385653624085303303	
1385508742163091457	
1385501004460822529	
1385686976511238145	
1385493642383663104	
1385628355618385925	
1386069917213106183	
1386069968618414080	
1386022560652042250	
1385757912073576450	
1385765433437941766	
1385768789011091458	
1385793802841911298	
1385809331170410496	
1385813777484894209	
1386001675270475777	
1385821898353758209	
1386001794640265217	
1386013474518716417	
1386012856739639296	
1386028670377152521	
1386036395974692865	
1386041037643202566	
1386042789234892809	
1386343326190817281	
1386343821408145408	
1386325547668557827	
1386372133878697985	
1386368695476396038	
1386356873901879303	
1386353170583011330	
1386391277462228993	
1386210868292063232	
1386242048714362881	
1386238550828478464	
1386212721662644226	
1386223451141287939	
1386127821068701701	
1386117116584030209	
1386109177177600006	
1386248617413922817	
1386253650268405762	
1386293915980951552	
1386158372626464769	
1386245565525020672	
1386194510925889537	
1386445126671740930	
1386538477186031626	
1386706635058388995	
1386708665865052173	
1386721138584301574	
1386731428189179905	
1386748689578876936	
1386747548178726919	
1386696571379613708	
1386629630203883523	
1386676436182859780	
1386651277250023432	
1386745974220115970	
1386522924828479502	
1386611005086568450	
1386496701544894465	
1386485178168578049	
1386484919539437571	
1386477626043240448	
1386545576766971907	
1386614182053703681	
1386600621466284033	
1386570739524898819	
1386565706549014528	
1386752839595266049	
1386681907098767360	
1386500275201052676	
1386682600060637189	
1386689020575449093	
1386813353763483650	
1386778866186870784	
1386778032468373504	
1386777723410993165	
1386867696546025482	
1386833760847466497	
1387006109492432897	
1386840825930260480	
1386847566420234243	
1386870214063652868	
1387172991805579264	
1387079735881175044	
1387092317845303298	
1387007189621952520	
1386923063321632768	
1386901391638110210	
1386892865389744137	
1386886460570181636	
1386877767657005057	
1387033790988570625	
1386953260381007877	
1387003591957884928	
1386963289637232640	
1386965843020554243	
1386978426108751876	
1386987773375115267	
1386988492790673408	
1387043858626711560	
1387506005387448324	
1387549691768754177	
1387515958231711745	
1387391155394936841	
1387417751984037888	
1387326672462966785	
1387434178749345794	
1387240155120029698	
1387210098225778691	
1387260283190595585	
1387265316514766848	
1387267520386592769	
1387271649062313984	
1387275382655758336	
1387386604046610432	
1387406252075016197	
1387499134316318722	
1387489675208757249	
1387499050015002629	
1387225053142601730	
1387477500553486341	
1387753537677926400	
1387747833961349121	
1387731532001906689	
1387698168784068609	
1387673002674769924	
1387632740175007748	
1387659161714905090	
1387562273116356608	
1387565563078008832	
1387572345129349122	
1387650353529827330	
1387918974634008576	
1387776183291596807	
1387882289883910144	
1387882213409239041	
1387882096358744065	
1387900336564850689	
1387882381332389891	
1387901948372951042	
1387622671035387908	
1387630644314836997	
1387595025333186561	
1387606191010762753	
1387824371864059907	
1387582116263710721	
1387820736547598343	
1387823026465648643	
1388214341107798017	
1388277015279661056	
1388276982555680771	
1388263755381936132	
1388242301915471872	
1388233120395272192	
1388229413234413569	
1388229298763468801	
1387957378356850691	
1388170575365955591	
1388174937995743237	
1388177665920835585	
1388180784222294017	
1388119593193852928	
1388150826766643202	
1388155346758275073	
1388159767747698692	
1388164272392482827	
1388164428152070146	
1387961221228359684	
1387976086126874625	
1387990493393350658	
1387992629611094020	
1388023343085809665	
1388035964673556480	
1388042940426055681	
1388205306237313028	
1388205982011084802	
1388198267587006466	
1388185293833084934	
1388201111039979529	
1387939760665096195	
1388105855170605056	
1388091327032664066	
1388295558960345090	
1388453143734734849	
1388332347410452482	
1388387717298466816	
1388547166520713220	
1388548014353027075	
1388341847097892867	
1388387574142541828	
1388489633890177029	
1388641158105022464	
1388571718160105480	
1388362546386595844	
1388571255838806016	
1388521890956861440	
1388524522077310984	
1388526286583341061	
1388537599401283588	
1388571606306508808	
1388530526299033601	
1388921985477095426	
1388909905441181701	
1388892232728600580	
1388763604699074707	
1389005424859312128	
1388995229873840130	
1388979276779819008	
1388932049197682688	
1388785332464750592	
1388760166234038272	
1388740033650122753	
1388799861869322247	
1388855804673990658	
1388835663684923395	
1388810499647807494	
1388704802054590473	
1388926786046681090	
1388708004619374592	
1389318170603933703	
1389284675059847176	
1389275128387842053	
1389255168592687107	
1389367723541483520	
1389347199532904451	
1389347133850009603	
1389332449939935242	
1389332283652509707	
1389318524741509120	
1389259387785682947	
1389176486591037441	
1389170145147322371	
1389238317074436100	
1389229476563746818	
1389228250564599817	
1389234744840265730	
1389182952211312644	
1389319745640583173	
1389208118555398146	
1389100951366029312	
1389097390456508421	
1389112490613776387	
1389053737100972033	
1389029334120239112	
1389215970040983552	
1389686904837361664	
1389668441615962118	
1389667868246151169	
1389655708745052160	
1389630904902066176	
1389687336452112386	
1389689447407628293	
1389530981040750594	
1389612745495130113	
1389611065651208194	
1389590638849581059	
1389689005852217344	
1389626629979262985	
1389422028785131522	
1389406725514555392	
1389369183188791297	
1389431912758865921	
1389825148165890051	
1389836198483427333	
1389837265019359239	
1389842297039249413	
1389851492111159300	
1389923477994434562	
1389887595618787330	
1390005799586570240	
1389967645118803971	
1389953026778189825	
1390093301244567553	
1390059767830306817	
1390026509772066820	
1389951614295830529	
1389948956419903495	
1389911350206504963	
1389892628662128640	
1389902695461310468	
1389865782604009472	
1390070770764767235	
1389739471730470915	
1390070859914780672	
1389802031641243650	
1389801312078860290	
1390350905636163594	
1390278369330089984	
1390273112738914306	
1390351060016013315	
1390390118343643138	
1390353077035733001	
1390373019084894214	
1390358128911429634	
1390373022721355780	
1390390203341234181	
1390390516194451460	
1390295282013806595	
1390302863889354759	
1390116605384876038	
1390390648394690560	
1390147024981397509	
1390152782343147520	
1390151326709870595	
1390099113476190210	
1390194618298417155	
1390187068551163905	
1390303480464564226	
1390327579752550401	
1390521774073208833	
1390516795421773827	
1390539810821971968	
1390815971204505600	
1390811182039244805	
1390789193295663105	
1390462293889097730	
1390463894012010497	
1390469202608201733	
1390708788634734597	
1390695566578003975	
1390697332971278336	
1390694018623983621	
1390693667145400321	
1390692639775891460	
1390692425878937601	
1390690855766396930	
1390690519215484929	
1390737514042994694	
1390689457247035397	
1390687312619745288	
1390682842586390539	
1390592736634445825	
1390583492178706436	
1390719078042685440	
1390580475903676419	
1390642009157763077	
1390657670005223429	
1390667749202939915	
1390671961559232514	
1390679793406935041	
1390557006138789899	
1390623828385042435	
1391153375018897412	
1390962769738952704	
1391153142667128838	
1391122629378072576	
1391126946478690312	
1391144233113903105	
1391121102752079872	
1390972872017924096	
1390934493490413568	
1391176180091396102	
1390974000616984576	
1391091182676160513	
1391030126318690308	
1391013095678435329	
1390926967243907079	
1390889195007365120	
1390875945402130441	
1390833836389507072	
1390904294648389638	
1391091051667075081	
1391520670748712962	
1391459131404455941	
1391446756462891016	
1391446566368579589	
1391464688991576066	
1391512511007051782	
1391433035858550788	
1391425177515331585	
1391424788325875712	
1391402578043412481	
1391360740863348739	
1391362318848598021	
1391382445426188290	
1391227884056965121	
1391266682383912965	
1391319576701411330	
1391317016204693504	
1391296881263882244	
1391246177840947204	
1391723442529988608	
1391741158934548483	
1391731190713884672	
1391689468252467200	
1391722784066195458	
1391864854504423429	
1391857916177702918	
1391837773422899202	
1391551056056918022	
1391854194169155585	
1391838492435652609	
1391840680360783873	
1391838295341080576	
1391898344532893699	
1391819074326437893	
1391809583375687683	
1391641653337894913	
1391619725071765506	
1391656752874196992	
1391581255016361986	
1391838064285298688	
1392142453075894272	
1392137419940634625	
1392127353761894406	
1392125423115399168	
1392092121457324037	
1392139937731039237	
1392079227776749573	
1391976358629105667	
1391965922793910273	
1391912992359403522	
1391966292748423172	
1391951196554944514	
1391943643649413127	
1392027662961369090	
1392077804376760321	
1392267298908426244	
1392254105616363523	
1392253185884975106	
1392241858064130051	
1392209633784340481	
1392439409891446788	
1392409210772770817	
1392382518200913922	
1392381731085320195	
1392345467271344130	
1392449481820540929	
1392333575182110721	
1392530295069478917	
1392318613953007617	
1392563115250884611	
1392276443137134592	
1392268285085995008	
1392274553238212610	
1392494783432577024	
1392964273937260544	
1392962002344099843	
1392958535928107013	
1392950203267825667	
1392721267267043328	
1392766573568430083	
1392874133671796736	
1392924248105263105	
1392917217566724101	
1392916046915440643	
1392915806032470019	
1392741399825629184	
1392936286034571267	
1392698617941614598	
1392689732715376641	
1392668419976310785	
1392660870816145409	
1392653319756075008	
1392646640800997376	
1392638220706271233	
1392746432717860867	
1392819621820977158	
1392783092855631877	
1392753982603333635	
1393234451296030721	
1393234085003280384	
1393233938169188356	
1393219556760559617	
1393178811823312897	
1393196902099849216	
1393018223675781122	
1393233826105671682	
1393235590217412614	
1393201602685636608	
1393044524910333953	
1393056035183632384	
1393256180139663361	
1393093721432887297	
1393290975473197066	
1393286484006952966	
1393269861141389317	
1393113853785899008	
1393295757608902658	
1393335773609484289	
1393328111438245891	
1393327392765194245	
1393324688114343940	
1393064780554985472	
1393317658637086729	
1393315629017489411	
1393315501900800000	
1393154119205105667	
1393139020000075776	
1393174011736035328	
1393174254145851396	
1393098974500851718	
1393097638191374342	
1393317649350897668	
1393582145646448641	
1393363098656919553	
1393592802743832578	
1393653992350158852	
1393599773303836673	
1393646668315348993	
1393689851917176842	
1393662583211794440	
1393662694176268292	
1393671467011878919	
1393498893535440899	
1393653492401807366	
1393420654720946180	
1393536641701138434	
1393541672894570499	
1393613120686395392	
1393623892644835341	
1393628249108926469	
1393642367178117123	
1393410810576211971	
1393702489178972160	
1393789106061148163	
1393814113969606659	
1393936777660944385	
1393981330845704196	
1393919160451846145	
1393892215282298887	
1393924193692135436	
1393940709615357953	
1393933918512975873	
1393743817669439490	
1393788297923596291	
1393852365527142406	
1394286581427671040	
1394276520026382341	
1394423003103047680	
1394306716762841094	
1394334361361731598	
1394369315676336131	
1394376702047014919	
1394340805406601220	
1394271481811521542	
1394150685805973506	
1394224503845122051	
1394197078843088896	
1394175801533239296	
1394188408545701891	
1394244879765499907	
1394089192238456832	
1394108227369926658	
1394550180628766722	
1394556287153627136	
1394765439465623553	
1394573471624093698	
1394764024433332230	
1394799964149084164	
1394794931043045379	
1394769174279475204	
1394768234335936514	
1394764818259795970	
1394763992808235008	
1394748742172135424	
1394748336155021314	
1394726674525208579	
1394748395026272262	
1394583538050031616	
1394499658987106304	
1394513073604550659	
1394518107889311760	
1394669073535959041	
1394681220835991552	
1394663907206131715	
1394624055462961152	
1394650917878726656	
1394632779288039424	
1394534125940346884	
1394448321247252482	
1395026456883843075	
1395050390102683649	
1394976124833251336	
1394971100619022337	
1395034154333478915	
1395055599663173638	
1395081144647962632	
1395068655701053441	
1395092043555168257	
1395062324176769024	
1394835198022324225	
1394861526180265986	
1394850318932979712	
1394905660597301248	
1394961025565220868	
1394907298242473986	
1394840229622681609	
1394872113647939585	
1394813559196901376	
1394806121303461888	
1395138293248020482	
1395149591880810502	
1395066382195245056	
1395143395853623310	
1394887312731828225	
1395146928984297474	
1395089258130595842	
1395120988942225415	
1395089328435605506	
1395386328469049347	
1395187186341867520	
1395301995964035074	
1395302015647977476	
1395498486590844930	
1395315711019339777	
1395479565863112706	
1395463790989357058	
1395473617559904256	
1395317826102071301	
1395443977856462850	
1395463262305726472	
1395463460885078017	
1395463559111380996	
1395463913131610116	
1395403327626792960	
1395414416515084294	
1395420038069309440	
1395424209736814595	
1395428248142684161	
1395341031055314944	
1395278114683506690	
1395516244002938885	
1395346488260063235	
1395510460858912774	
1395202617354059776	
1395240845834551299	
1395273575356002304	
1395263655961186304	
1395688318642188292	
1395605271754551297	
1395721823409512451	
1395722755543232512	
1395600232608534528	
1395602157127168003	
1395655602114760704	
1395633080199565315	
1395763610987548673	
1395843178994049026	
1395843026593984515	
1395843097712549889	
1395860523103793152	
1395843503591198720	
1395843422926278657	
1395843345738522625	
1395815583736864769	
1395793050358718466	
1395805981980905476	
1395767773343608835	
1395777435728293889	
1395538444865064963	
1395539366349479937	
1395767662760710146	
1395738767776878596	
1396152864565776384	
1396127703078670343	
1396092293015248905	
1396161013259677696	
1396246998903402502	
1396208889755017226	
1396210953482604545	
1396198258985349121	
1396157502836858881	
1396221304626421766	
1396191277679587337	
1396171071544602627	
1395924257046106113	
1395898932517953539	
1395914811003707392	
1395924310578012161	
1396020506445303811	
1396005407932383234	
1396533222322982919	
1396262273103003648	
1396326807201140750	
1396375348451807235	
1396368881892036609	
1396420647404937218	
1396623317822439433	
1396944571049943046	
1396935696485654541	
1396931612705710082	
1396722615641800709	
1396675982182871041	
1396976031697833987	
1396772964704473093	
1396714302103375874	
1396771357963083779	
1396727666196324357	
1396765865891172356	
1396765414982447106	
1396747798922502144	
1396735445841584131	
1396732699264520201	
1396886189144170496	
1396922459077713920	
1396875303042027520	
1396870457366917121	
1396809762872848389	
1396840912437878785	
1396830729242218502	
1396820781686874113	
1396767932357693440	
1396967124447399938	
1397312218006446086	
1397288908640112649	
1397333125810716675	
1397266835851169793	
1397260176797884419	
1397251762751524864	
1397244095920230406	
1397055910283862018	
1396979327477112833	
1396984494104530949	
1397001974491406338	
1397053377599528963	
1397155485237661705	
1397195751437082638	
1397226170677178380	
1397231808333365249	
1397092570547822594	
1397107672361717764	
1397200970451456000	
1397656576249446402	
1397674763808612355	
1397656730100801540	
1397656812934021121	
1397676195131559936	
1397676258063011845	
1397656495425208325	
1397553108360781826	
1397656655832231950	
1397548072205524995	
1397606356920713226	
1397586481364054021	
1397586613031555076	
1397531457644482562	
1397630860271226881	
1397631145798475777	
1397632748358180874	
1397636965449801732	
1397462513403498500	
1397347697162539010	
1397390515562106885	
1397388786456096773	
1397457475155095553	
1397449925290455040	
1397413555087937537	
1397460061216075776	
1397996653832028162	
1397923042903343104	
1397890327852298241	
1397938693353189385	
1397867617331728391	
1397858698886713345	
1398000035724468226	
1397990101024755725	
1398015163752714248	
1397771125518585861	
1398029384309784577	
1398029734655758337	
1398029821515550722	
1398030254044811264	
1398035547818545159	
1398030671021551622	
1398024386368712705	
1398029496784195593	
1398029635443699717	
1397967123364917249	
1397967254566977538	
1397970339724943362	
1397978178526797831	
1397825344187469827	
1397776739967770626	
1397735354069700611	
1397765732251803654	
1397765452403646466	
1397745188018085894	
1397734303178452995	
1397708806553956352	
1397803529704673282	
1398351799749419016	
1398337393703411712	
1398406143530176512	
1398407237039702020	
1398066488997777409	
1398409275295375364	
1398382846474166274	
1398384219659853828	
1398318834013151232	
1398153709054357512	
1398164636835336193	
1398408563106758661	
1398089137668825089	
1398134549524094984	
1398217845973012482	
1398287044216901642	
1398290614320386056	
1398308904359055363	
1398219059372597249	
1398232585738678272	
1398240134496100354	
1398245474931339264	
1398261007319924745	
1398314699498852360	
1398584904120561669	
1398589937264431108	
1398694731245305860	
1398640269143142402	
1398686458333048836	
1398600003589791746	
1398594974522937344	
1398682072986886148	
1398678739970560002	
1398678597817282564	
1398617621969334278	
1398557968409370626	
1398554704993390592	
1398564771331457024	
1398544638626070529	
1398678317360898049	
1398674476682862594	
1398534140916506624	
1398443978874245123	
1398479207517278214	
1398496824588111878	
1398524505996201984	
1398533925656354817	
1398442616060977156	
1398503976568463360	
1399078164194861056	
1399114849637048325	
1399133961641771009	
1399141478367215628	
1399067696843612161	
1398887858107162626	
1398927162233831428	
1398914267991003138	
1398922315497357312	
1398930401440141314	
1399051280794980355	
1399036237000941569	
1398987562279079936	
1398984030935076866	
1399029121787760641	
1398865482027917315	
1398831529107750914	
1398803846726447107	
1399255573225521153	
1399215436982407168	
1399158993742827523	
1399202725112553472	
1399244253574963200	
1399383092691980289	
1399439040890478594	
1399469614824890370	
1399487084633767943	
1399500410356965380	
1399505804684709888	
1399365050800947208	
1399260155213062144	
1399299412036186115	
1399284513914593286	
1399263976278482946	
1399259793689251844	
1399334845965242369	
1399392019286536194	
1399396893021585408	
1399716198191833088	
1399572675048079362	
1399808183275819008	
1399808062970601472	
1399806529516285953	
1399792228143349767	
1399782214674661383	
1399674725350084613	
1399576689642917894	
1399644229484244992	
1399561344072908800	
1399531142441668609	
1399529788033814531	
1399591048934924290	
1399667356595417088	
1399660474392743943	
1399654576656044035	
1399614187416915971	
1399614186087452673	
1399735911991058434	
1399571404350099460	
