1212262176276320257	
1215273745675210752	
1215070197716934656	
1216004162086817793	
1216666195862028290	
1217981569303842817	
1219029274746925056	
1218884210343047169	
1218901406544879616	
1219187810965565440	
1219178424679292930	
1219265760347865089	
1219231454434955266	
1219222993433292800	
1219223489715924992	
1219632935114067970	
1219514352581128193	
1219423951639609345	
1219708181137502209	
1219545642889924608	
1219633359426637826	
1219539009774313473	
1219570986711838720	
1219604690616274944	
1219610596934651906	
1219620850501992450	
1219595245811200005	
1219832650656935936	
1219824453049180160	
1219853470364094470	
1219806271420788737	
1219918488698904576	
1219915263614713856	
1219889067086606337	
1219814527585271808	
1219774128468586497	
1219920940861026304	
1219786910849101824	
1220132273703415808	
1219998155829280768	
1219997394651103232	
1219987738377588736	
1219984482054201344	
1220004950064844800	
1219956784170823680	
1219949874558320640	
1219999674272116736	
1220085406458400768	
1220052401320873984	
1220071920269516800	
1220072814633521152	
1220074340538048512	
1220076305988956166	
1220077652763140098	
1220075528843091972	
1220080281052422146	
1220080373645873154	
1220080662872576002	
1220081647762145281	
1220084588242001920	
1220085183703068672	
1220303418259935232	
1220301750130708480	
1220296670484688896	
1220281850746138625	
1220268177264803841	
1220304909024649216	
1220377540017057792	
1220459647624261632	
1220491330410795009	
1220415319426195458	
1220486367664209920	
1220479180846006273	
1220437870021881857	
1220339310701895680	
1220413519214055425	
1220339999322693638	
1220347937638645760	
1220436039204065280	
1220347496532037633	
1220177851862802432	
1220366943594541061	
1220363905270026242	
1220249808826458112	
1220488400886616065	
1220142164623020032	
1220156949230080000	
1220175358214828033	
1220175470722871301	
1220245105182834688	
1220201627191144448	
1220233050115543040	
1220229004004773888	
1220224644323643392	
1220236923651809280	
1220188346699268096	
1220206255408439297	
1220499921461301248	
1220519112616497152	
1220537421265166336	
1220548960873377792	
1220569414749175808	
1220562360219234304	
1220541734829977600	
1220506244726718464	
1220561434678947840	
1220502622202843137	
1220607163581812737	
1220593480411385857	
1220647429122314240	
1220641077356417025	
1220637362541277184	
1220617393933709312	
1220607702419664896	
1220605149925691397	
1220602132346228736	
1220600028932136960	
1220660052819730434	
1220591115788664833	
1220792076582952961	
1220825581102796801	
1220497692440301573	
1220732567751577600	
1220728303046340608	
1220690973878964225	
1220681214287155200	
1220738029804875777	
1220753130356379649	
1220850234768662529	
1220848656904908800	
1220843723476484097	
1220813523200237571	
1221215798401757184	
1221061206443577344	
1221047927189073920	
1221085314128596992	
1221089350072426496	
1221095217975066624	
1221095721320902656	
1221107483415986177	
1220923194195841026	
1221160814691995653	
1220893187687899137	
1220889020974161920	
1221024916675362816	
1220860501367783424	
1220864268611883009	
1220868888268660736	
1220880085491699712	
1220883987473760259	
1220886829726961664	
1221130615552036865	
1220862607856259073	
1221011112285442049	
1220997380851421185	
1221006134514831360	
1220972101311459329	
1220919887159164929	
1220935184217821184	
1220939352399863809	
1220944004000317440	
1220899087043760128	
1220982575209930752	
1220926427593232384	
1220991314176569345	
1221428359130832896	
1221447706427695104	
1221455252546891777	
1221462802126135296	
1221477904045035520	
1221532993027805184	
1221526208438915073	
1221528652334104577	
1221578583371440130	
1221432603477147648	
1221432550201028608	
1221513220801859585	
1221295678468448258	
1221316850492903424	
1221318610129317890	
1221303457052651520	
1221261327424843776	
1221266745408643074	
1221278736550526976	
1221287382743302144	
1221228070947811328	
1221327402917171200	
1221332651790856192	
1221442009723834368	
1221349555238850561	
1221344340724740096	
1221326475724345344	
1221427569406312449	
1221352482225315840	
1221356585349345281	
1221361750575996928	
1221374205402345475	
1221380412858986497	
1221382270789083137	
1221377237917884418	
1221387306353004551	
1221392337244446722	
1221397370300071937	
1221411777281282048	
1221412469962227714	
1221417503206838272	
1221422536401006595	
1221599152942903296	
1221642922891739137	
1221642677873070081	
1221749693413240832	
1221616991644966912	
1221607777157570560	
1221646181794664449	
1221739625623904263	
1221685519278473217	
1221729559281668096	
1221719493585428480	
1221712229101256704	
1221705139305582594	
1221688218342440960	
1221584859971219456	
1221940952438210560	
1221659095423258626	
1221734592501231618	
1221754725244317696	
1221779894683742209	
1221784238241878018	
1221780292089733120	
1221629095890411522	
1221930887043936262	
1221789957523533824	
1221791079386664961	
1221805057219260417	
1221806547585519616	
1221810091059490816	
1221813864855044096	
1221825192550227969	
1221916408516431873	
1221809091326005253	
1221587145296502784	
1221584614046629888	
1222032824603004928	
1222090065850945537	
1222117448867971072	
1222137245760675841	
1222142543602733057	
1222016449520205825	
1222144569996787713	
1222012209309421569	
1222005831727607808	
1221952146414850048	
1222082148313600001	
1221961085969977344	
1222143757220380672	
1222070171684073472	
1222061748158640133	
1222049914533756929	
1222048350364524544	
1222041615457370112	
1222036583345295362	
1221964113393270784	
1222065958161805312	
1221971151087271936	
1221976184407449600	
1222149036469145600	
1222001350243966977	
1221996317141958656	
1221991625414430720	
1221986783140835329	
1221986250661470208	
1221981217626542081	
1221980893897617408	
1221979267522654208	
1221977164754456576	
1221972050677358598	
1222158140315013122	
1222162554799054848	
1222304833501196289	
1222298306916700160	
1222298306858168325	
1222291502723977223	
1222287886483165185	
1222287551391846400	
1222266886659936258	
1222297610872147968	
1222168906468511744	
1222180028852641792	
1222656791223455745	
1222660694786613249	
1222661418098536448	
1222354284689285121	
1222447194227101698	
1222466179719024640	
1222477658023325697	
1222478252310028291	
1222489568299143168	
1222499673811779584	
1222504667524947968	
1222505487523930113	
1222441197030887424	
1222434256896413696	
1222360125588926465	
1222350068734259201	
1222386063403913218	
1222403809915199489	
1222414257796464641	
1222399801259487232	
1222346486756728832	
1222338520217313280	
1222661820604801024	
1222649671451062272	
1222593414815997953	
1222539100382617600	
1222339555317075969	
1222547448783982592	
1222549969716072448	
1222565067192852484	
1222580164145577986	
1222595268551426048	
1222644337244176384	
1222542435248533504	
1222625465371963392	
1222606184244555778	
1222337238828122114	
1222324615390744582	
1222315549574627329	
1222640562915831808	
1222629132971978753	
1222715504709627905	
1222745755103854593	
1222759842923728896	
1222777519528538117	
1222787024404373504	
1222794450310557696	
1222798639023607808	
1222819306032877569	
1222831822389706752	
1222836857647448064	
1222868452517404672	
1222700483740983296	
1222691738914963456	
1222873587377299457	
1222673125218775042	
1222879768128806914	
1223024232751194117	
1223023082790686721	
1223022173943525376	
1223020434008027137	
1223013904441380864	
1222697902981566464	
1222938712733962241	
1223030980459614209	
1222900226861568000	
1222899790662422530	
1222882154851356673	
1222971886327431169	
1223344733382115329	
1223344297896030208	
1223339878508875782	
1223289846015365121	
1223259641439588352	
1223259216816697344	
1223054307320188928	
1223078448228335617	
1223073414459666432	
1223068381185806341	
1223056141250203648	
1223088513719111686	
1223048250212651009	
1223351684014968833	
1223038175255248898	
1223083751455854593	
1223058314939916288	
1223093548100141056	
1223098580082274304	
1223143878615683072	
1223138846902079489	
1223139165409136646	
1223130281818783744	
1223119348925001728	
1223113679488651264	
1223108648114671618	
1223033488015646721	
1223359940351418371	
1223148911730126849	
1223370768010174465	
1223368149472620549	
1223165950028996608	
1223394227142479873	
1223382877187997697	
1223379421404549121	
1223381058684624896	
1223378470333489153	
1223238887100706816	
1223230371463983105	
1223228769806106624	
1223375756555948035	
1223229706201223174	
1223245183363403776	
1223250868322988034	
1223170139559845890	
1223173577899270144	
1223237457753231360	
1223190700881137665	
1223196313472290816	
1223204276677181440	
1223214342944051205	
1223226345653563392	
1223180490825289728	
1223551564872323072	
1223556452389773313	
1223546532386856962	
1223541498391609344	
1223536465457680389	
1223531471710736384	
1223520572627226625	
1223514948329848835	
1223503175572811776	
1223742792284954624	
1223752938645934080	
1223747858316161025	
1223742827751829504	
1223561189432664064	
1223625048579133441	
1223570005544947714	
1223625804279451648	
1223501233274511362	
1223586797025931269	
1223621805539131392	
1223616996249677827	
1223614103073128448	
1223611962921189376	
1223606933422100480	
1223601896620986375	
1223596863368126465	
1223592068708102144	
1223591832564588544	
1223587295455895552	
1223581763810627586	
1223579864873095170	
1223483835884564480	
1223459627309780992	
1223486134799470592	
1223418592571428865	
1223420879985496064	
1223399770695188480	
1223413641619197953	
1223435802128134147	
1223406115343368193	
1223491368045051904	
1223501689245728768	
1223566664379224064	
1224095931404050432	
1224100724872810497	
1224105213960736768	
1224115338389815297	
1224073763983151104	
1223789084872601600	
1223979384262086656	
1223971996221861888	
1223974350828654592	
1223969318087446532	
1224046094679756805	
1223782549316493312	
1223780370027442176	
1223758350480883712	
1223903886404132867	
1223898853377744897	
1223893822754578432	
1223888786980995075	
1223885973878005760	
1223877153323765760	
1223869568650604545	
1223864030403497984	
1223863813461536768	
1223855864768913408	
1223845314584383488	
1223837595089526785	
1223829689371742208	
1223908921657573377	
1223836011643322368	
1223918985877438465	
1223918158995578881	
1223815391614341122	
1223822519397834752	
1223913952729620480	
1223964284402774016	
1223762957886271488	
1223806994601013251	
1223954883079884801	
1223954217913569280	
1223951763742478336	
1223944151995224064	
1223939120923176962	
1223934085518766083	
1223932152334577664	
1223929052454686721	
1223959251237949445	
1223924019327651840	
1224185793578586113	
1224236075247263745	
1224226573189931008	
1224226008875905025	
1224243743798132736	
1224210909377200131	
1224200391778111490	
1224194370368262144	
1224241110295298048	
1224249292761657345	
1224298990109224960	
1224316928266661888	
1224316608077656064	
1224220092574994434	
1224309056417996801	
1224195810541199361	
1224308376269553664	
1224304023010009089	
1224467674840825858	
1224467602212368384	
1224465630675554304	
1224439393856806914	
1224411129478291463	
1224390603364016130	
1224346808022753280	
1224341771884417025	
1224475025069076480	
1224477147303153665	
1224478218796687360	
1224481997915029504	
1224482378816589824	
1224306435753828352	
1224438489766219777	
1224254279067652097	
1224294894237151233	
1224266274210844672	
1224260110362402816	
1224258724568715264	
1224175872598405120	
1224165328327831552	
1224163859239333889	
1224154814180806657	
1224150986245066754	
1224271310492176384	
1224129917052260355	
1224143293950283776	
1224334956228333569	
1224122748454047744	
1224326672243097600	
1224333577375977477	
1224321639325655041	
1224832585781649411	
1224739393769885697	
1224799792997502983	
1224799910303797248	
1224821186980450312	
1224829988781707264	
1224830488004702209	
1224674284510965760	
1224724293994631168	
1224652318072868869	
1224661882193137665	
1224664060244844548	
1224670140106600449	
1224679434298388481	
1224684168455393280	
1224694988287533056	
1224709195095846922	
1224769594465771520	
1224521236861972485	
1224533032054312961	
1224575113388933120	
1224552223192993793	
1224560736682139648	
1224568964300230656	
1224548659120852993	
1224575634963222530	
1224642173657681920	
1224584005254672386	
1224654587816075264	
1224650587054067712	
1224484460638294016	
1224491773398962177	
1224498650597883905	
1224501640792694784	
1224645070160195585	
1224634747810283520	
1224510532608114689	
1224512015995027456	
1224514526864789505	
1224588396716285958	
1224593429876764672	
1224594032229150720	
1224598785872936962	
1224612782227591168	
1224614561149403137	
1225065744280510465	
1225062753934569472	
1224858010863820802	
1224981019612237824	
1224974746527252480	
1224965884050984961	
1224963281875431424	
1224955817922834432	
1224951181908119554	
1225032176862810112	
1224931142215712768	
1225041382756245506	
1225057585021087746	
1225041839763247106	
1224994559895097344	
1224923929610866690	
1224845091002638337	
1224880598168166400	
1224915704173850624	
1224910519296917505	
1224901621114523649	
1224900453042835456	
1224870266859212801	
1224866948799815680	
1224858990334509056	
1224852512500371456	
1224847283293847552	
1225001116410105856	
1225026546894721024	
1225016749289951238	
1225068691789758466	
1225071581627670534	
1225078333458661378	
1225200873388691456	
1225194824401162240	
1225193538398380033	
1225162180493856768	
1225147080823324672	
1225203114958999553	
1225192377452617728	
1225318678935158786	
1225320722748387330	
1225328272638140418	
1225290523218300928	
1225333305177858048	
1225343371876524033	
1225348788568481792	
1225374688957779968	
1225335341696995328	
1225464170197307392	
1225340195056148481	
1225315689059225600	
1225409470936670210	
1225300589774589957	
1225378971497271296	
1225380873479999488	
1225386898165661696	
1225449127191941122	
1225449070224904192	
1225445205450477568	
1225434011574472706	
1225424113511960576	
1225418869449211904	
1225413912817913858	
1225405975500185600	
1225305623019098112	
1225483188719538176	
1225546774003232770	
1225545962455805953	
1225404147547029505	
1225541698182402055	
1225548928948539393	
1225569755626659841	
1225554764747988992	
1225509470064660480	
1225539917196951553	
1225285490288582656	
1225280457056583681	
1225209992799817730	
1225211273270325248	
1225215025758920704	
1225275424357281794	
1225265357587460096	
1225261633892569088	
1225255291232669699	
1225250258088677376	
1225239484033224705	
1225235158485229568	
1225220058982445056	
1225230600811896833	
1225260324493807617	
1225621531977375744	
1225617465763172359	
1225601861312401408	
1225600588034895872	
1225589422575341568	
1225583262589808642	
1225579930374692867	
1225577130483994626	
1225720859584794624	
1225594973329903617	
1225730925293641728	
1225908417459564545	
1225914695200247818	
1225916115769085954	
1225925161112801282	
1225926580024807424	
1225870868586389505	
1225868868792541185	
1225868103134961664	
1225796358054891522	
1225734148939112448	
1225740991623135233	
1225627398898470912	
1225917152609259520	
1225640391426236419	
1225675966652899329	
1225710792521199616	
1225746024884580357	
1225648267133775876	
1225654983091056641	
1225661360001826818	
1225664333100642304	
1225670527374655490	
1225680593611939841	
1225719413204111361	
1225685626768347136	
1225690661556543489	
1225695693420916736	
1225700726107602945	
1225705759364845570	
1225725892275691520	
1225751060897239045	
1225576639330910209	
1225761124857020416	
1225756091088166912	
1225766161796567041	
1225766240255234048	
1225771190557405184	
1225781260603273221	
1225786290165051395	
1225788809062776832	
1225791323317211137	
1225776223869005824	
1226077545973481472	
1226078213631168513	
1226081481379868672	
1226083250294185984	
1226282830491193351	
1226068149788794881	
1226013595948863488	
1226083355139010560	
1226008519217778688	
1226063114006757376	
1226120884928184321	
1226046175255547904	
1226153711187251202	
1226278227255099393	
1226152689441992704	
1226143647202021376	
1226128546105626625	
1226108412578222081	
1226118479117463552	
1226051834311143424	
1226123512114487298	
1226098347812896769	
1226131061928710146	
1226133578720956416	
1226148678223704065	
1226103379593584640	
1226058081005473793	
1226037175088582656	
1226038391373828098	
1226128965565218816	
1225947351207989248	
1225995431168970754	
1225993123752316929	
1225977660171382787	
1225957417583861760	
1225951436426506242	
1225950650858491904	
1225943428434776064	
1225937030783238144	
1225932251738845184	
1225941759630249984	
1226004482074374144	
1226355038601273344	
1226441009724153857	
1226330123487465478	
1226303620712296450	
1226303985637715969	
1226304706177355776	
1226338679913840642	
1226334177991151616	
1226373912092499968	
1226343712935989251	
1226347487792779264	
1226377687058415616	
1226319704379101185	
1226385237124448256	
1226421032610697216	
1226420468753715200	
1226418889640173574	
1226415437702778880	
1226400892447887360	
1226406153896153089	
1226641927963136001	
1226370198065668101	
1226425501864144897	
1226440601362563073	
1226351742159183873	
1226448995939020800	
1226518932971851777	
1226511065841668096	
1226516099044433921	
1226651494612492288	
1226619279522484225	
1226528682224652288	
1226521135891615745	
1226483383540293632	
1226525032936955904	
1226463250788712448	
1226478952539025408	
1226488416776400901	
1226491350817787910	
1226506036766527489	
1226458217603125249	
1226776515406221312	
1226657089205882881	
1226797956210102278	
1226662180700880897	
1226667093912719360	
1226794233115246598	
1226800687675084801	
1226802989370761218	
1226808025320574976	
1226813055666810881	
1226883520922103809	
1227006215114366976	
1227011782377492481	
1227017180476108800	
1227003280963842048	
1226995780042575873	
1226943920145342466	
1226887295162310657	
1226885819270434817	
1226820587705663488	
1226823124907364354	
1226829020664225797	
1226763026084163584	
1226772790382125056	
1226777825765494784	
1226762723888902144	
1226826181749534720	
1226745312695345152	
1226782856682209281	
1226830775024177155	
1226739628167745536	
1226838224904970240	
1226843254680764416	
1226848288072257537	
1226850362042150913	
1226853592469929984	
1226863387310559233	
1226873453996802048	
1226875970419904513	
1226853323069739011	
1226878487073562625	
1226793865530621958	
1226792923934740481	
1226787889880502272	
1226675672803770369	
1226694335803953152	
1226701836209410048	
1226706651811418112	
1226714327853305858	
1227248184344231937	
1227245910008193024	
1227243391408386049	
1227243269320409090	
1227236538431332354	
1227126142231924736	
1227257232502468609	
1227240874624593920	
1227261007535517698	
1227375709632352256	
1227276106765492224	
1227324761967120384	
1227355079012950019	
1227358185608163331	
1227363673519333376	
1227365588919607297	
1227366703773835265	
1227371737278345216	
1227376770137108480	
1227376906506559488	
1227267363642511365	
1227125465963323392	
1227121274503041024	
1227231211396796416	
1227022179012894721	
1227029523461357568	
1227039548028227584	
1227049299004940288	
1227050107968704512	
1227052418174554113	
1227057023080001538	
1227057164054745090	
1227070091327463424	
1227083868445933572	
1227110012801224705	
1227115241713963009	
1227225775205572609	
1227145244665245697	
1227142683140878336	
1227150277700009984	
1227155312190214145	
1227165377156661248	
1227175443544956929	
1227176360180760576	
1227180476898500609	
1227185509908320259	
1227190543152799744	
1227195576321744896	
1227198119143604225	
1227160344340115456	
1227201966389907457	
1227200612808511488	
1227216046500630532	
1227215708939051009	
1227214144136339456	
1227612070960664581	
1227739158015164418	
1227653595631423494	
1227638495830659073	
1227623400866078722	
1227615382719983616	
1227588163486601219	
1227595051162714112	
1227593197666340865	
1227589620033966082	
1227580286373810176	
1227578422978678784	
1227574309796761601	
1227608027655626753	
1227557964224978944	
1227381804497137664	
1227386836407836672	
1227392863979225090	
1227564322106167297	
1227547902936936457	
1227413260720209920	
1227422902040969216	
1227423893570248707	
1227434651712708617	
1227439684919402499	
1227530642151239680	
1227523380011663360	
1227503161197252609	
1227532759930789888	
1227487875979038720	
1227394378781429760	
1227498505079406593	
1227464850445492224	
1227471396261040128	
1227403194332045314	
1227480649780490240	
1227486392638304256	
1227476052655722497	
1227980487517298689	
1228000882765123585	
1228064255741657090	
1228015983077548033	
1227985785049079809	
1227946506155462656	
1227970847740088320	
1227828496757665792	
1227961381913104384	
1227956569880457216	
1228091481740595201	
1228096512825184256	
1228096957522075648	
1227951207949336577	
1227941044521553920	
1227967972011982849	
1227850257242787840	
1227850390990807040	
1227830266426560513	
1227783198224134144	
1227744192568471554	
1227748293775462400	
1227758032261541888	
1227793264771764225	
1227761792526372864	
1227763751148851200	
1227768706081546241	
1227778165076058112	
1227880853964898305	
1227835291613978625	
1227762697250340864	
1227753171398746112	
1227940487585128450	
1227807054967889920	
1227805847574597634	
