1247216574576107528	
1247214191892668416	
1247210696766562305	
1247207360860389379	
1247237302188937216	
1247131423170891776	
1247126908871102473	
1247131945349283847	
1247135202553389057	
1247132808402751489	
1247176089991933953	
1247152074795520004	
1247162140949123073	
1247172467694505986	
1247176462328684544	
1247180961458126849	
1247181574715707397	
1247182985838972930	
1247184785069522946	
1247186465257402369	
1247142008453509121	
1247136975334699008	
1247179869886263298	
1247189470455246849	
1247205751246000134	
1247306017987125248	
1247123311093362691	
1247086644588675072	
1247119997006045185	
1247113327345426432	
1247111809556979712	
1247106776316530690	
1247104218567069700	
1247104007933267968	
1247101745659961345	
1247098109663969280	
1247091676767813639	
1247103493963280384	
1246957414022144000	
1247303069655871490	
1247286676088594432	
1247285072987906048	
1247284007395635208	
1247279201427873793	
1247001610833653760	
1247047198270873602	
1247042585111040000	
1247032453455179776	
1247017498957864964	
1247008398068998144	
1246991013475831808	
1246985662210818049	
1247056892808925185	
1247081610232631296	
1247125926464249856	
1247086556180934656	
1247057618415136768	
1247052693786378240	
1247066510905856006	
1246962008563396608	
1246964287790145542	
1247061477770526720	
1247070748776075267	
1247071547065372674	
1246976477087674369	
1247071778448371717	
1247074164386623489	
1247074378988191744	
1247076577227280384	
1247586943573123075	
1247630787815636992	
1247595061967310849	
1247600918889148419	
1247610395591880705	
1247634498998730753	
1247484906638168064	
1247489352638156800	
1247494416064901120	
1247497786246844418	
1247504396298092544	
1247514462736863233	
1247524531792744448	
1247525425435172869	
1247538466235146245	
1247539365137379330	
1247617482443153408	
1247477674387226624	
1247541487476170753	
1247544370758324224	
1247589642628747264	
1247586564592582657	
1247434149176037381	
1247417536506818562	
1247419250819477505	
1247419587605303297	
1247425961156435969	
1247428898683412480	
1247541824077496326	
1247648835482107904	
1247660425329680386	
1247665361975046145	
1247671751456088064	
1247441881115451393	
1247444004637036545	
1247393666458701824	
1247403734444863488	
1247464131374047233	
1247465112685826048	
1247470098794696704	
1247548260778233856	
1247554727870685185	
1247559871358291970	
1247562516399640577	
1247564551886864384	
1247567024383045634	
1247473903540174851	
1247572620658253831	
1247575883071852544	
1247578926672752641	
1247579994504728576	
1247580118555426816	
1247378567018708992	
1247373516258729984	
1247552249263353859	
1247449031468634112	
1247446113579421696	
1247367997536133121	
1247454064566087681	
1247456422612221957	
1247458754104188929	
1247461354539081728	
1247586008113217541	
1247353401257713664	
1247313137365389313	
1247415812597702657	
1247329784289349632	
1247333067653402624	
1247338301775888384	
1247339566761009152	
1247344376189075456	
1247348368038170624	
1247364132170432515	
1247326281714126848	
1247675702679195649	
1247740954829885441	
1247745987940167680	
1247751022233223168	
1247756054466789376	
1247761087501676544	
1247765827161473025	
1247766121023000576	
1247771116816326656	
1247735922688495616	
1247771153789304832	
1247698348900888577	
1247695656581464065	
1247677595300159488	
1247778955303759872	
1247730888617713664	
1247725855436046339	
1247729793371648000	
1247706154165104640	
1247715789177749504	
1247724029718351872	
1247677921017221122	
1247781612588126210	
1247680556998864897	
1247945733719891968	
1247955892173180929	
1247946277255557121	
1247947077709160451	
1247947315517652993	
1247949221963141121	
1247953571158638593	
1247954586708652033	
1247968121622798346	
1247971479943290881	
1248006070028517377	
1248008810016301056	
1248009541217734657	
1247944170880335883	
1247993238130249728	
1247936839656374279	
1247934793326776327	
1247932217361190913	
1247920494923395078	
1247922406825570304	
1247925932955963393	
1247930220654592000	
1247931508486295553	
1247871582669692928	
1247932087572799489	
1247922199777902602	
1248022812524249088	
1247937256301776897	
1247914340335980544	
1247917122312781825	
1247918224982847488	
1247919293486043138	
1247919412147093509	
1247919597057179649	
1247919721053327361	
1247920236776624132	
1248030032737570816	
1248029703388254208	
1247816813498347520	
1247821528793661440	
1247851684476473349	
1247822068051095554	
1247826519411449857	
1247831551896891394	
1247841163593363459	
1247841464647856130	
1247816452436045824	
1247842783039090689	
1247811420890238978	
1247798445005365254	
1247876850363162624	
1247913856560771074	
1247881884060672003	
1247884865673908225	
1247886173424381956	
1247892490062974978	
1247897527166193671	
1247899561886023680	
1247801425310052352	
1247903526006607877	
1247907684193460224	
1247908838294130691	
1247911689124810752	
1247861751011512320	
1247854733773008897	
1247821485604884482	
1247790597051576320	
1247796320787664896	
1247905933612560389	
1247880885778563076	
1247912594863775744	
1247881704313745408	
1247913099883143168	
1248030517800374274	
1248037129793331202	
1248314238336196610	
1248316513645461505	
1248323404148727808	
1248324802982674438	
1248343326664855552	
1248370464319090688	
1248377650592219136	
1248378501482176515	
1248382701226225667	
1248385202906255361	
1248387178456993799	
1248390233906909184	
1248395700267651080	
1248309924758683649	
1248309730545733632	
1248289525434114050	
1248103342699687941	
1248118442273550337	
1248173809884004352	
1248183873348878336	
1248188906463547392	
1248190150854627329	
1248039046468849664	
1248043980983418880	
1248047977936982016	
1248053037395918848	
1248067478833352705	
1248073143790505985	
1248078177043386374	
1248083211097432065	
1248088243289165827	
1248093528099565570	
1248098997631246336	
1248172804630958081	
1248171724912250881	
1248168773816856578	
1248145910749466624	
1248120737090531328	
1248123628656283648	
1248129112398389248	
1248138574978887682	
1248143608475090944	
1248143935865675777	
1248148641182887936	
1248167499033526278	
1248158708690894850	
1248159080968892417	
1248160166429593600	
1248166578346024963	
1248152940642045958	
1248283533535260672	
1248271953833664514	
1248294604182441984	
1248308560099979264	
1248229544105934850	
1248278980790235137	
1248271221654827009	
1248273308979773441	
1248275466479435777	
1248219107083694084	
1248295454611320833	
1248302544536973313	
1248308262505676801	
1248190876368551941	
1248193939913334785	
1248198973069725697	
1248208412384477187	
1248209039458103299	
1248211256667860994	
1248213903076556801	
1248214072551780352	
1248219521518718983	
1248276255432216582	
1248278538152747013	
1248268929983811587	
1248229171920158720	
1248278372322549763	
1248268343381053440	
1248268150606610433	
1248256855123431424	
1248264937576648705	
1248279504554020865	
1248280568468512768	
1248280801793511425	
1248281771994685445	
1248270499299430407	
1248234206582300673	
1248280531764228099	
1248270136097689601	
1248235782613032960	
1248239019827146756	
1248239238505811976	
1248244271381131265	
1248245835713798144	
1248246788034723840	
1248249823788036096	
1248269086011854849	
1248412034309312516	
1248405339562602503	
1248401156759408645	
1248506287316275200	
1248506400046637061	
1248511029274968065	
1248516062334746625	
1248518624827957250	
1248521096292233216	
1248522783178416128	
1248526128643334144	
1248529117386911746	
1248531161728421889	
1248425112782565378	
1248649680604532736	
1248645428993720320	
1248496351630876673	
1248470763734274048	
1248606659418652672	
1248601626215993344	
1248598285796773888	
1248551294404526082	
1248551668372799494	
1248566397766074370	
1248573541076754432	
1248580485975961600	
1248596598982131715	
1248581493489831941	
1248583455073427457	
1248586526721593345	
1248591560012230656	
1248594076368162817	
1248644383668424704	
1248491428809805826	
1248641894785024002	
1248638846436347904	
1248450771374358531	
1248445597910065154	
1248436246747074560	
1248536194872496130	
1248546261302566912	
1248547299690610690	
1248607653804126208	
1248611695792197632	
1248615334728237056	
1248616725588914176	
1248629357167267844	
1248635301653872642	
1248635653463539712	
1248636257820913667	
1248636859057606656	
1248640240643956737	
1248675673620824064	
1248571427294412803	
1248673370604003328	
1248675022098530304	
1248696260334411781	
1248686752119820288	
1248653932903067649	
1248655248060813312	
1248656991058382850	
1248662877277507588	
1248663570008756224	
1248664746838183938	
1248666274437218312	
1248668895843627008	
1248670153346334721	
1248672093836902403	
1248757654261923840	
1248669446673182721	
1248747590314856449	
1248752621126447106	
1248717389467750400	
1248711914651291649	
1248702292037009409	
1248709776390971402	
1248888210995867651	
1248787853317820418	
1248777789232185344	
1248777184405143553	
1248767720620871680	
1248762687305080833	
1248883764844888064	
1248807985855553536	
1248818052159823873	
1248878450045120517	
1248891869821468672	
1248868829939134464	
1248868385464573952	
1248813019162910720	
1248848251052326914	
1248843218051096577	
1248838185947406336	
1248833151880663040	
1248828118619414528	
1248823085400297472	
1248853286553255939	
1248901666788671492	
1249059677113106432	
1249064423748259840	
1249082872507641857	
1249099028454764548	
1249106516826824706	
1249117750007660545	
1249119835235246081	
1248802952770244608	
1249049960546516994	
1248792886293835782	
1248792911694770176	
1249021657437605889	
1248888516668358656	
1248800975780859904	
1248799157873037312	
1248794938084478977	
1249123679667093505	
1249017316978888710	
1248910363594092544	
1248908649084280832	
1248905869103788033	
1248999349348118528	
1248950060852756482	
1248955757522866176	
1248997515854258176	
1248996926579773442	
1248991996997320705	
1248990051620605964	
1248989179746193410	
1248953947542470656	
1248984146682073088	
1248975052214636545	
1248969455683567616	
1248964014270365696	
1248958980757557250	
1249019214645649412	
1248911041272020992	
1248913684065222656	
1248948914650259457	
1249015348562722817	
1248926911167746048	
1249013391596957698	
1249008514187567104	
1249004602349039617	
1249019379821481984	
1249001536983793665	
1249048688393162755	
1249024336377364482	
1249025102555033600	
1249028239831547905	
1249030342935228416	
1249033802766340096	
1249047598679445504	
1249034614552879105	
1249003927867142144	
1249043231041564674	
1249039294028746752	
1248933861343367168	
1248936331658424320	
1248933815214657536	
1248928782980755456	
1248943881502089218	
1248948621422149634	
1248938848140353536	
1249000458405937152	
1249019626459140098	
1249036697544859650	
1249043957612511232	
1249043864276676609	
1249043681182715904	
1249245875336908800	
1249260970867707904	
1249258598854561792	
1249255460852486146	
1249250904794001410	
1249245798199701510	
1249244559936065536	
1249243545522716674	
1249240837923524608	
1249234607507230723	
1249230772717801472	
1249270621172723712	
1249224889879252995	
1249215572413382657	
1249291171232448513	
1249210638985048064	
1249301235964010497	
1249296203029737474	
1249286136700289024	
1249169292354113536	
1249131786233315328	
1249127369069203463	
1249171587082915841	
1249166159070576640	
1249148192874270720	
1249156938266488832	
1249302519521501184	
1249212196145582085	
1249306272563965953	
1249311302562058242	
1249201289281572865	
1249191861346066437	
1249186666872475654	
1249271154948243463	
1249274689580498945	
1249276072576913408	
1249361549321437185	
1249360332117676032	
1249359795179708418	
1249358279366643713	
1249357091447472130	
1249355507615358976	
1249355390749458432	
1249354386918256641	
1249351571395301377	
1249348949523066880	
1249346534539485185	
1249341501789757445	
1249180440075939840	
1249336469011005441	
1249321368912568320	
1249316335781199880	
1249314432317972482	
1249307321466884097	
1249393188298805250	
1249393392255107072	
1249396411642281990	
1249476517970817026	
1249480693219917831	
1249482429842120704	
1249483409728000001	
1249408117718294532	
1249384180250742787	
1249382739004010503	
1249379690571325442	
1249367250873835522	
1249370162005975041	
1249385602950270979	
1249392073695952898	
1249452448118452226	
1249442213676843014	
1249429196297900033	
1249414612161871883	
1249409774451658752	
1249403268490502145	
1249400725748305922	
1249395910204960771	
1249417504583229441	
1249602239015993347	
1249593160168333314	
1249612699979280386	
1249608571295334400	
1249608428806262785	
1249608260484657152	
1249593782082961409	
1249588126286299137	
1249583093255553025	
1249578061818777600	
1249567323070947335	
1249537794789109762	
1249593685723013123	
1249733318519730179	
1249732568506863618	
1249731471876784133	
1249731310366720001	
1249522695340986368	
1249731181861625864	
1249613292345196544	
1249618325518217216	
1249621802688512001	
1249512628944351232	
1249507595888386048	
1249507595787718657	
1249502562488705024	
1249499606980812800	
1249487464634503168	
1249542827807330309	
1249845725074059264	
1249842394733797376	
1249840212869558273	
1249829504710737923	
1249834890301968385	
1249839784555458560	
1249682843631939584	
1249683759198158849	
1249728498761162752	
1249727813420224512	
1249723862499168266	
1249721368670810112	
1249636572942630912	
1249719130451841024	
1249688789946994688	
1249706407290474496	
1249697362965979137	
1249696391728775168	
1249690675999698944	
1249717409268801541	
1249638364128481280	
1249643491136806913	
1249638461138538496	
1249730578863267843	
1249729055001214976	
1249678723349012481	
1249677588143931392	
1249669705352306688	
1249648524553224192	
1249683453383041024	
1249729285952241665	
1249820964847837189	
1249623813978877952	
1249748314461024257	
1249754453609197570	
1249743181270454273	
1249743509835452416	
1249744574874095617	
1249749929624469509	
1249752237552926726	
1249739894479638529	
1249752814697549825	
1249734379263295494	
1249827231355949056	
1249759349976768512	
1249818559548538880	
1249738838278373377	
1249742864902426624	
1249774729688424453	
1249766839363788800	
1249767443557384193	
1249767796961161217	
1249738489098309635	
1249775278248865794	
1249804581795762177	
1249764839473496064	
1249804847332933632	
1249757189054574592	
1249756203976200201	
1249741790615343106	
1249735304837136387	
1249760414407196672	
1249735626968182787	
1249763087617589249	
1250116285884751872	
1250197140137226241	
1250206933446881280	
1250205040037552130	
1250202107656818688	
1250130351206400001	
1250098195952291842	
1250096438006222848	
1250095545143697410	
1250092820381212673	
1250088846538223619	
1250087119600713735	
1250086221172428803	
1250083894914740226	
1250080081114017792	
1250112659359490049	
1250114895045169152	
1250117093359566853	
1250185797460021248	
1250151629644533760	
1250101221484093440	
1250101822624317442	
1250107426067677185	
1250201474526674945	
1250192811577786368	
1250075750503309313	
1250186493836042243	
1250108846154100736	
1250102373772660737	
1250146472852631552	
1250125628055183361	
1250125882196406272	
1249895151184621571	
1249955951924391936	
1249951437670367232	
1249950514151743488	
1249945663963402241	
1249940448342183936	
1249935414900568065	
1249932666356396032	
1249915282149294081	
1250040429602459650	
1250046148871475200	
1250049919378808834	
1250050155832725504	
1250053695405846528	
1250067954462588930	
1250068794845904900	
1250030089762271235	
1249971765146607616	
1250117728163291136	
1250009721341218817	
1249871640441192449	
1249857961960198144	
1250022254810808321	
1250023495221690370	
1250031044964712448	
1249926465635770369	
1250028825821343744	
1249880644643098625	
1249900729940099072	
1249877067157499904	
1249960580699521024	
1249975680307085313	
1249982365281079297	
1249983160214884352	
1249993399697985537	
1249995812773531650	
1250000886924902403	
1250001127761944577	
1250005879312637952	
1249971098957078528	
1249970647314452480	
1249968899489177600	
1249962307104518148	
1249880050817613824	
1250026011934298112	
1250123535722393602	
1250121871984640000	
1250119594423050242	
1250118269350141960	
1250120154085720074	
1250079730457444362	
1250075405069029377	
1250318318977708032	
1250421096525869056	
1250303686049320962	
1250292769530286080	
1250278110919983104	
1250269694562422791	
1250263444588126208	
1250262854973804547	
1250260951464468481	
1250254795492823040	
1250249150735638529	
1250243654901366785	
1250242437865304065	
1250235136274083841	
1250229288441274369	
1250221613913530371	
1250212239593873410	
1250314220333228032	
1250569073823494144	
1250568839320031233	
1250565189222592513	
1250559530246606848	
1250464958158123008	
1250531276530036742	
1250519328082071560	
1250500594747441152	
1250464370032889857	
1250461017244565505	
1250363235045425153	
1250364214176141315	
1250373300179439616	
1250378334350934017	
1250569593514590208	
1250359831296237568	
1250393436353695756	
1250394538528538625	
1250397014321291270	
1250398466112618499	
1250405011667877888	
1250390229719994368	
1250355297597587456	
1250322968380616704	
1250325505829531649	
1250328001499324417	
1250329408138670081	
1250333036480278528	
1250333315720040456	
1250335627742068743	
1250388399590182913	
1250572361918709760	
1250486957853081602	
1250487131065245704	
1250487912988389376	
1250490058840342542	
1250490710425468929	
1250485215975411715	
1250492719987937280	
1250493102063747074	
1250485328831545344	
1250483832115138563	
1250493287246462978	
1250478010995806211	
1250476207067533312	
1250475238158151682	
1250472726919290881	
1250468932575731713	
1250338068055437312	
1250497836220891141	
1250493923837050881	
1250479737933266944	
1250467214844665856	
1250467470550458368	
1250468346535043073	
1250339461893767170	
1250345011603881993	
1250343101111156737	
1250459492816478214	
1250458987147001859	
1250458789788213250	
1250458181035311104	
1250455494227111937	
1250453593615933440	
1250449579151183873	
1250450866852724737	
1250413565791612928	
1250411507248054273	
1250408536984584194	
1250353167457374210	
1250348136167604224	
1250450463880863749	
1250423631907258368	
1250457498420740099	
1250424043171241986	
1250446317748391950	
1250445814125809666	
1250449217686065152	
1250444551925481474	
1250442780226154499	
1250438731544162304	
1250433698132099072	
1250428665034407937	
1250444938539565056	
1250840694694064131	
1250845055675498497	
1250841188493668361	
1250842626531766273	
1250844408863436800	
1250844534008922114	
1250847089032036353	
1250619925401657346	
1250834883020230658	
1250848514969649152	
1250834159272177670	
1250877120164888581	
1250833356922683392	
1250869067214438402	
1250875934246305792	
1250878031792680966	
1250879924195467270	
1250884166352338944	
1250895830988578818	
1250833873883271172	
1250832927367344131	
1250905769555476480	
1250909256712413190	
1250912645647138816	
1250921059848724488	
1250921915558002688	
1250854907185430529	
1250849594554093568	
1250899267390263296	
1250866001127899137	
1250665223888879616	
1250666360121655297	
1250829110458363908	
1250687740632395776	
1250685356426420226	
1250680946870808577	
1250680323722993664	
1250675289983598600	
1250671027266306054	
1250670696876797952	
1250690133658984448	
1250696170294308865	
1250697199647744000	
1250692906068803587	
1250710495474020359	
1250700455912456196	
1250699081619435522	
1250931981497454593	
1250926382508503042	
1250787644553879558	
1250791053348798471	
1250796085955579904	
1250800273741590528	
1250801092071288832	
1250801119866961920	
1250813356736471041	
1250801313522135040	
1250812769634586625	
1250808145661870087	
1250808979418202113	
1250809248822460417	
1250809379596664832	
1250811155544760320	
1250812280289267717	
1250801747162886148	
1250831915529224193	
1250827975362334721	
1250826168330117122	
1250891718641188865	
1250926948358008832	
1250827312997826561	
1250815967246123009	
1250816384621252608	
1250816559481860096	
1250816792492204033	
1250817352096153601	
1250818841048948739	
1250813303401721857	
1250820513724805122	
1250816037890805761	
1250758892084056070	
1250732717857140737	
1250740722740924416	
1250773052096262145	
1250745754588549120	
1250749768029990913	
1250750787577249792	
1250725036115148802	
1250715555411173377	
1250759595523371010	
1250730655018876928	
1250762078308020224	
1250765106096422912	
1250765886975176705	
1250770172836671490	
1250770920043450370	
1250720588525535232	
1250729802765463552	
1250725625209540608	
1250710522078486528	
1250732318496456706	
1250588422596489216	
1250657330384916486	
1250650124726001664	
1250640411455979521	
1250640057884606464	
1250634722423652352	
1250629991458467840	
1250780986570190850	
1250786020389502976	
1250624958402686979	
1250615040807276544	
1250599792494993410	
1251093042834145283	
1251118053904900096	
1251017545240305664	
1251108454816641024	
1251207338658271235	
1251213605162364928	
1251218693780054017	
1251174472016711680	
1251296885920288771	
1251292936068665344	
1251283294232236036	
1251274439653830656	
1251244360873598976	
1251174633002414086	
1251176023959404545	
1251178354017030147	
1251205874456170498	
1251203869301932033	
1251202836555325442	
1251201915842695170	
1251200422477549568	
1251188165974667265	
1251186719585640452	
