1280281071687397384	
1280234189409771521	
1280263862764306442	
1280284159051624448	
1280181048618467328	
1280173329865900035	
1280171348883578882	
1280170810792194048	
1280170567283417094	
1280167347123339269	
1280164406547144704	
1279999451575119873	
1280034786015248385	
1280033521797480448	
1280028707088990210	
1280027257549885440	
1280124338121912322	
1280024287890386944	
1280013607720214528	
1280012146642841600	
1280002325357006848	
1280048615579283458	
1280052042212368387	
1280079043300192261	
1280063069066911744	
1279932667870367744	
1279951890185248768	
1280101538203963393	
1280648501215428608	
1280610158284963841	
1280624731301920768	
1280575218734546948	
1280573663616610306	
1280570684482224129	
1280563431112933378	
1280550864680296450	
1280551411852460034	
1280555476359483393	
1280556168331628546	
1280562984037888006	
1280564968652525568	
1280523723112579074	
1280320632673239040	
1280486725744279552	
1280501658376601607	
1280513671093985283	
1280518881031979010	
1280526179632648193	
1280550439126282240	
1280302014396694528	
1280301631167361025	
1280443530540797952	
1280444042782765057	
1280345796353949696	
1280421293947420673	
1280415124528852992	
1280410888734793729	
1280401186475003904	
1280396129889325057	
1280385472833835008	
1280360896171147265	
1280357942651318273	
1280356929806598145	
1280465396353495040	
1280325663849885698	
1280544516634787842	
1280527114173808640	
1280543978010615809	
1280876795559018497	
1280859179478114305	
1280869245895577603	
1280838811866415104	
1280652822615392256	
1280997047219286017	
1280963942911795204	
1280925057427083264	
1280908685338972165	
1280891808244027393	
1280888563471724545	
1280887486621892613	
1280886335448977408	
1280821697113812993	
1280738383279673345	
1280763549279649792	
1280731078043422720	
1280683020974874626	
1280683020308090885	
1280665655159648257	
1280818914142949377	
1280813880772636672	
1280808847771394048	
1280826464292593664	
1280779118879989760	
1280783681834020864	
1280802258867720192	
1280828980392636416	
1280807707532947456	
1280775081208082432	
1280768102406356992	
1280657852772814850	
1280662885891559424	
1280662926974570496	
1281371098659995650	
1281358402573135873	
1281355048073625600	
1281353343051247616	
1281347263206285312	
1281346110393483264	
1281308799836413952	
1281256403731197953	
1281307397240180736	
1281293102066683904	
1281277707150594050	
1281257502806552577	
1281256629644726277	
1281193469361270785	
1281107683387432961	
1281055472661827590	
1281293649293312002	
1281045408475570176	
1281209581616521217	
1281030977679003648	
1281025102474141696	
1281021380192948225	
1281020240558723075	
1281240504521252864	
1281040373293264896	
1281110837533401089	
1281035802332389381	
1281179326814142465	
1281151105917947909	
1281137687433318400	
1281612042361872392	
1281563822705094656	
1281642585073778688	
1281622609692708864	
1281614505261387783	
1281616568871456768	
1281609504430403584	
1281558790589108224	
1281612275913314305	
1281553756090400769	
1281612757281001473	
1281673070076461057	
1281721108782370817	
1281427926924161029	
1281429089782398976	
1281432960038653954	
1281443026397732867	
1281407795091234817	
1281402761121345538	
1281613606933725184	
1281384766550376448	
1281538656533012480	
1281530338854887425	
1281523557235691524	
1281498325770891265	
1281966057284964352	
1281976122272616448	
1281971949997117441	
1281855745965907969	
1281830581697802241	
1281815482316791808	
1281812001866436608	
1281965633232490496	
1281965001343823872	
1281955864031580161	
1281946342995005446	
1281936276556402689	
1281926210356867072	
1281906081925484544	
1281896011481276416	
1281880911743602688	
1281870845498085377	
1281869803225923584	
1282006017086291969	
1282004564804284416	
1281771346154815488	
1281978391860781058	
1282011795008479232	
1282067635245445121	
1281749968479350784	
1281750049463009281	
1281750160263933953	
1281767501060124674	
1281790314714402817	
1281800383283765248	
1281805414322118657	
1281745016394674177	
1281755085932867584	
1282383756297412610	
1282405969297842178	
1282383990566125572	
1282424940713725953	
1282432869814730752	
1282450212829757443	
1282231768280514561	
1282356934058934277	
1282316077914107905	
1282320414841040897	
1282329245050474497	
1282340692715503618	
1282341013223280641	
1282341221139193857	
1282341869947686914	
1282224539577901057	
1282347931421597701	
1282303697708396544	
1282242838630031361	
1282253368493146112	
1282263432272596992	
1282296820631138304	
1282107404117618688	
1282108821217742849	
1282109450136895488	
1282443545236975621	
1282349939423617026	
1282114863171420160	
1282250728849866752	
1282223168317513728	
1282137603316133888	
1282357762937298952	
1282152702726856704	
1282172835293655040	
1282208069783437312	
1282177869691580417	
1282183153201950720	
1282203034492104706	
1282207025682739200	
1282699089562435585	
1282560389042110465	
1282779498090565635	
1282499510233518081	
1282499991102279680	
1282540256286277632	
1282550322653802496	
1282477834993197056	
1282477595318091776	
1282464761318223873	
1282709340303044609	
1282691016554713088	
1282817080618815490	
1282798812365373440	
1282699188321628163	
1282786799144718342	
1282709816641806338	
1282704180763856896	
1282648750079406080	
1282655447275589632	
1282662007791955969	
1282720515220738048	
1282714802851393537	
1282630854196355072	
1282726148825329667	
1282765981887037440	
1282762501193560065	
1282730179568308226	
1282726249392201728	
1282749797376688129	
1282591440149729280	
1282593641534377985	
1282600657896300544	
1282605557837266944	
1282605687713918978	
1282681185223622656	
1283130729803603968	
1283152862722134017	
1283112489463558146	
1283098189114073088	
1283184501514960896	
1283062570728005636	
1283002759516545024	
1282947942656221184	
1283154558076608515	
1283014814952873986	
1282993241940463616	
1282983174948089856	
1282973606582996992	
1282963046760099841	
1283183260676186113	
1282897610987040768	
1283069291714273280	
1282917746234339329	
1282882511455084547	
1282875981275914240	
1282867411977306113	
1282908890657550336	
1282858841445527553	
1282857346918576128	
1282895036481323015	
1282837930306760705	
1283089284967391239	
1283078348453949444	
1282832214393143297	
1283412329640505344	
1283219734578843648	
1283300264531726336	
1283192616142508032	
1283193531717173249	
1283206141623713797	
1283400116573888518	
1283229799906004992	
1283239866390609921	
1283252829260443649	
1283261840152121347	
1283270065186656258	
1283315363812270083	
1283385831118352384	
1283380794849849344	
1283365695518990342	
1283343065575387136	
1283330875552198656	
1283330463386480642	
1283320396784250881	
1283395894436667398	
1283309785215987712	
1283456754962042883	
1283456197169995786	
1283454323209404416	
1283453928605192199	
1283425210239201280	
1283432430850973699	
1283492519632728065	
1283443384443691009	
1283450021556285445	
1283450550575562758	
1283450902595207168	
1283453258539859969	
1283442497038016512	
1283831190395539457	
1283890939434373123	
1283883031355219968	
1283880921611960320	
1283876270506311680	
1283829917784965120	
1283826129070161920	
1283816437900095488	
1283662652225576960	
1283667685251915776	
1283670118707245056	
1283692428663205888	
1283740908270219264	
1283763322077057027	
1283648857927106566	
1283564609019011079	
1283567408368594944	
1283575676734279680	
1283598549872021504	
1283621440701358080	
1283640619227725825	
1283797299806777344	
1283796658225139713	
1283795872682250242	
1283795378094190594	
1283830813067554817	
1283817321023315972	
1283773381771317249	
1284030073285365761	
1284014802180833280	
1284027351597060105	
1284032269624111107	
1284004134090190849	
1283963019425275905	
1283976379063656448	
1283996396765327361	
1284148154540138496	
1284157275070922753	
1284164772292960259	
1284178175631687683	
1283944863575105537	
1284176053460783105	
1284174410530926592	
1284173755611316225	
1284147868031492097	
1284206648848867329	
1284199635540729856	
1284149588660822021	
1284149922485334021	
1284152310575366144	
1284152388635557890	
1284155838521921536	
1284157088252469248	
1284162586884415490	
1284162755394773004	
1284119440263491584	
1284069197929046018	
1284080457835896837	
1284065307812929536	
1284065812005842945	
1283925878557138944	
1283926419685302272	
1283920110713888768	
1283924105100537857	
1284091627196125185	
1284140808958914560	
1284119588121133062	
1284095563856637953	
1284110611656224768	
1284111265615339520	
1284095506583441410	
1284120670251577345	
1284134219816431617	
1284426613967339520	
1284442066794110976	
1284450818901413888	
1284454117335867392	
1284370018336047104	
1284337160519397377	
1284417626958176259	
1284411207777017856	
1284483407930486786	
1284544395858018304	
1284554896411418626	
1284558151489126400	
1284559875092119552	
1284629019955269632	
1284407434715361280	
1284473226131673088	
1284488094813532160	
1284517096744001543	
1284479684210601986	
1284521310220156928	
1284522316291072002	
1284523470286729216	
1284529527339782144	
1284530397615988740	
1284534434490974211	
1284512438554112006	
1284286804498059264	
1284289789525504001	
1284284479490555904	
1284379658625007617	
1284649152429920257	
1284988548156923905	
1284979584757358592	
1284952381642473474	
1284907301409828864	
1284901816879198209	
1284871695078010886	
1284840412809592834	
1284850483383791617	
1284856617914122243	
1284873836903751680	
1284991407552438281	
1284879654013341699	
1284948540201066500	
1284948603044163584	
1284640542609952770	
1284653318292123654	
1284996440754753536	
1284874132866375680	
1284920848441376769	
1284739749362589696	
1284935540320550913	
1284749815784538113	
1284764915174187008	
1284765609419403264	
1284770162298634245	
1284800147453427714	
1284655144643096576	
1284659218767679488	
1284664251831877632	
1284669779387641857	
1284811671735726081	
1284674318513762310	
1284699485877108737	
1284704517284524033	
1284715905599959040	
1284716714064662529	
1284719616686788608	
1284827523986018311	
1284911983192674304	
1284912293139091456	
1284912871919558656	
1284916205896310784	
1285001475794640897	
1285021144181960706	
1285027707554680832	
1285017725639647233	
1285247969118294016	
1285243033097838595	
1285275509992108032	
1285263603160014851	
1285249634005286914	
1285286829193859073	
1285285924880908288	
1285287677282197504	
1285082487610159104	
1285087037893246977	
1285114946632577024	
1285130003017953280	
1285090555383300096	
1285177634683416582	
1285157502133379073	
1285138193365348352	
1285132753579569152	
1285069829980876800	
1285180728926330880	
1285221902416441352	
1285217625954414593	
1285212422928658432	
1285202800599851016	
1285192734312030208	
1285229302036848640	
1285600065910906880	
1285621241852960768	
1285610672118796291	
1285613195907010560	
1285608952219283456	
1285601706001281027	
1285601049471057925	
1285614582644576256	
1285588653029257217	
1285626750165307397	
1285474591532478465	
1285473558064328704	
1285479624533659648	
1285499759386521600	
1285502694044491778	
1285509031432384513	
1285514862026579969	
1285529961470676993	
1285472548465946624	
1285373731955544064	
1285377100162019328	
1285381187289010176	
1285394062065856512	
1285399094110773248	
1285404127439151104	
1285414193571590147	
1285422858106073088	
1285429293087109120	
1285447199778721793	
1285559728924319745	
1285570221646856192	
1285572738250203141	
1285634023168126977	
1285635983749320704	
1285692918821511169	
1285716183350521856	
1285628881953787913	
1285981281579393024	
1285971907192463360	
1285970472576987138	
1285959812757495808	
1285912477029601281	
1285927490007953409	
1285922494042406912	
1285917510517190657	
1285758287669911553	
1285761482093924353	
1285981899756834816	
1285791680940003328	
1285780829189189633	
1285774528874868736	
1285982712600449025	
1285806780291964928	
1285962094836416512	
1285995284749844482	
1286065094787362816	
1286025691582980096	
1286003815196565505	
1286002703357939712	
1285737928979668992	
1285737853889261573	
1285737556550668288	
1285733598717530113	
1285811813502857221	
1285816849830162434	
1285821857619251202	
1285842012588081152	
1285892345607663616	
1285884214378770435	
1285810077748715521	
1285872211597725699	
1285867202646663169	
1285857394128379904	
1285878193375903744	
1285998563932229632	
1285994547458322437	
1286092430165422080	
1286100980304510981	
1286102928676118528	
1286118838011154433	
1286389069707202560	
1286288739669430272	
1286279897955139588	
1286277800551276544	
1286274864861544449	
1286216113605373952	
1286227659102412800	
1286158054803640320	
1286184267815550976	
1286179238685503488	
1286164135361654785	
1286202823902760960	
1286123726933655553	
1286415989123383296	
1286352467723276296	
1286322055877660673	
1286335187878633474	
1286336306168180737	
1286347882522705922	
1286351177827983361	
1286352692735090689	
1286372499559723012	
1286372780401926144	
1286378352018952194	
1286498408497209344	
1286528818744659968	
1286546655572107265	
1286455423831142400	
1286464484718993408	
1286686178721378304	
1286551688774475778	
1286687584140308487	
1286691234464104448	
1286692090953502725	
1286696408356212737	
1286706985812074496	
1286712128460804096	
1286713660547772421	
1286808580985729024	
1286727721498836992	
1286592436798545920	
1286591954252214274	
1286585288274276354	
1286573156208005120	
1286642285703237634	
1286999640487923719	
1286934404883812352	
1286820366984208384	
1286950182014263298	
1286934209202810880	
1286969441444433920	
1286976133250994178	
1286982883714822146	
1286924142948888576	
1287024542079021057	
1287164853770051584	
1286854672037289984	
1287051605305700352	
1287055219671662595	
1287059299177463815	
1287059530627653632	
1287060246352072710	
1287064762539487232	
1287070352640811013	
1287170768019759104	
1287044645055324162	
1287010476920995846	
1287024810598383618	
1287060426921041921	
1287118229203111936	
1287152421307785216	
1287158784616361984	
1287006171824443392	
1286873735039918080	
1286894711496531969	
1287412995472072705	
1287442004469833730	
1287423754423992320	
1287441864262668288	
1287480068470722560	
1287489438457696257	
1287490027719712769	
1287418512345006082	
1287402298096803840	
1287523590615830528	
1287214040775680001	
1287535417688862720	
1287458302188822530	
1287367061430206464	
1287276464371630085	
1287278125248733186	
1287311700442718208	
1287191862793474049	
1287194302917955584	
1287200967092445184	
1287405948114472960	
1287398132997742592	
1287231166102286336	
1287222204116000768	
1287895543725793280	
1287797949486043136	
1287789039475666946	
1287780513844023301	
1287776664945033219	
1287658432057630721	
1287675780743364608	
1287674089424015360	
1287755147343405056	
1287770800636993536	
1287765893158641664	
1287764592811098112	
1287736521097744386	
1287750465707372544	
1287809081084973056	
1287809469112561665	
1287816536015675392	
1287814109552152579	
1287570204906491904	
1287556829531090946	
1287618719569436673	
1287608665130770434	
1287873550435532801	
1287884283428757504	
1287655230499196929	
1288071704569421825	
1288111977793851395	
1288111822793347075	
1288101903730057221	
1288098305637900289	
1287910703660064770	
1287901317671694336	
1287971041214476288	
1288036473296494598	
1287993097603805185	
1287950908542705665	
1288128392458465283	
1287914297578807298	
1288183715659685888	
1288182764009926657	
1288172507124703243	
1288136659310129154	
1287955941799927809	
1288036732303073280	
1288051573587935235	
1288042834478546944	
1288061638180995073	
1288066674210385924	
1288439125574639621	
1288403893391564801	
1288313296450277376	
1288351053973348355	
1288339486615642113	
1288328396070510592	
1288327041348067328	
1288318865097682945	
1288445613781078022	
1288397045087088640	
1288265088202203136	
1288267997954465792	
1288269714574077953	
1288288130659782656	
1288454225123516417	
1288466809381953536	
1288474364791283715	
1288479391543185408	
1288504283940487169	
1288512071198539776	
1288518264449097734	
1288519412379680768	
1288525012488552450	
1288544391221727233	
1288264531114745856	
1288594340378484736	
1288592897336463360	
1288620319498883072	
1288564903121285120	
1288424026189238272	
1288821654207049728	
1288637503365197824	
1288786414017155073	
1288806641702285313	
1288815452743860230	
1288771314526957569	
1288692399384928256	
1288680717338066944	
1288670654602993666	
1288660584775348224	
1288645485264113666	
1288639622281482241	
1288635418909474817	
1288701238234583040	
1288705651493879808	
1288706631803351040	
1288761486945292288	
1288759218158178304	
1288741115366117377	
1288720982861942784	
1288628963200262144	
1288715950301147136	
1288866268616036353	
1288908531509465088	
1288905181388840963	
1288891974649556997	
1288888354180943874	
1288882047315042305	
1288877084539060232	
1288876521545965569	
1288908614296645632	
1288865777525940224	
1288847053871706112	
1289113049937281024	
1289257357487136770	
1289248878038982658	
1289225486153940993	
1289236114260103170	
1289226870651682816	
1289216148089626626	
1289199138094100480	
1289194100277669888	
1289189229046636545	
1289184424634900480	
1289242982437326848	
1289157352877219841	
1289137307782537216	
1289126788975624192	
1289259641503850496	
1289231348952047618	
1289141678486384642	
1289098470289178624	
1289058204714971138	
1289051686623784961	
1289007797493874688	
1289013966484602880	
1289028005805793281	
1289005566849777664	
1289042350090543104	
1288992541291945985	
1289634950161920002	
1289681851917856768	
1289366734596485121	
1289362287807967236	
1289352101122805761	
1289350129145634816	
1289430659073810433	
1289380329849987073	
1289445758408642560	
1289440726217039874	
1289416984732397568	
1289401763951333377	
1289390393562341376	
1289632972006555648	
1289628496411598848	
1289549082621382658	
1289612466809458689	
1289548468487196673	
1289542014204129280	
1289526289162997760	
1289496095509237762	
1289490023566282758	
1289487421193650176	
1289568171624558593	
1289597255754764290	
1289600797060345857	
1289605573059772416	
1289627576218972160	
1289952085576835072	
1289893713162903555	
1289901164486463489	
1289888677032677377	
1289886780829741057	
1289883644228562945	
1289863511863156736	
1289918810758057986	
1289950893131984896	
1289954712889044997	
1289953696118222848	
1289952403303755776	
1289940383082795014	
1289928942468698114	
1289855716769972226	
1289853444719861767	
1289847596022820865	
1289957286102745088	
1289749880617877504	
1289758339606302720	
1289732400444895232	
1290060948305190912	
1290069919220957184	
1290069870814433280	
1289843378398650368	
1290060250641571840	
1290059805311283207	
1289976391140642816	
1289972752821059585	
1289830155913838594	
1289809685688639489	
1289961232166842368	
1289967649762336768	
1290046530875924484	
1290019383847206913	
1290017942235750400	
1289989492560945153	
1289982213283430401	
1289978522568515585	
1290200733250289666	
1290271197888950272	
1290304245980262401	
1290292718472531974	
1290296363578568704	
1290302051809812484	
1290324671334948866	
1290320660556742662	
1290324094630727685	
1290213627216027648	
1290225903948173312	
1290257562764341248	
1290404730318061568	
1290414806730670082	
1290432258722103299	
1290185633705521153	
1290155434691555328	
1290074907297144832	
1290120206795251720	
1290100069958647811	
1290094224315052033	
1290082453768429569	
1290115169406857219	
1290132044136083458	
1290133526470209536	
1290578637205303297	
1290709361556324352	
1290714227812990977	
1290716992446627841	
1290799672156516352	
1290776618789732354	
1290674198571089920	
1290674983224717315	
1290680895922409475	
1290681219169034240	
1290789613825454082	
1290683683641401346	
1290708832893771782	
1290608419628445696	
1290640560756330499	
1290651201810231296	
1290656235579224065	
1290707486211801088	
1290451615858806784	
1290502723075338241	
1290535198229016577	
1290542757967040512	
1290563121086513157	
1290493754172825601	
1290553054656442368	
1290445561271914496	
1290457455042863104	
1290467707486380034	
1290477557201227776	
1290482593717202944	
1290865110932762624	
1290901601444433922	
1290878958808883203	
1290807124746858496	
1290880020622135296	
1291039467776757760	
1291059993513525252	
1291141210091008002	
1291060144764321792	
1291082943910359040	
1291136739701075977	
1291051646571683841	
1291051336230993922	
1290960740975706112	
1290932419168632834	
1291198558063009793	
1291212399500902405	
1291323129151852545	
1291324241741148160	
1291262731040034816	
1291342893450330113	
1291307547090014215	
1291187233345564676	
1291169893077995521	
1291413350455418881	
1291419915526774788	
1291431332975763457	
1291434730857140224	
1291440943007248385	
1291409026400620545	
1291403844774014976	
1291393198754074626	
1291459733233315841	
1291414599133265920	
1291479562677821441	
1291514389175173127	
1291358362903277568	
1291217432498012160	
1291565777879932928	
1291554654854291456	
1291549621358141440	
1291542744477757440	
1291802691342077957	
1291635185088204800	
1291567918040244224	
1291645252655144961	
1291655317793599490	
1291674192119832578	
1291631373631934472	
1291630153366372354	
1291590851496275968	
1291593031561314310	
1291792930848505856	
1291810603112300545	
1291640218366312449	
1291788149694365696	
1291758638282027015	
