1291782406081568768	
1291715715804934150	
1291788037706440709	
1291767016668504069	
1291906976109142017	
1291907141373050882	
1291917045320290305	
1292125465923248129	
1292248008499671040	
1292243232835829760	
1292202581612285959	
1292166922637844482	
1292140678684774402	
1292129418010415105	
1292165060912177152	
1292047928626831360	
1292031650902077440	
1292017705659371525	
1292026740664016896	
1292521265186701312	
1292572518792953861	
1292594789662232576	
1292598628461281280	
1292387087962890240	
1292500637494714369	
1292498126939607042	
1292491559854907394	
1292483652857856002	
1292461940669689857	
1292410292484399104	
1292334795004030976	
1292344861459394560	
1292367147797159936	
1292300855119470594	
1292284463544586240	
1292279431927492614	
1292359960844816384	
1292843406847365120	
1292828045427040257	
1292884774231707650	
1292899428890705921	
1292932591805435910	
1292866214625189893	
1292810385632894977	
1292830569433202689	
1292712282464559105	
1292727381778726913	
1292948250195042310	
1292963940700323842	
1292743822812692480	
1292857221655801856	
1292692934635057152	
1292636836376936449	
1292616173394092032	
1293241856151748608	
1293280192715280386	
1292975607765073921	
1292990393265471489	
1293112756103598081	
1293118960137842694	
1293140242229207040	
1293110038861553665	
1293049506162868225	
1293049961869803520	
1293059570730844160	
1293160234463170562	
1293140248273149952	
1293034406739755010	
1293044337190682624	
1293207830602878981	
1293205604970962946	
1293212634049896449	
1293216700318572544	
1293175333601124353	
1293170309068025858	
1293204868077764608	
1293613753142042624	
1293613172042223618	
1293408189233291264	
1293527655103504385	
1293349237443293185	
1293487390145703936	
1293475483972063232	
1293466470261825537	
1293442092300148737	
1293416925402402816	
1293573593457188864	
1293572524786290689	
1293464963797807104	
1293411892250124289	
1293565499339468801	
1294059019032645632	
1293769246913290240	
1293944668061917187	
1293941101133529090	
1293920242071027716	
1293900109554409472	
1293948071081136128	
1293949803353841665	
1293940209189621761	
1294061071657889793	
1293728961277566977	
1293736352190619648	
1293749114279063557	
1293755104542089216	
1293759180881485829	
1293713882125672448	
1293708849086492672	
1293698785650987010	
1294057323615227904	
1293973773780242434	
1293699681428451328	
1293831468465000448	
1293837804405841920	
1293839989973741568	
1293867393798885376	
1293780115202039810	
1293789381631696899	
1293773910396350466	
1293890043040260102	
1293961986267656192	
1293963534951473159	
1293972434404728837	
1294056137357053953	
1293703816039153664	
1293708177129652224	
1293705089543151616	
1294064336307011586	
1294076743137935361	
1294081303206408193	
1294132850967470085	
1294149420880023553	
1294303515859456000	
1294310831728078848	
1294334758344896512	
1294341304365846529	
1294341414365597699	
1294106671409586177	
1294341866587148288	
1294297880593862658	
1294298500247715841	
1294297594747904002	
1294253118989807616	
1294259526758146048	
1294262497256640516	
1294342514565165061	
1294207132351397888	
1294347386979065856	
1294196894743138311	
1294201191270768643	
1294453759163080704	
1294554225607729153	
1294554420781420546	
1294554802790121472	
1294527302705876992	
1294468856887619584	
1294689674070568960	
1294494022720016386	
1294695441389494272	
1294673980784291842	
1294704408085835776	
1294488989680902144	
1294428591716016129	
1294709298195566593	
1294670228211761152	
1294428197027639296	
1294599719268777984	
1294666174505127937	
1294617170207334402	
1294640624180662274	
1294642109241110529	
1295040320342839296	
1295050572316512257	
1295056023062011905	
1295066546814033920	
1295068605839749121	
1294942300439625732	
1294904585727823872	
1294916322829074432	
1294916808642715657	
1294928899143397378	
1294941974437474306	
1295056451162058752	
1295108985570435076	
1295136398035562498	
1295140504762490881	
1295138267847770114	
1294812370360049666	
1294964405000531971	
1295015638335926272	
1294997347072503809	
1294987272958468096	
1294982241110691840	
1294972173455630337	
1294896675950034944	
1294800129275224065	
1294831248733601794	
1295112059944939521	
1294863960328437760	
1295216761411784704	
1295280825638871041	
1295274514503184384	
1295237546062966790	
1295193635609346052	
1295158400469196800	
1295181413143072768	
1295159191150108672	
1295158280931520514	
1295151714035576832	
1295345121479626754	
1295359733877137409	
1295372273738608645	
1295381972622204930	
1295383581959892997	
1295385376446611457	
1295387591894863875	
1295389556104204288	
1295395542579773443	
1295397648925696001	
1295409819319443458	
1295419625736462337	
1295424063440068615	
1295475522294747139	
1295609704912060416	
1295666750357295105	
1295668891012575234	
1295654104211943430	
1295676816804335617	
1295678223154470912	
1295522660957356032	
1295530854689669123	
1295550987441016832	
1295571120637214720	
1295561053661585408	
1295858010405793793	
1295732181562785792	
1295711388590116870	
1295706396785221636	
1295700753747599361	
1295751694387748864	
1295784726125477888	
1295758235929124864	
1295754955865956365	
1295729135969419264	
1295751878773481478	
1296014038531375106	
1296084504113582080	
1296029997639929856	
1296019071843147777	
1295984088713576449	
1296005342191448067	
1295998939078864896	
1295891057113067520	
1295923441531584512	
1295913375294095361	
1295874469534162944	
1295925961595031554	
1295938540988239872	
1295979144434429952	
1295963707453739009	
1295966502827388928	
1296104635896397825	
1295968740106858497	
1296150911073562624	
1296193677954551808	
1296106088362909696	
1296201148991451136	
1296118868545605635	
1296126362244259841	
1296127922315636736	
1296131123089563648	
1296143559977062400	
1296237787457282049	
1296326096158261249	
1296337635099602944	
1296266928198041600	
1296391906444709888	
1296416628742086657	
1296275763071680514	
1296409142706372610	
1296293163468955648	
1296473415960993792	
1296461993789083650	
1296519432815214593	
1296518175417344002	
1296436824789995520	
1296414175258869765	
1296426758275846145	
1296602713015255041	
1296864516400087042	
1296678416264159232	
1296675899664891904	
1296673383745085442	
1296668349972324352	
1296860040754847745	
1296643285566361601	
1296703582755004417	
1296708854370070528	
1296598274485280769	
1296738814270926849	
1296866063435661314	
1296713648396623872	
1296779088170950662	
1296839896343220224	
1296718684644311047	
1296688484749660160	
1296847059350364161	
1297073034444935171	
1297094245988229123	
1297126368451293185	
1297116301580619777	
1297136434206453762	
1297172618865283073	
1296962987379404800	
1296975375424200705	
1297312595137855490	
1297015638368456704	
1297005573662105601	
1296990475967238146	
1296980406277988358	
1297248567506145280	
1297179217889759234	
1297225666375671811	
1297218647983874048	
1297220136034873344	
1297200017392963584	
1297208136793755648	
1297200767439437824	
1297025704614273025	
1297557839637028866	
1297564234554003456	
1297487324280807425	
1297481683193667589	
1297518955481841664	
1297483722640560128	
1297498822264999939	
1297684496490221568	
1297670716381429762	
1297564982763294720	
1297575486726512641	
1297584040615313414	
1297601132257316876	
1297605446535131140	
1297657561928400897	
1297628354208772099	
1297398161208639490	
1297408225176891392	
1297462563912011776	
1297463589914124288	
1297438424098656256	
1297382730485780481	
1297335462588059648	
1297372993073618945	
1297380542908903424	
1297603262728855554	
1297662761661599748	
1298046621893107713	
1297921608363827200	
1297942262857572353	
1297932949401346048	
1297920952081285120	
1297918068077846530	
1297917150255095810	
1297912210438512642	
1297911545360453632	
1297909707043086336	
1297902581881085952	
1298042403991871488	
1297697985153777664	
1297804176823549952	
1297816846008061952	
1297742581413998599	
1297758607925108736	
1297688574481981440	
1297871276317450242	
1297861210197565446	
1298283897202106370	
1298224623855661057	
1298249325714083842	
1298258834918723584	
1298287145652817922	
1298313194650374156	
1298077637831618560	
1298289986169704448	
1298305630902468608	
1298158167071883264	
1298112868152352768	
1298087702408167425	
1298102801831096321	
1298199379916906501	
1298403707843796992	
1298287759166234624	
1298201373159256065	
1298650563882688513	
1298490977733103617	
1298488218786992128	
1298533785865093120	
1298659008308445187	
1298665153580408832	
1298671720627417090	
1298713885323608065	
1298739074946170880	
1298584054057406465	
1298636319615340545	
1298673415688269827	
1298672176011382793	
1298434990884229120	
1298433349912891393	
1298411761968635904	
1298449796097691650	
1299012148455247872	
1299056503530360838	
1299048157683298304	
1299029389376720896	
1299023108859400192	
1299018715703508993	
1299011823438573572	
1298852743440809986	
1298909529124429826	
1298949995974909952	
1298822544691142657	
1298880425956216838	
1298965990324092928	
1298977876088205314	
1299127667594162176	
1299112655433719808	
1298963113996242945	
1298978572720373761	
1298958440140664833	
1298801280500998144	
1298782845578522626	
1298777246157533192	
1299288112326090753	
1299280366490906626	
1299275529242046464	
1299210098120638469	
1299363609659740160	
1299382379413372929	
1299374008727736320	
1299370198596808717	
1299362188214202371	
1299338445341384706	
1299360934008250375	
1299230209699323904	
1299310761492099072	
1299402454136770562	
1299414667207544837	
1299179757641195521	
1299494996366692353	
1299182597637980160	
1299144067029168128	
1299427666148417536	
1299417116576280585	
1299400636207898625	
1299177812801196033	
1299401089339535360	
1299755085245935621	
1299587587875770370	
1299562419782479872	
1299557388387835906	
1299547320166555648	
1299655244859600902	
1299853894290255872	
1299515871623221248	
1299767904599236608	
1299592360699899904	
1299634983271768072	
1299660672972722177	
1299581449134202881	
1299536451168690176	
1299699203837292545	
1299725779131981824	
1299728514430701570	
1299735400592834561	
1299739966751363074	
1299743180552839169	
1299744825940619264	
1299737197193711617	
1300096253037023236	
1300113357291257856	
1300094975045251078	
1299862618606170115	
1299894608818655233	
1299923582814793730	
1299949976555073537	
1299917257770897408	
1300075802659356672	
1300025472642842624	
1300030504301805569	
1300035907064442880	
1300040574138036224	
1300072245402845184	
1299963018294390784	
1299980173492666369	
1299990585009303552	
1299995275679789056	
1300038483365359617	
1300129576941768705	
1299979008642146306	
1300143678401511429	
1300184811076825088	
1300212497367138304	
1300219618779230210	
1300145501707415552	
1300472665770262528	
1300513182885335041	
1300503356553736195	
1300483946879365122	
1300241896867008512	
1300236863970504705	
1300262029647736833	
1300252139445313537	
1300478773280804865	
1300452156550426625	
1300460134339092481	
1300458868376367106	
1300458256599457793	
1300454469713293312	
1300452618469343232	
1300837290315591680	
1300835772946411526	
1300825553415606273	
1300825338126249985	
1300815828569518084	
1300805611689443329	
1300604284871028740	
1300844703986876417	
1300772895832993793	
1300677520237293569	
1300785479126638594	
1300601611379642368	
1300654616481210369	
1300684815365103618	
1300621071968739328	
1300750248311226371	
1300720654002520065	
1300702706462420993	
1300782962317897729	
1300940878597386240	
1300870135213944835	
1300866346629107714	
1300858173058945026	
1300793922663243776	
1300790512014819328	
1300602591106088961	
1300941507013140481	
1301306947413573633	
1301170175794794496	
1300961640393834496	
1301032103807561729	
1301057269728239619	
1300981772256120832	
1300986805295165440	
1301194568487051264	
1301201796573081601	
1301273501685428228	
1301112637007241219	
1301127714741473281	
1301135941998764036	
1301011971232296961	
1300957467891826689	
1301559658285588480	
1301574507589664770	
1301590124296368133	
1301374359051927553	
1301364292630073345	
1301351709944537088	
1301339128471183360	
1301323983942373377	
1301359259498799105	
1301579510782066689	
1301553237829595136	
1301552583111213057	
1301549598528413696	
1301549455766884353	
1301548607733145600	
1301821517630566401	
1301819806111289344	
1301957595654230018	
1301736746955149312	
1301671770647216128	
1301674815422492672	
1301691534325116928	
1301837410397908993	
1301801777671491584	
1301756879555633152	
1301746022092140545	
1301919657574756354	
1301901270681174016	
1301897812410425344	
1301886997879902209	
1301763102912860160	
1302302764555554816	
1302305542275244034	
1302054651940929536	
1302039373966241792	
1302214828446998530	
1302204831285665792	
1302194764901564416	
1302177519739650048	
1302058609094787074	
1302263067338838017	
1302255163055333377	
1302245102882926593	
1302149466275733505	
1302071584258023425	
1302272303892496385	
1302091329611001856	
1302100365781786625	
1302119267547086849	
1302080451834597377	
1302633981771485185	
1302637158185009153	
1302637261436203009	
1302549602902532097	
1302660083332022272	
1302648062817562624	
1302631621569531904	
1302567219226980354	
1302622328694534148	
1302396280946089984	
1302406224130973696	
1302435348048273408	
1302441389951770625	
1302496780005801989	
1302466555771408384	
1302470930170482690	
1302488213009780736	
1302502146084990976	
1302511548406013954	
1302670414397812739	
1302631507094315008	
1302729238055972865	
1302610773626114054	
1302747795548499969	
1302531990651047936	
1302840281834745857	
1302796202308587521	
1302827302863028225	
1302860119735111680	
1302874242082631681	
1302896955656343552	
1302760063631728640	
1302772314799448065	
1302990082069139458	
1303002109026197504	
1303002301796356102	
1303008636877316103	
1303016433849380865	
1303030273660137472	
1303003413370859520	
1302920202649174016	
1302931494776700928	
1302934640345391109	
1302937156885909506	
1302973453750820864	
1302975391989002241	
1302979938992173057	
1302986243907751936	
1303173796963078145	
1303186298321219584	
1303196367398014981	
1303203146185891840	
1303206430955069440	
1303390618023010304	
1303395918297862146	
1303396163505344512	
1303400117370859523	
1303412436222062593	
1303439376739901440	
1303166442578128896	
1303443027533463552	
1303474823050399744	
1303480110935236619	
1303438811691712513	
1303378657466109957	
1303347363474337792	
1303376953618169858	
1303327049197604864	
1303342578117431297	
1303322194378764291	
1303362459726643204	
1303371042178633729	
1303473188723208194	
1303161967381676032	
1303359854564737025	
1303156838557343746	
1303159852970123264	
1303176833282617344	
1303128406708506625	
1303221530826928129	
1303302323796455424	
1303273629409398785	
1303154154165039105	
1303249641543053312	
1303242118823948288	
1303241663897247744	
1303236630036144128	
1303266829050286080	
1303538620188553216	
1303607296908382210	
1303634253813551104	
1303624183805612032	
1303624152985739266	
1303617486194053120	
1303614117333348353	
1303563785697976321	
1303588954386690049	
1303596504855134209	
1303589243944464384	
1303504028718960640	
1303728047032500224	
1303714312121352195	
1303710384776331264	
1303710028730310657	
1303742729940332557	
1303698423263227904	
1303518487323631618	
1303838414010163200	
1303835576609771521	
1303800590879907840	
1303784924160372736	
1303776304010010624	
1303751196566368257	
1303749233388982275	
1303568818904510466	
1303675400787165184	
1303694323691655169	
1303911276137992192	
1304006704212787200	
1304072890984226817	
1304046969585692672	
1304052002788433920	
1304071322717229056	
1304080973454364672	
1304041943173791744	
1303880875063554050	
1303865775560646656	
1303860047349338112	
1303848431090151425	
1303986547176349698	
1304095706085494784	
1303931572140126208	
1303946306222788609	
1303964700137283584	
1303956372531314688	
1303938938453676033	
1304138017725190145	
1304132495462596610	
1304128392573472771	
1304117060222550017	
1304110472506023937	
1304115361034330112	
1304219035240820737	
1304230680017027072	
1304228986755579905	
1304238231286763520	
1304273461829709824	
1304252425461735424	
1304278495133138945	
1304379158466764800	
1304340391232110593	
1304280666276651008	
1304303660931772417	
1304285495120203776	
1304313728943390720	
1304318760824705024	
1304356307034488832	
1304456285966958593	
1304555321776463872	
1304565385526521856	
1304458969264664577	
1304848672677597185	
1304855357265768448	
1304754513945874435	
1304756645856075779	
1304774846270681088	
1304813065637113856	
1304727312647110663	
1304582186964664320	
1304590551493165056	
1304611344931381250	
1304696247886974977	
1304650712563892224	
1304595584553160704	
1304635849867505665	
1305043536224624641	
1305207922671185921	
1305292677953368064	
1305283814336454656	
1305249499737133058	
1305219106732294144	
1305058635677151233	
1305088415570907136	
1305175895792115717	
1305124601521868800	
1305140370129387520	
1305188939368747009	
1304968038802915331	
1304945009024671744	
1304945775206522881	
1305026467823104003	
1305516424656379904	
1305353075876454400	
1305318604628324352	
1305400894595280897	
1305436123053748227	
1305373208456044545	
1305359260289699841	
1305520378383491073	
1305365658721333249	
1305530259278790663	
1305550109250387970	
1305439071112577024	
1305456255721508864	
1305454590792314882	
1305441156126453760	
1305496521249566720	
1305526875968729089	
1305558462835970055	
1305535977046315010	
1305661610589974531	
1305871425186729984	
1305888785633337348	
1305895521098309638	
1305892795043983364	
1305662172320555008	
1305731986124730368	
1305794004634578944	
1305803544075800582	
1305844410656067584	
1305774987995803648	
1305768311993425920	
1305843877639647234	
1305919841405206529	
1305836224104390658	
1305914107355435008	
1306259242299666433	
1306253143508885509	
1306065271120039938	
1306040102938959872	
1306081398281789440	
1306030008201170944	
1306265991085789185	
1306150832509825026	
1306035072433295360	
1306284186588897280	
1306245104701591552	
1306201164376088576	
1306216269968859138	
1306125666551619584	
1306286951432101888	
1306125028518313984	
1306111599665504256	
1306357253428183041	
1306380702917693440	
1306085401317130240	
1306256768880775168	
1306325785922371588	
1306110571163521025	
1306296730632228864	
1306025003327029249	
1306529578102460417	
1306588717910339589	
1306639760862187523	
1306638701464879111	
1306599277943111685	
1306584998376476675	
1306548455150477312	
1306642323145658368	
1306630489739014144	
1306655261545897984	
1306525803220471808	
1306739712825208837	
1306728683907018758	
1306725364736184320	
1306723496735764482	
1306718571763060736	
1306714542634872837	
1306674191039684610	
1306664124982743044	
1306734679815385091	
1306462155567325185	
1306477723850743808	
1306471616696578048	
1306420329938472961	
1306407523960807424	
1306480505668460544	
1306498120772022275	
1306509624216936449	
1306383204341878784	
1306486120209772544	
1306890707563458561	
1306893545702223872	
1306911638105153537	
1306926702056976385	
1306800110706122752	
1306811060519727104	
1306856171664322561	
1307071203237036032	
1307105424169152514	
1307071114322022402	
1307063451634761728	
1307024559640580098	
1306985130767126528	
1307042524171849729	
1306983243099648004	
1306988732378214402	
1307026680817561600	
1306990766066196483	
1306996541241077761	
1307009864561033218	
1307015737492602881	
1307018500200968192	
1306956138907271170	
1306771169933049857	
1306767396699615234	
1306762362020601859	
1306759849737441286	
1306752927474671617	
1307369891067035650	
1307121272070037504	
1307381970389864448	
1307359409887158272	
1307358243694338048	
1307346725938626570	
1307354685481930752	
1307248062398521344	
1307246140820127745	
1307333632965500930	
1307331391781101569	
1307469150772539392	
1307217863632183296	
1307384175062847489	
1307161731995582465	
1307231743632498689	
1307295994720133121	
1307273992844189696	
1307258129042743298	
1307169280157335552	
1307525901593108480	
1307499722370961412	
1307514508282179585	
1307514824859856896	
1307820620030324743	
1307737865598664705	
1307705060307148803	
1307591772512555008	
1307580251388571648	
1307571336617754625	
1307662026760544259	
1307729833057751042	
1307630582768324609	
1307650722138337281	
1307750733731835909	
1307987937582370820	
1308092436791660551	
1308003037114281984	
1308069987974819840	
1308023639204220934	
1308014717445632000	
1308020439399108611	
1308023169899524102	
1307967362327441409	
1307834497468002304	
1308111760302510084	
1308136903426953217	
1307957849616572418	
1308053368980598784	
1308058412836515840	
1307967809566257153	
1307892307392253956	
1307907651674599427	
1308259728502423552	
1308431482696990723	
1308429090739892225	
1308427073338433538	
1308423977891778561	
1308426871877652482	
1308421192710324225	
1308426388538613762	
1308552278995918848	
1308440278458458114	
1308200547304972288	
1308204363584876545	
1308209399815483392	
1308239599613874177	
1308546618896068608	
1308478107607863297	
1308460001120448512	
1308469071919419395	
1308260727300354048	
1308333730235215872	
1308375519105224704	
1308330198920761344	
1308325159716245504	
1308323865211281408	
1308284915276972037	
1308299997440401408	
1308398140471549952	
