1452689273057075201	
1452677584492240916	
1453094673132756992	
1453094652844838915	
1453142034441670657	
1453148506747596800	
1453038654083981315	
1453038762108375049	
1453040379348013061	
1453034127024873472	
1453029018366889997	
1453033990106005510	
1453083986343907332	
1453083911534297091	
1453004618951241735	
1453055257781678082	
1453091174944845832	
1452824259600945154	
1452817720009920517	
1452814778007756802	
1452867586404720644	
1452818259707785216	
1453055071877537797	
1453495840962646016	
1453496733338505218	
1453454255604609032	
1453429494937788418	
1453388273028567052	
1453420839144206338	
1453494224171802631	
1453199775206150144	
1453175226385108998	
1453478328736915459	
1453320309268828162	
1453246813138558976	
1453335670932443136	
1453398044548993029	
1453401063835455498	
1453402954627796993	
1453409714193195008	
1453804219107053571	
1453842722876534794	
1453747156699992067	
1453747483042099203	
1453728258143318028	
1453713158225289223	
1453773753998094342	
1453808577936830469	
1453744716676206595	
1453837003628453892	
1453771860852760581	
1453833401337790464	
1453763900416135181	
1453759671567781889	
1453759948723195908	
1453582295638495233	
1453654212970041348	
1453538255521992712	
1454116140196765704	
1454050380086595596	
1454080579360591878	
1453978955434790913	
1454015148272742401	
1454135472322715655	
1453929584102150146	
1454193864298930179	
1454174127586217989	
1454174064239579143	
1454205705070817285	
1454217361502916616	
1454167875007262727	
1454154361815322632	
1454153978938380293	
1454562313621606400	
1454564053897121799	
1454527462822481923	
1454582528438849537	
1454236613932818439	
1454437968039403520	
1454517080762503182	
1454497958746071041	
1454276055137619972	
1454302038402105352	
1454352023323746304	
1454407734871396361	
1454392635242786817	
1454347336788893697	
1454278130865160197	
1454928713578127360	
1454858876839469056	
1454932368519749632	
1454882110674702344	
1454932524195528704	
1454929553613279232	
1454927506205810695	
1454765089433731080	
1454622872064782337	
1454795288858726404	
1454659646241718273	
1454810396150304777	
1454825496886321155	
1454833952582217733	
1455267622300356608	
1455248166866014210	
1455312667913064450	
1455293400928899072	
1455293345861931013	
1455261303644246021	
1455163538062942213	
1455261923579207680	
1455047437794512906	
1455025530537852928	
1454992619675652100	
1454970795801726979	
1455157678267830273	
1455109861318922244	
1455096912088944640	
1455260603862376455	
1455602020992303107	
1455641280785043463	
1455641840686964744	
1455672264653934594	
1455648298870657029	
1455467217873735680	
1455565368760537088	
1455504976826933251	
1455434500410855425	
1455329694019055618	
1455389202032603141	
1455394234987651074	
1455404301384359938	
1455590487117684742	
1455559253117349895	
1455474767897587717	
1455892518768287749	
1455931116964225037	
1455931005265760256	
1456016830523482112	
1455925686917550080	
1455871804069724161	
1455945308978958337	
1456023585957548040	
1455925746841571336	
1456012218915606533	
1456012156206555137	
1455925636426502151	
1455688903667585024	
1456003775034970120	
1455977634215645194	
1455983528269733893	
1455964044809146370	
1455701514400370691	
1456244844737802240	
1456245577897840656	
1456082932368437252	
1456238454212218885	
1456083778749837322	
1456053579744092162	
1456220708778831873	
1456299297906036738	
1456326278383026178	
1456384789670420484	
1456318437957980161	
1456332467745525771	
1456332704279113739	
1456340668813611017	
1456351929693573128	
1456307475507032065	
1456700578000687118	
1456651051860434950	
1456652613055823873	
1456546841093414925	
1456579559340580864	
1456582062102786050	
1456584159015718914	
1456735172028665857	
1456741810034946062	
1456668789865697283	
1456692452526592001	
1456684603012431872	
1456679684297666563	
1456677408858415108	
1456660685295923209	
1456516817749364739	
1456441134255906821	
1456501532107624452	
1456451199813697536	
1456461772274028548	
1456750509067472908	
1457047369661521920	
1456879443989786627	
1457001825073311760	
1456984821972889603	
1457009775124926466	
1457019262829203459	
1457029614732197896	
1456795971606695939	
1456814846146596869	
1456899654570979330	
1456888569809686531	
1457046549519798273	
1457485657098629121	
1457388817338540037	
1457369829078441996	
1457458202740678659	
1457155209373708296	
1457355524152827904	
1457839737063026694	
1457831728798748672	
1457835120195510276	
1457739518178734088	
1457692498701086724	
1457529555644788737	
1457547853832675331	
1457787831149989894	
1457800581829971969	
1457800697651425281	
1457821981177487365	
1457573595966676997	
1457941016418344960	
1457949926646685697	
1458006447497826309	
1458073108556902403	
1458051746081640462	
1457881509461835776	
1458036646629163018	
1457910817920331778	
1458168257526091779	
1458207778317631488	
1458222879527485443	
1458225390451924995	
1458237974416527363	
1458243006390095876	
1458253073252552706	
1458260623893041161	
1458560227410841604	
1458511267010949127	
1458530208382914563	
1458540268441976835	
1458439299934810114	
1458462261358571528	
1458494517108219905	
1458497738249850880	
1458546587622428673	
1458555839590060040	
1458554023699693578	
1458546476448161798	
1458556641306152961	
1458818360712613896	
1458771489373634560	
1458685130722086915	
1458918076955738124	
1458716123873091588	
1458615460480655361	
1458633076485996546	
1458645661361086466	
1458855579783421952	
1458873988554362884	
1458858386804686852	
1458876250869706753	
1459267772257554438	
1459271554404081664	
1459266370256920582	
1459277022253961217	
1459185104476061697	
1459194831415103496	
1459201838360715267	
1459206007259869193	
1459121109240926216	
1459124061930356739	
1459138910039130116	
1459154009349001221	
1459120581610070019	
1459003014224748545	
1458977856596283394	
1459226311038226440	
1459226720423354370	
1459658238417321993	
1459656917048037391	
1459656176728166401	
1459567362634665985	
1459416124202774528	
1459585921116950529	
1459435866489819145	
1459437131470819331	
1459440899671216129	
1459567242308464645	
1459546907257286656	
1459404409264242696	
1459350302671392769	
1459340244633935876	
1459313613898928133	
1459317588081590277	
1460013873029808129	
1459993076345315337	
1459833486559170568	
1459811960900362240	
1459695075424940039	
1459712690373468165	
1459747923097370625	
1459961038070235143	
1459959320905498629	
1459853422388146179	
1459906989593665539	
1460110311080411141	
1460065013616582662	
1460200909095546882	
1460150575744446465	
1460282884061806593	
1460287044178137088	
1460311951872045060	
1460314038831833097	
1460718227777064960	
1460488772210987008	
1460619366534291457	
1460662320967962636	
1460662496222658569	
1460581590317162507	
1460670090421194758	
1460708061807583236	
1460708088445550606	
1460718156167749655	
1460729024607621120	
1460729094811926530	
1460646308650307587	
1460673290855460867	
1460701395573694478	
1460472099491909634	
1460701451882311680	
1460695367046082561	
1460680449014050817	
1460674347010506762	
1460861946119344132	
1460885417893539846	
1460762105343197186	
1460784754605789186	
1460830053156245508	
1461018379096109068	
1461018756768010240	
1461046550201778184	
1461026821265313795	
1461068391964463104	
1461218048048656389	
1461182377036849156	
1461348489070202885	
1461298137360842754	
1461479628623814665	
1461247805712789505	
1461397454738317317	
1461395194054541315	
1461142109528809472	
1461152177783820299	
1461159726096564228	
1461159868711112704	
1461397765225914369	
1461409109341876236	
1461380042768928779	
1461374236656873472	
1461407144188813316	
1461630464708411394	
1461569928255975425	
1461618627707162624	
1461796401038475268	
1461809110014386178	
1461809162346811403	
1461809231200505866	
1461809362738061319	
1461809483815047170	
1461809542954721284	
1461564895120564227	
1461844695915577352	
1461738920480325636	
1461724962939719686	
1461724849462726660	
1461691611193090050	
1461718215307014147	
1461529667970768904	
1462111816876806145	
1462032979639689217	
1462110030593994753	
1462096584720662553	
1461892053080711173	
1461958291114713095	
1461879938286383105	
1461952835302559746	
1461879938286383105	
1461892053080711173	
1461958291114713095	
1462096584720662553	
1462110030593994753	
1462111816876806145	
1462032979639689217	
1461952835302559746	
1462415500244312064	
1462476707022180354	
1462470360356605957	
1462507945690808322	
1462538313592619013	
1462405440856227842	
1462355102111604737	
1462448642481176581	
1462319870092058626	
1462538313592619013	
1462486909758943243	
1462507945690808322	
1462246889093570567	
1462231790622425091	
1462292187681464326	
1462319870092058626	
1462433116191170572	
1462470360356605957	
1462355102111604737	
1462448642481176581	
1462486909758943243	
1462433116191170572	
1462415500244312064	
1462405440856227842	
1462476707022180354	
1462231790622425091	
1462277087956332549	
1462277087956332549	
1462246889093570567	
1462292187681464326	
1462777888327962633	
1462792987772010496	
1462677230501306370	
1462609276757630979	
1462808979696926726	
1462829108820328448	
1462840178125557761	
1462677230501306370	
1462841449645543435	
1462574500734775302	
1462923225805901826	
1462899118515363852	
1462894636654112772	
1462574500734775302	
1462609276757630979	
1462792987772010496	
1462923225805901826	
1462777888327962633	
1462829108820328448	
1462840178125557761	
1462841449645543435	
1462808979696926726	
1462899118515363852	
1462894636654112772	
1463079877754511366	
1463077208805625858	
1463120697341865989	
1463014446851366915	
1463059745133117440	
1463034377697333249	
1462990539205197825	
1463255230871752715	
1462933923575513099	
1463034377697333249	
1462990539205197825	
1463014446851366915	
1463120697341865989	
1463079877754511366	
1463077208805625858	
1462933923575513099	
1463059745133117440	
1463633452054556672	
1463631711921741835	
1463631670431604747	
1463552605683130373	
1463637638427066370	
1463636638551228419	
1463636582334976001	
1463633243576717318	
1463633193840656387	
1463573105859833868	
1463565444325990400	
1463552752529944577	
1463621316079194115	
1463427166574501900	
1463501642041417730	
1463469951759446020	
1463307843751141380	
1463371805658386435	
1463340404099612675	
1463922568570757128	
1463922217801113604	
1463910318921429000	
1463849952300445700	
1463903501805834240	
1463895250787725318	
1463688890594873346	
1463957928977838088	
1463969800921751562	
1463983824535183364	
1463988136766316544	
1463988323312144391	
1463991244942626829	
1463812203568635909	
1463959274938318854	
1463910056315994120	
1463842717629247488	
1463905038842093580	
1463810379096543235	
1463839586753286150	
1464305507213131779	
1464309178000941056	
1464302592792707075	
1464302254207479813	
1464300919114379266	
1464288078374264832	
1464298726525124610	
1464267383057616911	
1464271377058435096	
1464269740076146690	
1464267347133403152	
1464225860949475332	
1464283055535894528	
1464296818737623040	
1464287795611160581	
1464336406872997888	
1464340292778274829	
1464358851348729856	
1464360225679593474	
1464293779339456513	
1464296043965788168	
1464297365427347458	
1464298270465871878	
1464300674905214982	
1464256657832165413	
1464113361688268803	
1464022446407766018	
1464046245438124033	
1464154617692913672	
1464559628209975299	
1464423732638855172	
1464418699671003138	
1464384718770634753	
1464433799178059778	
1464495407333920768	
1464532891837222914	
1464417201746702346	
1464595150521335808	
1464529429229711363	
1464719701058236434	
1464519365005561862	
1464463334669893638	
1464653394740666375	
1464649574220509184	
1464673990425853961	
1464659852593143810	
1464668341331709952	
1464671870184218624	
1464645581045968903	
1464616174264721417	
1464626017486659592	
1464626399273173005	
1464660100237438981	
1464663512010080258	
1464685701388193795	
1464674662147936257	
1464711969794150403	
1464694416405323777	
1464689232992251910	
1464494197248036864	
1464841317645631491	
1464848347991195651	
1464886451837890563	
1464826385919197188	
1464765988272889859	
1464786120605147143	
1465055157754945542	
1465023818653745152	
1465052236208394258	
1464947182180569091	
1464972349057355778	
1464968020292366339	
1465070786331488260	
1465018550490472449	
1465020480570675200	
1464983493621035019	
1465330871355858953	
1465304805660774405	
1465340220950331392	
1465345912595795976	
1465382935180324878	
1465269737584148482	
1465153035491966979	
1465148508550287363	
1465370357364314122	
1465353827176099842	
1465392174128898049	
1465410258940092427	
1465374768287395845	
1465370732985307145	
1465370436959674379	
1465368845091328002	
1465366220765634566	
1465359738946920451	
1465358663179288584	
1465443490536513541	
1465438309887483906	
1465431821206921218	
1465356973067563016	
1465355513940656139	
1465224005963722753	
1465353296437198858	
1465109127277924356	
1465438440196034570	
1465811443991957512	
1465823660128620544	
1465812511316402182	
1465500831965351938	
1465732336629260299	
1465712321574047758	
1465715300066742284	
1465720305515704331	
1465726530672279567	
1465689577897619457	
1465616592943792132	
1465676991072329737	
1465812478642868226	
1465825469165621258	
1465611559749758978	
1465596460137730051	
1465601963773419522	
1465815863831969793	
1465809107269701642	
1465774438184632323	
1465744568528297990	
1465750677586690052	
1465794981591932929	
1465778787359019010	
1465794215720505344	
1465571881663152133	
1465788863708897282	
1465592503856361472	
1465908517022351365	
1465938604207718400	
1465863223828041730	
1465857852216512518	
1465852729968906240	
1465849811177930757	
1466088534813863938	
1466025278988120068	
1466071353996582919	
1466089451243950089	
1466180015427624972	
1466118479795396610	
1466090219292270599	
1466095365317435393	
1466098529714196490	
1466168951885516804	
1466158139015839752	
1466151438581649409	
1466088505956876297	
1465966361251704835	
1465999118313000962	
1466016779205894144	
1465981417515479044	
1466470911540928514	
1466544456312791042	
1466220572820525057	
1466218334609805312	
1466544699464900620	
1466519878412771329	
1466519933127479296	
1466471062644965380	
1466336676213497858	
1466307555483734021	
1466386667502116872	
1466440771847036948	
1466441691641094144	
1466444662609256454	
1466448458018078723	
1466549013625200640	
1466456855098675208	
1466457886008217605	
1466457987216719880	
1466460348043735040	
1466457015463596035	
1466444977496629258	
1466451730133049344	
1466505070867107844	
1466484665095761927	
1466484714190082060	
1466505028106166272	
1466519824427892740	
1466519484370493453	
1466480935701037069	
1466519688670851073	
1466519769511862273	
1466519640130076678	
1466585381789323264	
1466585183432421379	
1466581712922578945	
1466864900492476423	
1466836697182879745	
1466565344340832260	
1466613159612067845	
1466613841786064901	
1466622950048731141	
1466878365047078913	
1466576669653839876	
1466900049846231041	
1466784290579038212	
1466796002489376774	
1466715316809990147	
1466915160338014208	
1466806393881645066	
1466764154589499392	
1466806661214085124	
1466890821828022281	
1466901550467620869	
1466882089559760896	
1466878424929218563	
1466824202548355078	
1466823337645162502	
1466821926878392320	
1466807053897408513	
1467146675491729410	
1467186464488407044	
1467260707678920712	
1467157882332487688	
1467035945274785794	
1466935517342167044	
1466980581938372613	
1467196327582969858	
1467196084086882313	
1467177676578463752	
1467170252593287182	
1467278641558016001	
1466985613572329472	
1467531368783613959	
1467530611627806726	
1467530877194416134	
1467531998965243910	
1467637050631282690	
1467470209216749570	
1467533077127868424	
1467515716391915532	
1467503644719267840	
1467594911709122566	
1467615335045943296	
1467574091288829954	
1467577011891625984	
1467532174228340736	
1467337935175536641	
1467312769963737091	
1467313273011724293	
1467313705146667012	
1467320609394749440	
1467322835764924417	
1467353034619383808	
1467667607792795653	
1467662149283500035	
1467829292797083655	
1467849883579142145	
1467730521975263234	
1467775820865413124	
1467899961987719168	
1467909936625725447	
1467911978060496897	
1467919012936011778	
1467915134777581571	
1467979519667720193	
1467901082634436610	
1467982525599469575	
1467986669164969984	
1467988038647177226	
1468003031920910338	
1467901862955397122	
1467995949154791427	
1467907984122597384	
1468252149750669312	
1468253514669465606	
1468231544171028484	
1468244993978642441	
1468360511498559489	
1468250804066865154	
1468288511400943616	
1468060196056539136	
1468295549883490320	
1468303835210862604	
1468261576926969856	
1468143252591321092	
1468158346138062850	
1468011165225684995	
1468163374567493633	
1468188543449239556	
1468198606641545221	
1468178976950652941	
1468289281684819973	
1468153307914981377	
1468007353501065220	
1468540861650591750	
1468701550377934859	
1468701841181523977	
1468596593343361024	
1468620102115500033	
1468636766135595010	
1468425098755391490	
1468385008725364737	
1468389866685689856	
1468398269784940550	
1468404966167650318	
1468415036993331201	
1468637302708748288	
1468632713750056970	
1468660380134252557	
1468654696076304387	
1468650810271805440	
1468668545726877703	
1469073432922968076	
1469076115365019650	
1469007239100964868	
1468762325372915713	
1468815168926846977	
1468991467586826241	
1468986586025152512	
1468985432968998917	
1468984423811010566	
1468981478805676037	
1468977055375187978	
1469010124790550538	
1468755433221345281	
1469051670084689923	
1468967877864661008	
1468957251050168326	
1469057817327943683	
1469129741932240897	
1469150622729457668	
1469159940799361024	
1469154909396291586	
1469172523619205125	
1469343754775584773	
1469297549915799553	
1469386054515965955	
1469333874417225738	
1469333573064962051	
1469343624672514068	
1469380246189314048	
1469347126958346243	
1469343867875045376	
1469215053899522049	
1469381985185505291	
1469333763859623944	
1469517300353093632	
1469572860544831489	
1469638099139366914	
1469723925563297799	
1469712044874162182	
1469711944055672838	
1469590855308562433	
1469955180783226883	
1469924982083964929	
1469965247163383813	
1469990413218062339	
1469981220524019712	
1470062430596251661	
1470044519567605769	
1469923164389998593	
1469841934646718465	
1469884716505391106	
1470087031393079298	
1470082353070583815	
1470077154809548803	
1470121415840043008	
1470134390634201092	
1470131511856930835	
1470417478710923268	
1470366792744771585	
1470357834034552832	
1470332255679631363	
1470374651607937029	
1470323750444826625	
1470450768293634048	
1470435717646098441	
1470526367007748098	
1470512084672778252	
1470272270060990464	
1470373861010984960	
1470499172486950922	
1470498424080506886	
1470492211364216845	
1470492151616311310	
1470466196009070598	
1470464581214560260	
1470455236150149124	
1470528967853625350	
1470206839119876100	
1470735321855844357	
1470728411647647747	
1470745387795419138	
1470892255179333637	
1470905654286028804	
1470826139702673417	
1470826495170035720	
1470823392165126153	
1470822498044362757	
1470656532417105922	
1470684472194387968	
1470564193808044032	
1470574263564267521	
1470577505471844353	
1470612009150390274	
1470596909475581954	
1470708786117558272	
1470770859132522498	
1470779579027623937	
1470819554536431618	
1470821930777329666	
1470822238660272130	
1470822314652717061	
1470691994464763909	
1470711669940572161	
1470976913367879682	
1470961813886013450	
1470931614834200576	
1471055174340804608	
1471084186232442884	
1471092676229402625	
1471049041119092737	
1471217475614302213	
1471229066527313930	
1471234119900274690	
1471127306181644289	
1471154090294005764	
1471101325018472450	
1471050445820891136	
1471244695145701381	
1471255791705407490	
1471247353181097997	
1471264745151995904	
1471623675451478024	
1471299039295643654	
1471339301140983811	
1471344335840890880	
1471588255330091018	
1471603949782376451	
1471588195464884235	
1471439964520865792	
1471486756503515136	
1471294002687324162	
1471513570571546629	
1471527790558257153	
1471547706199916546	
1471542722116964353	
1471537873455353858	
1471545037133602817	
1471926588644241411	
1471912037903183877	
1471981311082565633	
1471991764579799043	
1471958196109598720	
1471982696561741828	
1471914897701285891	
1471933217418752001	
1471915141516210180	
1471877121438007301	
1471869033381302290	
1471903332344205332	
1471721821565165572	
1471661425298862081	
1471807385450827779	
1471802352529289222	
1471641291423244289	
1471636258203996161	
1471648339707908096	
1472327481394970624	
1472345618169294848	
1472313832760659972	
1472013294135218183	
1472089242910085120	
1472035998947164161	
1472024003392851971	
1472193469296771072	
1472312291672662022	
1472226701098860547	
1472265622625128473	
1472266951766458379	
1472276522983731212	
1472008715524001797	
1472259384369631243	
1472128916319977472	
1472120539120496642	
1472121998796939268	
1472099638660325382	
1472314016643129350	
1472677904974811137	
1472711789540298754	
1472692037690482695	
1472552302539993091	
1472544744958013445	
1472512028564729860	
1472388716022824964	
1472481829630341123	
1472446599947300865	
1472878662403780609	
1472927616587886601	
1472824397790519296	
1472756136944312320	
