1417596365488594944	
1417596215844216836	
1417303244901081089	
1417563661120454665	
1417596149985255426	
1417596611648135169	
1417596303949762563	
1417348546609647619	
1417416705031041029	
1417449206122381315	
1417398873987899407	
1417341571062657024	
1417520055802339328	
1417535111478878217	
1417516138142044163	
1417512066932428811	
1417504570687868930	
1417501369431330823	
1417966756237398019	
1417898775750848516	
1417893036156145670	
1417874846856384515	
1417889216722255875	
1417811593602211842	
1417854145575342082	
1417927052766941194	
1417990270847696900	
1417985826890424327	
1417916072351633422	
1417918705137340416	
1417926495440363523	
1417923883659898882	
1417905915307728903	
1417709698090819587	
1417726473125830656	
1417670202917933056	
1417658999504207876	
1417700863842394112	
1417926656946229250	
1417940448698675206	
1417940266166669315	
1417936668594786320	
1417926621630279680	
1418004112046579716	
1418257903501389824	
1418323874375217154	
1418316789407260672	
1418320146922418176	
1418317471195467777	
1418317312978006019	
1418317161911705602	
1418317092407889925	
1418316977609842688	
1418316869698736130	
1418316463153291269	
1418316384543678464	
1418303492209483778	
1418103060597927942	
1418093450776379394	
1418007454009286657	
1418015436659036164	
1418028291655487493	
1418217104096972816	
1418229346561519618	
1418063251825385480	
1418239825065349121	
1418233121502375940	
1418350968006189063	
1418342397658939393	
1418357692024999940	
1418243892307140612	
1418341091158466561	
1418195482736693253	
1418140851780210689	
1418158533741203460	
1418168948495843331	
1418237182981115907	
1418246388270477316	
1418342266347802627	
1418243455654924289	
1418493832652419075	
1418390409710034946	
1418380341312561153	
1418420606744338432	
1418423123066724354	
1418463487227961346	
1418460871697727488	
1418679540583387139	
1418402689717653509	
1418679590243930113	
1418639565171068935	
1418618481789083649	
1418623727160512514	
1418627385260445698	
1418635404253728772	
1418639717176913925	
1418660701191684097	
1418679850500558848	
1418405368527343622	
1418670143195041797	
1418603562293157893	
1418410540146171904	
1418531336260710403	
1418541411708948480	
1418539832813363204	
1418507276776656897	
1418612362307936256	
1418752799899332612	
1418949094781898756	
1418757828861431809	
1418760346412765184	
1418995732292460548	
1418987867104325639	
1418983224911532035	
1419057758842859521	
1419006431320322050	
1419006305176522755	
1418888693314560001	
1418805308256710660	
1418798097388421124	
1418784629776031746	
1418913856668069889	
1419032279255560194	
1418926441459294212	
1418979524323258371	
1418968390509682688	
1418968252387151873	
1418915395512111105	
1418824744434946049	
1418964197740892161	
1418861378551488512	
1418983358118379538	
1418867860412145664	
1418883657679392768	
1418933995052494848	
1418829060239618048	
1419168032048484352	
1419152628575965188	
1419103858522042376	
1419205780004392961	
1419291344032387073	
1419392599287336964	
1419372768857104386	
1419361835434889216	
1419358729368129538	
1419343091262177288	
1419428029756022784	
1419438918181654528	
1419367235483734016	
1419517836360404992	
1419503523247443977	
1419497703927582720	
1419704192260837382	
1419740454254522369	
1419802210662191110	
1419731954975526912	
1419740496264634371	
1419797391490834432	
1419795525952577539	
1419779864324984833	
1419532935875612677	
1419771997349892103	
1419461150459121665	
1419568169589493766	
1419771946707922953	
1419643666021289988	
1419628569991344130	
1419603887913275393	
1419593334088257541	
1419696119790149641	
1419467504817037315	
1419955721920122885	
1419980887589105666	
1420001020160057348	
1419985920816734208	
1419895690918916097	
1419828413724971010	
1419850025597870081	
1419890290572341264	
1419855149237895174	
1420156636279226373	
1419847509669605383	
1420069049950670851	
1420069104971571203	
1420069233497628674	
1420068973387862017	
1420057272462548999	
1420069413517250566	
1420075051064385539	
1420096381226717185	
1420093243048570880	
1420098930000506886	
1420468695927820294	
1420327672752771072	
1420428579251367938	
1420363408399028225	
1420358375548784647	
1420343276255731717	
1420320626326138880	
1420384552531337225	
1420423196894011394	
1420420389637959681	
1420475471993659397	
1420378508237418503	
1420434551109832710	
1420217448217731073	
1420456255085326343	
1420222479654522886	
1420209897480757255	
1420201257684258817	
1420191022391468034	
1420238249021243398	
1420277852675710977	
1420300493364948993	
1420277002204893185	
1420272811201818626	
1420465260637609986	
1420438943766548482	
1420209933153304577	
1420855145504677888	
1420824806107271170	
1420804497518047239	
1420839908432826371	
1420889375945236490	
1420878901820149761	
1420844501908795401	
1420843379194216452	
1420843117750726662	
1420840082785853448	
1420839843274309633	
1420839724588093445	
1420839640781803531	
1420839551820570637	
1420839478499872769	
1420839307879800832	
1420808104711708674	
1420605000271679488	
1420620099371798529	
1420630949797134342	
1420640362511540235	
1420649396895580162	
1420541528687087619	
1420594936223727618	
1420545035548860418	
1420569767962832905	
1420650298503090176	
1420772539207401477	
1420716558653952004	
1420654113780428803	
1420680788979245061	
1420690563892928515	
1420700637713424384	
1421155090275225603	
1421156044760305668	
1421010171480903680	
1421213752414834699	
1421002892408889347	
1421213452765433864	
1421213539478482949	
1421237142525775882	
1421213607715561481	
1421213369781137416	
1421213173546356739	
1421157676063600649	
1421160179635195906	
1421178519233650691	
1421196183410774024	
1421212992704847872	
1421213308422660097	
1420998944201449473	
1421108999882108932	
1421137633649078278	
1421123425142202371	
1421063028020113409	
1421055468999376900	
1420992553826983939	
1420947255301865473	
1420938447146000392	
1421032836518367241	
1421022752924897285	
1421022326766804995	
1421010647219785732	
1421043986936963074	
1420906123519881223	
1421498090482245635	
1421485815973040129	
1421415339682844674	
1421464977458688000	
1421435472216264705	
1421430439349161987	
1421469959423545350	
1421614149675716614	
1421585735937835011	
1421319712001204231	
1421535598989430787	
1421363469115281409	
1421365315682783234	
1421382941398028291	
1421383295065944068	
1421387639622569987	
1421402756607250435	
1421406531694866434	
1421584888965259266	
1421334810857988096	
1421266861291761664	
1421274414407200773	
1421277979909386241	
1421285593862995974	
1421297009093345287	
1421297061811654657	
1421342359879622657	
1421530748113375237	
1421323263955767296	
1421414201738752006	
1421747528567975952	
1421751098512007170	
1421767152101593088	
1421787799653470210	
1421726137491726336	
1421661964682547200	
1421727399792635907	
1421659464378114052	
1421670269362610178	
1421970812828102656	
1421970719370616832	
1421951732020662273	
1421939749393162245	
1421659447923937280	
1421838125320478727	
1421651898470338560	
1421901342801551360	
1421871362055065603	
1421639503098253316	
1421681281771786242	
1422089757257965572	
1422044488768258048	
1421994878318174209	
1422014287350960128	
1422049518506463232	
1422130048946089988	
1422105462053298176	
1422140115997048834	
1422185413939105799	
1422180391205539846	
1422171007020797952	
1422169758284193792	
1422239918663901187	
1422235677182279680	
1422233025941803013	
1422213611213230082	
1422219143491821572	
1422224243773911047	
1422167328632958977	
1422238229009506308	
1422227899906658309	
1422335834410262528	
1422304371350646784	
1422304497573957640	
1422293766971478025	
1422309403022274565	
1422089786257559555	
1422296740640792576	
1422253252406661120	
1422310185255702530	
1422257944113164289	
1422271162877464589	
1422277045485191171	
1422255718573428741	
1422421973024526336	
1422432038930501644	
1422442105474011161	
1422406873844645888	
1422673200199110667	
1422668151683272705	
1422656576310108176	
1422690455439958023	
1422402473524752389	
1422673125062418437	
1422603364190281728	
1422582376736206853	
1422557871703797766	
1422532953897377792	
1422525656248643587	
1422522635787903017	
1422517602635718657	
1422576135599177734	
1422660159533367302	
1422492436757106688	
1422695593890095108	
1422462237843677190	
1422701314568593409	
1422401839702544393	
1422361582617702407	
1422376673941540872	
1422399330602741764	
1422623226446983170	
1422362251713937413	
1422814636408143872	
1422780585450168320	
1422814944127373312	
1422819592485933058	
1422831507975000066	
1422833086304120837	
1422761605549359108	
1422757117069434884	
1422820128836575232	
1422942906348879873	
1422935744079749132	
1423005921928744963	
1422971122975379458	
1422968048521203715	
1422967295555551234	
1422965809882746882	
1422961493541330947	
1422952738233757696	
1422947263194845192	
1422944139692453888	
1422996462972162052	
1422940388734554122	
1422997005777973251	
1422996797996285952	
1422996742136549383	
1422996674453118982	
1422996597026213894	
1422996533436354562	
1422996323649867778	
1422995394682830849	
1422987362695622660	
1423008307803983874	
1422997069023830016	
1422900123101761543	
1422885023590477826	
1422855968900014088	
1422730942641164291	
1422731074694639618	
1422737803494891520	
1422744455832952833	
1422746900613136388	
1422905164973883394	
1423056153278259201	
1423008571533545478	
1423016365032673283	
1423015985691377665	
1423028565688438786	
1423045771608399873	
1423047881439711237	
1423017649978621960	
1423200729561542659	
1423120341027540993	
1423316773873520654	
1423089078870757380	
1423330987568771076	
1423332244282880008	
1423337440949981188	
1423341247851282437	
1423344213983473666	
1423345539102425090	
1423312468743491586	
1423202112997974019	
1423212179428364288	
1423242378870091780	
1423247411779051523	
1423260291727384582	
1423262511139278852	
1423267549781762053	
1423286258441211914	
1423287693228732428	
1423290885710618633	
1423297753652756491	
1423312110734479363	
1423177302838415370	
1423181980565491714	
1423192049940107264	
1423136682132398084	
1423100658438131713	
1423086678801981444	
1423109284791947265	
1423416780765204480	
1423422964163170304	
1423426089116856320	
1423366323707523073	
1423361093121069066	
1423366214814945286	
1423370087805988865	
1423408768684109826	
1423407169714544641	
1423414143139319811	
1423406755460026375	
1423406660010315789	
1423722849529909248	
1423732813350772745	
1423722441579376644	
1423451254827765762	
1423736194043633669	
1423478945027080192	
1423486487585181698	
1423494037638721540	
1423505157862555662	
1423604766425292801	
1423619865731080194	
1423532708525854722	
1423539338277699587	
1423574204583014407	
1423655097892970497	
1423680652113760257	
1423759036068073472	
1423759405590319104	
1423790533311225857	
1423773331929636866	
1423772210775330821	
1423768092916715527	
1423767579462705154	
1423699383061815298	
1423766556245434379	
1423765833080315913	
1423768169819295751	
1423745243292311555	
1423767539021139975	
1423926888762724352	
1423849988879110145	
1423841326911549447	
1423918151478112257	
1423864272451342336	
1423798333357793285	
1423815320041521155	
1424022528998010884	
1423936349095161860	
1424025304662675458	
1424026294149206027	
1424054454836416513	
1424075165915389956	
1424038341167702016	
1424012452660981775	
1424002386545217536	
1423978263290937346	
1423992329791098884	
1423997353246220291	
1424150865905135620	
1424450509235228678	
1424434371679948803	
1424447821248356352	
1424493184328085504	
1424394881850617856	
1424409509456449538	
1424432014548213765	
1424385249488764931	
1424407652914892810	
1424369810805182467	
1424366724317552658	
1424418337250058241	
1424427197327187968	
1424394219809124361	
1424340020274466819	
1424319475646615555	
1424294312452542467	
1424279212366581765	
1424254044613316611	
1424211308417748994	
1424169224344203273	
1424842149514948609	
1424852638370340870	
1424852745677312005	
1424732204572237829	
1424666764269391873	
1424784257529090058	
1424784631262482440	
1424794185094270978	
1424795887134445570	
1424761182985113600	
1424558550853033986	
1424541374544703490	
1424777612098953218	
1424535910415220736	
1424734969339863040	
1424730586371956736	
1424520804088238080	
1424766756028092416	
1424781363459371012	
1424765756064124930	
1424641832022024196	
1424622264138428421	
1424618949329637379	
1424596302126407680	
1424646631501225985	
1424727162079178755	
1424722443990564870	
1424714396245233668	
1424696963312889862	
1424661730865545223	
1424573650716479490	
1424573582428889094	
1425100269587628032	
1425034189561384973	
1425019086950567937	
1425094593788321792	
1425003988919934989	
1425049293073883149	
1424903322708893699	
1425076108249075713	
1425208955521884164	
1425075882226376710	
1425061867567812613	
1425243850012905472	
1425076071339216897	
1425147048714702855	
1425137433759338503	
1424918170507350020	
1425152692930891786	
1424983853358329862	
1424976303669850131	
1424943590581620743	
1425099616555474944	
1425226170698772489	
1424936864708919298	
1425209078578565127	
1425127358768484354	
1425120942657835013	
1425113457834266631	
1425109458754101255	
1425135986653155335	
1425197447026970629	
1425253009651486720	
1425350132015321095	
1425329042920656902	
1425321078709055499	
1425311009070329857	
1425306655059709953	
1425305979973890054	
1425351276615831557	
1425282095325216769	
1425570986641010688	
1425541479951392777	
1425575901429968899	
1425575960691232772	
1425581756762234883	
1425576771282522117	
1425275777822638081	
1425498727381356544	
1425298512275664899	
1425502410038988802	
1425502142236925954	
1425421738750271494	
1425462004303634435	
1425456978084737026	
1425505563094528004	
1425479257468329984	
1425472072185126921	
1425525634315456515	
1425411672336830464	
1425419490829864966	
1425386506739355649	
1425615516576534536	
1425635648229216262	
1425674430387146754	
1425688496421974019	
1425703595979194369	
1425633131827273728	
1425822158014488592	
1425834458356330497	
1425762214602895371	
1425758966433320967	
1425774069912199169	
1425840005662969866	
1425796711155343365	
1425928885892419588	
1425840256826286087	
1425851555840933892	
1425860861575540743	
1425861297237860352	
1425884841753645061	
1425918403022364672	
1425908457648136192	
1425892987473702914	
1425904636737855501	
1425937178547343361	
1425660858688962565	
1425950376365379584	
1425949651132375044	
1425949057579724804	
1425955261768896516	
1425929009674788872	
1425929147881246723	
1425936038833295362	
1425936194001686529	
1425962805543546886	
1425936918383104003	
1426076416030887942	
1426130990934548481	
1426065983735803912	
1426136450106642438	
1425971064450949120	
1425972870556143618	
1425986902650331136	
1426131415024869378	
1426191812943781890	
1426015658349846528	
1426264589096951808	
1426263956465856527	
1426250423883739145	
1426185522276409349	
1426207988893855752	
1426260171735568388	
1426234902819770374	
1426018795529805824	
1426055917477404674	
1426312973082144783	
1426316788501987333	
1426317643200573448	
1426285131879362566	
1426282661660659713	
1426274608722980865	
1426665109397643264	
1426568905342992386	
1426617865474650112	
1426625923693043713	
1426649075852664838	
1426614866018701312	
1426674945543876616	
1426549167997038592	
1426438442120978434	
1426443471183917059	
1426335258073522178	
1426360502242877444	
1426513937424478210	
1426524002290262016	
1426428371551064064	
1426544140343562243	
1427035014550761474	
1427049968192217092	
1426959603275898890	
1426979273445986304	
1426946913451057155	
1427003960167124999	
1426990068095410189	
1426856190730977282	
1426871290271514632	
1426886389690294275	
1426712718011076608	
1426767931917041668	
1426810892247654406	
1426891425740992512	
1426815926414974977	
1427330775733706752	
1427296127028768776	
1427296751069892609	
1427258844216844294	
1427188379557507076	
1427210695326670856	
1427168246822707200	
1427072623020740609	
1427086099688484865	
1427095267338297344	
1427110421173919746	
1427393068039299075	
1427393101329575938	
1427393693615538186	
1427393778919280642	
1427394906817974274	
1427394934236143619	
1427359225014067201	
1427345959642599424	
1427359389875384329	
1427744401812492292	
1427724225650073615	
1427710198689509377	
1427720711880200192	
1427611165559951366	
1427621288999227396	
1427540703903690783	
1427433231935184897	
1427445071054614540	
1427465209195622401	
1427582920579969026	
1427505174856179713	
1427680195977297920	
1427688405526360065	
1427669517459677188	
1427649250276610051	
1427646405934559234	
1427691535378882564	
1428043903618502658	
1427935804995694596	
1428056127846092805	
1427978588570091523	
1428023551517466631	
1428004365885866000	
1428017406350405632	
1428135130015494145	
1428118950165065736	
1428089602808627204	
1428061479773868036	
1427893023057137675	
1427838908868349964	
1428030106296102913	
1427812494106669059	
1428376646139187205	
1428165643325431812	
1428329431588765699	
1428325874751918086	
1428310782723321860	
1428249210592186372	
1428320520219492359	
1428144687664222212	
1428468943916830729	
1428460065896517635	
1428464531244822530	
1428430391199870988	
1428384910516105220	
1428389252124004352	
1428453531242024961	
1428420886714064900	
1428752154349772807	
1428741539598159876	
1428733566934978564	
1428822869061025793	
1428688262730760197	
1428724376451444737	
1428600575998889994	
1428619770996293632	
1428632898052268036	
1428530323701174276	
1428665615674351621	
1428776054135660547	
1428809026167623682	
1428808924334002177	
1428794041492283398	
1428793964040179716	
1428797734270619651	
1428785747545493509	
1428577532887158784	
1428570203454017539	
1428562433417883650	
1428535475917049857	
1428934887931891725	
1428955020377182209	
1428877006683451396	
1428887898967842819	
1429098513061842947	
1429141173403332617	
1429063233491533833	
1429190563644035074	
1429552537838006279	
1429448270615433223	
1429543604691820546	
1429469386927190019	
1429513596057399297	
1429548571175571457	
1429249412044255235	
1429408005460742155	
1429337543041077248	
1429663550415327246	
1429813987718270988	
1429817471909851146	
1429828032424984582	
1429740194236796936	
1429664696672653312	
1429720061368020994	
1429802389402374157	
1429709995130621955	
1429802022316826630	
1429760327470796805	
1429846407700226052	
1429877930667216897	
1429873380442972160	
1429925580988891144	
1429837649955676171	
1429848011161710592	
1429870808973910019	
1429851087457169419	
1429614171612614658	
1429871812880519169	
1429872062743592963	
1430195350774718472	
1430089130344546304	
1430184388243992589	
1430103194382655488	
1429982037675491329	
1429984302675251200	
1430183402230239238	
1430178079599562752	
1430162980491104270	
1430122717173280776	
1430121456524939266	
1430037150880264194	
1430100065859739655	
1430228929420406789	
1430237083482853379	
1430239940948987907	
1430241860027572236	
1430249849128116228	
1430254302325530631	
1430228261095739396	
1430221211888504839	
1430215836200017921	
1430208406422425619	
1430270444117143559	
1430275190081077250	
1430255287034957827	
1430266624637026312	
1430289732441972742	
1430290651988598785	
1430290686448963587	
1430303910288265217	
1430603110444146692	
1430603099593449475	
1430602684717993988	
1430590191895552004	
1430582720665726980	
1430643936922587136	
1430639455132598272	
1430609155706998785	
1430629281592483849	
1430553155268399106	
1430522851241598984	
1430424708353302529	
1430432303151386630	
1430437811203702787	
1430346690410672138	
1430575668627132428	
1430463236973887489	
1430653564850946049	
1430520335045038080	
1430571754842464262	
1430510268442939395	
1430556994436571142	
1430558961992880138	
1430651418977898499	
1430561666102697984	
1430562335496749058	
1430559295263936520	
1430663800194220032	
1430662719506681858	
1430660200361496581	
1430571680099938305	
1430733846996144128	
1430735780335390721	
1430736459749761028	
1430737746377670667	
1430811668578066435	
1430857556822421507	
1430872656312737792	
1430822324710772743	
1430761926607392769	
1430704045459533824	
1430813833816281093	
1430837424037400583	
1430698519988346884	
1430696503459422208	
1430920682561540097	
1430925126548299776	
1430948869261733890	
1431025652338204676	
1430900340430364672	
1431022471650611208	
1431025522490978304	
1431036236341329921	
1431026296591720455	
1431009597817511936	
1431009628444368907	
1431011253292572677	
1431011271948783622	
1431016258091290630	
1431309910973747203	
1431398924972015618	
1431345106490204161	
1431366145383321600	
1431365621414039555	
1431330028323753986	
1431365686228574216	
1431338621790040065	
1431358736526987264	
1431345783622799365	
1431348010156535810	
1431358692121788425	
1431359350103281665	
1431359501697961986	
1431214911422562312	
1431170888246849544	
1431304592726364168	
1431298395004604418	
1431283865935654917	
1431265494825377794	
1431265243754217481	
1431260210320928775	
1431250143630671880	
1431061747117428737	
1431219944524550147	
1431135161463148544	
1431153388675235842	
1431077005299097606	
1431691361603014664	
1431451472202510336	
1431689618458615810	
1431683607798681604	
1431678716141359108	
1431504319094792197	
1431466576050536449	
1431459021676900366	
1431424894202363908	
1431589343714439173	
