1270381657233797123	
1270381914558476288	
1270294598741417990	
1270309008939737089	
1270324767338278912	
1270325339118428160	
1270379021487026177	
1270214035770945538	
1270261241051705347	
1270392713800802307	
1270387855680958464	
1270411380764676097	
1270269913580462080	
1270412142018211844	
1270431714091978752	
1270401598544543744	
1270407880903135232	
1270245530468114434	
1270221585501294594	
1270240399676698625	
1270244234768023552	
1270249271028137985	
1270259334262296576	
1270428744197509121	
1270739314356432901	
1270752546928365569	
1270747253846749186	
1270744864393756679	
1270738862013366272	
1270547513561329664	
1270546224630960130	
1270530410611503105	
1270521061189312513	
1270516025734422535	
1270507065153187841	
1270708848244830215	
1270656958991761409	
1270661987551326209	
1270677087091752960	
1270697219717337089	
1270702254228672512	
1270646888002228225	
1270581457895989250	
1270587242130464768	
1270591523206213632	
1270611657924980736	
1270623609715712002	
1270626998356869122	
1270766126021193729	
1270779645256966145	
1270787336721358848	
1270785305348640771	
1270828675911614465	
1270828572073177088	
1270858280995360768	
1271097228245889024	
1271125366783062017	
1271010146261495808	
1271009276182564864	
1271003968219475974	
1270986444190834688	
1270974845023473664	
1271078292410388482	
1271034447601848320	
1271082256761851907	
1271077627218980866	
1271066206020108288	
1271064643088248833	
1271137505627320322	
1270969010431987712	
1271173309040918530	
1271119882122416128	
1270902508630601728	
1270878413478334471	
1270878033465884672	
1270871549759782912	
1271215636547547140	
1270941156390494208	
1271108614267310082	
1271105728359645184	
1271103945604300800	
1271103030159605761	
1271099910465769477	
1271099872817668096	
1271099713140527104	
1271109193555116034	
1270921211732623362	
1270872068716814337	
1271283203865669634	
1271588933906755584	
1271578024186535937	
1271276546158850049	
1271276037268221952	
1271264203836280832	
1271248806474964993	
1271244676159254528	
1271532794263539712	
1271514232950083584	
1271307549824831488	
1271300383902593024	
1271459511337840640	
1271464011155099650	
1271477183979151360	
1271479652259966976	
1271483269406773250	
1271487289261260802	
1271490969217703936	
1271497063243677697	
1271502639453396994	
1271419652766232576	
1271356564209758208	
1271363855021535234	
1271371663746101248	
1271291133855924224	
1271411937205616641	
1271401862818861063	
1271410308376977408	
1271385301768736769	
1271388951715016711	
1271383573187031040	
1271351282058424321	
1271321331964039168	
1271315284616331264	
1271517774712635399	
1271511311491481602	
1271331147381784576	
1271845579681865728	
1271849042327343104	
1271851198283501570	
1271864051816181766	
1271873021687615492	
1271940411188219910	
1271945444541661184	
1271599299072155648	
1271708885653557248	
1271609363115814912	
1271858754162700295	
1271628355004239872	
1271654919334801410	
1271650818052112385	
1271647622130831360	
1271641961905049601	
1271640720399450112	
1271620805336748033	
1271824069269356544	
1271845299745677313	
1271684199859097600	
1271840582462246912	
1271818889597382656	
1271830928944320513	
1271814582420434944	
1271799482775003136	
1271794266243661824	
1271789421428273159	
1271772690429341697	
1271734471188836352	
1271733853791518720	
1271729237108461568	
1271723109721141248	
1271713919686414342	
1271713172055920647	
1271826012699934720	
1271828154852794368	
1271828899236896769	
1271835513394278400	
1271821506956402688	
1271825565700497410	
1272046107607085056	
1271993360702558215	
1272005955488641024	
1272000811057287171	
1271998094368882688	
1272022170223304705	
1272220565336666113	
1272186044184657924	
1272186254864547843	
1272200411026513921	
1272200662210748417	
1272202078237143040	
1272207541146181633	
1272212163634049024	
1272220472013475843	
1271970793656705024	
1271967327680991232	
1271955510649139203	
1272222081745326080	
1271966332355895296	
1272222950159273985	
1272041074555379713	
1272225757327130627	
1272214281845723137	
1272312865467269124	
1272312332606009344	
1272307832336060424	
1272300796139503621	
1272278704924876807	
1272272176792682503	
1272243403359731713	
1272240341903704064	
1272250147146207233	
1272228862781526017	
1272066240459280386	
1272077254135132161	
1272086373080510464	
1272094876964798464	
1272101472394792966	
1272116572040171520	
1272117743978868737	
1272171936882319360	
1272121570555617286	
1272106505668567040	
1272161870531592192	
1272121606102323202	
1272156837488455682	
1272151808312516611	
1272146771112853506	
1272143678945951745	
1272133990049169409	
1272131671534391298	
1272584426015404032	
1272589823149211648	
1272672723815198720	
1272639840010543111	
1272631213199507456	
1272600399078400001	
1272597496087412743	
1272584170880016394	
1272577830547841026	
1272563360106774528	
1272540585014857730	
1272552558695940096	
1272561341610500096	
1272522492943437827	
1272542616698056710	
1272502091873804288	
1272483303560327169	
1272551941713911810	
1272453790730313728	
1272442454818471937	
1272433661455949825	
1272418561848258562	
1272403462483927040	
1272319163080388609	
1272327964923965445	
1272332990450827264	
1272338031442227202	
1272352303127818240	
1272356417194749954	
1272363200567103494	
1272367021288648704	
1272393397836242950	
1272378297649786881	
1272677847061020672	
1272684755490705408	
1272685319754665986	
1272690352869175297	
1272915059937853442	
1272923453151215617	
1272938044325273600	
1272941069672611842	
1272941502042423296	
1272948847774511107	
1272695386239533056	
1272952499796926469	
1272712580469940224	
1272716278319288320	
1272725652399984640	
1272740685297278976	
1272744437710348290	
1272745717640167425	
1272755785592745986	
1272715518735257605	
1272780949885878272	
1272796049422397440	
1272797609585868805	
1272806115747610625	
1272806799846993920	
1272816182400135169	
1272820600109555712	
1272785984074117121	
1273027576349339653	
1273002823467311105	
1273008700849037312	
1272953127747162114	
1272877004568715266	
1272912746888257539	
1272846387097395205	
1272855515794571265	
1272856447282483205	
1272860313495367680	
1272876583536062466	
1272912915511771144	
1272890495526633472	
1272896712860774400	
1272899039655333888	
1272901383327490056	
1272907380662177797	
1272910874345422853	
1272881613546893314	
1273042676682612737	
1273044587817218048	
1273045190908018688	
1273051298116415488	
1273051939870130176	
1273118174171496448	
1273193671731539968	
1273179564206952454	
1273208774908686337	
1273213802318831617	
1273172303073943553	
1273170008298979328	
1273106971269496832	
1273096312985010176	
1273149813698289668	
1273233865960615937	
1273233627535380480	
1273223871202619392	
1273067753742544896	
1273077906663587843	
1273062807072911360	
1273094924783751169	
1273101122492944385	
1273102955122696192	
1273056534835027968	
1273052740739043334	
1273084440525193218	
1273153714669453312	
1273167076916711424	
1273166206573445120	
1273389962780524544	
1273308159843721218	
1273272115026956290	
1273271202992107523	
1273254072775139329	
1273249034237550592	
1273273129041887234	
1273244001664204802	
1273305850195607552	
1273304825158152192	
1273298515377127424	
1273294687953195008	
1273278225649672194	
1273286245934923783	
1273240146138128385	
1273284188972687360	
1273285154384023552	
1273279524067631110	
1273636988592128006	
1273664779664711688	
1273659264830242820	
1273658634984140806	
1273634701031272450	
1273631557752774656	
1273621488709427201	
1273415128575176706	
1273514731349741568	
1273512191073763328	
1273498822627319808	
1273474715596668928	
1273514783682162690	
1273465461213220866	
1273520825094729730	
1273545684256350210	
1273545335835512835	
1273543921843331072	
1273543170156949504	
1273541666343809024	
1273538273265082369	
1273529041174163457	
1273528896747483137	
1273527817112653824	
1273521243413549058	
1273629844887097345	
1273412953409110019	
1273465178856681473	
1273616459659448320	
1273611421935267840	
1273606388883746816	
1273679142005899266	
1273687854225526788	
1273686344217264134	
1273581223131176960	
1273577958179868673	
1273425195001196545	
1273461503635554304	
1273450832931876864	
1273445327983575040	
1273577234897362947	
1273440294365614080	
1273576190184284160	
1273430227948122117	
1274036096670801920	
1274024717339557889	
1274045713018769408	
1274109852172705792	
1274023935345033217	
1274120190318411776	
1274122847938416640	
1274020705957482498	
1274014424509165568	
1274039046340333569	
1274002754533498885	
1273983876445147137	
1273993950957887490	
1274002599516286976	
1274005896293756928	
1273959016037642240	
1273949251039453185	
1273938578075254784	
1273948645096742913	
1273868113579331584	
1273873494913060864	
1273894678534864896	
1273906937910919172	
1273918448490483713	
1273928511397392390	
1273885606754447360	
1273848644177813504	
1273772483439669248	
1273778885683892224	
1273786757121576960	
1273790231645351937	
1273800119947677696	
1273817781755170821	
1273835360129216512	
1273842949814513674	
1273863080167059457	
1273868036403916800	
1274129839528849408	
1274144243632791553	
1274149970858381316	
1274152893801623552	
1274249672823955456	
1274331164921249794	
1274316065187627010	
1274314697022431232	
1274295933241614338	
1274300965865222147	
1274386450931474435	
1274415308330151937	
1274408748002562051	
1274335648573353988	
1274482159613599744	
1274388649321418752	
1274385935992606720	
1274385176961994752	
1274378389328183296	
1274378176278474754	
1274375131029295104	
1274361568659156992	
1274407325676253184	
1274341231854837760	
1274357900723605504	
1274351297270030338	
1274346264247721985	
1274155003905626113	
1274254573893378048	
1274250564780482561	
1274260700207046657	
1274263679786119168	
1274270766566162432	
1274170103366471680	
1274201565528641542	
1274265737880690688	
1274185202982457346	
1274197786448166913	
1274200302200057857	
1274220437963026432	
1274225468061835264	
1274230501205610497	
1274175139643404289	
1274351815006384129	
1274560174502449153	
1274557656942903296	
1274570239808729095	
1274565206782271490	
1274577789534912514	
1274602955459760128	
1274592889234796544	
1274597925184626689	
1274526019869794304	
1274517391632891905	
1274512358388441090	
1274511312244994048	
1274507300946894848	
1274502410648473600	
1274587855986348033	
1274844547433013249	
1274776804126003201	
1274831041518280704	
1274703622954237952	
1274760381051949057	
1274760706399899651	
1274765209048100870	
1274776445060030466	
1274783963874279425	
1274836940731437057	
1274801438628163584	
1274804992893947905	
1274822832804020231	
1274760207156076545	
1274755698929414149	
1274750518787801090	
1274733641424187392	
1274730938400899072	
1274729791573368832	
1274728220437499906	
1274726268261601283	
1274721378466295809	
1274680381057273858	
1274670591652421638	
1274678704975704066	
1274492226060632067	
1274528149368221697	
1274659425559515141	
1274638187663626242	
1274633154444136449	
1274628411005087744	
1274624801701687298	
1274614695517806592	
1274633336393170944	
1275094360326012931	
1275097377595064320	
1275099479826464768	
1275110416256040968	
1275111469525405696	
1275114228379156482	
1274884813619630081	
1275114477457899520	
1275091554617757696	
1275131087589605377	
1275141612901982218	
1275160796943826952	
1275168576815669250	
1275132149100920832	
1275118959617024001	
1274889845819576321	
1274881451377319936	
1274935616434663427	
1275206935399235591	
1274947417717108736	
1274972997342781440	
1274981323090739201	
1274995542402220032	
1275005581376385024	
1275006212027768834	
1275010641879871502	
1275014668264673283	
1275020470006321153	
1275020714517520385	
1274854615104667648	
1274866849251913728	
1274881057498656768	
1275091493477167104	
1275086691229933568	
1275110949440180226	
1275055940706791424	
1275040840910614529	
1275066008529776640	
1275089774894821377	
1275454253780406272	
1275456730634346496	
1275477623456632836	
1275485360101916673	
1275490188727369728	
1275578102391828480	
1275500839998816256	
1275501097277444096	
1275525152457936896	
1275569323130617862	
1275574356463071232	
1275456167565803521	
1275365528597524481	
1275494416648732672	
1275455277483999232	
1275288443996696577	
1275257266883584001	
1275392021222440960	
1275303274132893696	
1275307599655694336	
1275338419766349825	
1275338977713614848	
1275454922947833857	
1275400791893749763	
1275403229090758656	
1275408261819379715	
1275409085769216002	
1275438460812226573	
1275404568516419584	
1275421718765424641	
1275401051517026310	
1275252233836261376	
1275227067978833921	
1275227818754859008	
1275229272974614531	
1275241823699521536	
1275788909864030209	
1275869790393888768	
1275935840565227522	
1275905949912326144	
1275871149457649668	
1275884022946660352	
1275813713627557895	
1275852982488309772	
1275813479828652033	
1275700572402917377	
1275706565996294144	
1275720317982261248	
1275739465315520513	
1275763396562960385	
1275769763025674242	
1275687127704129539	
1275771375035146241	
1275819672819183618	
1275825749195448321	
1275629721091375115	
1275671116632281092	
1275664953333055488	
1275614621563531264	
1275647764525875202	
1275831344690495490	
1275798513092161537	
1275801539601240065	
1275680053196722176	
1275701119541444609	
1275820141108920321	
1275820143071899648	
1275941583376928768	
1275831896283525120	
1276037407473717248	
1276011258840375297	
1276007208380063744	
1276178132211556357	
1276180858538536960	
1276181494961143812	
1276210259825176576	
1276217011824099329	
1276184102094471168	
1276183369630482438	
1276181639987683330	
1276210154061660161	
1276022307912167425	
1276299132018163713	
1276203434094604288	
1276191394810519553	
1276192361085898758	
1276027341119066112	
1276057551029714945	
1276057540254564353	
1276077677166747649	
1276133037630197762	
1276175356106596352	
1276174561395060736	
1276171516888023041	
1276164843251421185	
1276164270955388936	
1276092776971554817	
1276153173284134915	
1276140966378795012	
1276067606487871490	
1275982042644140032	
1275961741348761601	
1275950171453419521	
1276063328624709634	
1276143104119263233	
1276100739836678144	
1276064472499580929	
1276128004645826561	
1276120671924350976	
1276427010412142592	
1276407361670746112	
1276527128402489345	
1276517102476656641	
1276510525116100616	
1276505491888365570	
1276482591621709824	
1276488026554634241	
1276485363943354368	
1276475292995944448	
1276470260871213056	
1276460117316100101	
1276431418122399744	
1276505137901494272	
1276369596308697089	
1276445093944147968	
1276569442235879426	
1276551980727652353	
1276547803939028992	
1276541529977499652	
1276540195404427264	
1276537897802444800	
1276536703419899907	
1276627515470237701	
1276433070803959808	
1276330589449265152	
1276350591455780864	
1276316715366768640	
1276329330939854848	
1276583817533407232	
1276593881518231552	
1276596355616641025	
1276738777315065862	
1276762183183904768	
1276896293793812481	
1277002127601053697	
1276902245221707776	
1276907054276513793	
1276915308176048129	
1276929290207182855	
1276993407341096960	
1276994847090466816	
1277007286272004096	
1276885495973199873	
1276782315805511680	
1276723460249497600	
1276787351436423168	
1276898894698471425	
1276721917915889665	
1276715452178165760	
1276787632928731142	
1276669547789991936	
1276711853406613505	
1276674092821696512	
1276681653134462981	
1276682860032745475	
1276686685842128896	
1276693935717408768	
1276788710483230722	
1276807481675493376	
1277023907757928449	
1276792382218997762	
1276812514798571525	
1276813584136167424	
1276880462590496769	
1276870517916499970	
1276879504284123136	
1276868436149235712	
1277054106759299073	
1277049073707765760	
1277352460655431680	
1277313973965279235	
1277264358184189954	
1277264842873876481	
1277283309735813122	
1277288400865898500	
1277299915992031232	
1277149737179770880	
1277329997737443328	
1277144703725531138	
1277331047533826048	
1277381262458736646	
1277390300437069825	
1277238976089174016	
1277210162827128832	
1277230267602739202	
1277151850332995586	
1277069206245322754	
1277376582315843584	
1277195038150311937	
1277282961541472256	
1277178855237644289	
1277034330921947136	
1277033974053982208	
1277134641095270400	
1277184969073278976	
1277104439678111744	
1277099405238304768	
1277097439271350273	
1277129604088676354	
1277155441785495553	
1277093272788193280	
1277163193073201154	
1277519836873027585	
1277567489598042113	
1277497342589976577	
1277476892459831299	
1277621476259225602	
1277438664239230976	
1277431594068803584	
1277391330621091842	
1277396588789264384	
1277401919380525056	
1277576826647281664	
1277445247321010176	
1277465415350804480	
1277577555994742784	
1277580073562804224	
1277610466735296513	
1277572528056291329	
1277654967499751425	
1277632151245242370	
1277622896211329027	
1277748148824272896	
1277743650689044484	
1277673409464479744	
1277672746428903425	
1277832263426662401	
1278017306019409921	
1278021975265497088	
1278037924957872130	
1278048306682228736	
1278062366291136512	
1278063856233803776	
1278076238611939328	
1277874637896998912	
1278021373739270150	
1277753717551321088	
1277754112457601025	
1277783915579621378	
1277864446317268992	
1277814116703502337	
1277834247324209153	
1277763782966521856	
1277756908280008704	
1277764047799152640	
1277768819574837248	
1277766527433883648	
1278015834988908545	
1278009924027592706	
1278101008363720704	
1278009336804016128	
1277889613491658753	
1277994366938873856	
1277994212982689795	
1278112047033540608	
1277993828553830405	
1277993621912989697	
1277993133503119360	
1277992562821869568	
1278262066382430208	
1278273436163272704	
1278406131635957761	
1278399654573543424	
1278360985611403264	
1278351998144872451	
1278459403604299777	
1278459487439876096	
1278463065877630977	
1278439100006256642	
1278414437238497280	
1278239233946181632	
1278242741252571138	
1278186568793145346	
1278128990016827397	
1278151336735825922	
1278161405863243776	
1278166436200865793	
1278259490379317250	
1278356514043056129	
1278351513237282817	
1278354023276576768	
1278840866673590273	
1278722331775549447	
1278730924356706304	
1278751009632915457	
1278751415159140359	
1278751506888642561	
1278759744631529473	
1278768978991542273	
1278478493668368388	
1278479205932523520	
1278508692099330049	
1278544959172300800	
1278771431480758272	
1278661905670828033	
1278771718803222529	
1278719753557852160	
1278694918853062659	
1278639553792708610	
1278813420641374208	
1278638140287152128	
1278814368520523776	
1278816656999870464	
1278833663082295296	
1278826215298625536	
1278631712952422401	
1278616295496249344	
1278629491170934784	
1278627519860621312	
1278618443638378496	
1278700606450892806	
1278718413184159744	
1278691777378058243	
1278602098997817344	
1278718009901748227	
1278796164863717377	
1278601187160256513	
1278594524495835137	
1278589221947584512	
1278916378079232000	
1278951609834315781	
1279078224908214273	
1279006977469952001	
1279017040938962944	
1279055339342577664	
1279034657120702464	
1279031614312296449	
1279027107453116417	
1279037173895839745	
1278915846249656320	
1278966295136923649	
1278965921906749440	
1278947052680933378	
1278946577990561792	
1278941543592677379	
1278921410916696067	
1279004124680294400	
1278986841991950336	
1278984326156136448	
1278981809011818498	
1279082474841178118	
1279085485256736769	
1279099825330454528	
1279111195883114498	
1279111450993311745	
1279112244555636741	
1279112380589498372	
1279071977961975809	
1279198234842476544	
1279181146446794752	
1279180433092042752	
1279143833251373056	
1279139236084473858	
1279135269426360320	
1279120003590209537	
1278969304025673730	
1279187836051181569	
1278876112416882689	
1278891211835703296	
1278855980487450624	
1278846445144047616	
1278840883085893633	
1279279407807385600	
1279298898423623680	
1279206460841316352	
1279249713724715010	
1279229905482350592	
1279229731481632769	
1279307786564669440	
1279389495339646978	
1279377575580557313	
1279563863558459392	
1279511859431948288	
1279488858674036747	
1279482819652259841	
1279482465850142722	
1279474183802695684	
1279472104082231298	
1279471459149262850	
1279466087789342720	
1279459673763086337	
1279455845315751938	
1279452023516213249	
1279446331510095875	
1279379428829573122	
1279441473927352321	
1279430243405590529	
1279444859930238976	
1279404594787954688	
1279394528475131905	
1279344196852178944	
1279329875497631744	
1279325162207236096	
1279210346465521664	
1279324066973986818	
1279413349562740738	
1279364329310126080	
1279756916294594562	
1279766982678597632	
1279580052477194240	
1279570689020723201	
1279578762716184578	
1279814606274342912	
1279687178772074497	
1279801279712239616	
1279661286251528194	
1279671354825072645	
1279676385485873153	
1279681814890606597	
1279701551309864960	
1279814002756005888	
1279716650854617090	
1279646186547277825	
1279584672570200065	
1279615987566833664	
1279621020698148868	
1279640863212109825	
1279736783694004227	
1279651417171431424	
1279835391470829569	
1279857595608477696	
1279892962391064577	
1279899038632927232	
1279907818754228226	
1279824538461708288	
1279820666439598080	
1279875470662696961	
1279820306689990656	
1279830983039164418	
1280149503291478018	
