1325868250232729600	
1325872278631047168	
1325866266800885766	
1325844043704754176	
1325848958804103174	
1325848177027780610	
1325772255696097281	
1325682193419567104	
1325852996337610756	
1325635852802781184	
1325698719673585664	
1325758481089978368	
1325755582641434624	
1325750158068342785	
1325716049346457600	
1325709715503009793	
1325664412976390144	
1325981505932255232	
1326226500719423488	
1326229213175816193	
1326230032700870659	
1326245742944669696	
1326260771601477632	
1325961369145933825	
1325968112416563202	
1326180219531653120	
1326167729238384646	
1326189770536603650	
1326046932997902336	
1326190111382499331	
1326192629428723715	
1326190248100040705	
1326205624259125250	
1326072099555958785	
1326075729654677506	
1326097264595628034	
1326142563376631809	
1326208828380241920	
1326209243318542337	
1326122430746619904	
1326369055465484289	
1326379121769803777	
1326364022325858304	
1326394221327228929	
1326339184647266305	
1326470404051931142	
1326498914573324288	
1326509987091210240	
1326542700049428484	
1326420226901241856	
1326429453560414209	
1326447712355545088	
1326643406358138880	
1326315573660147713	
1326668897399963648	
1326592566037520391	
1326564894058156032	
1326565918504325124	
1326578071189778432	
1326565727365697541	
1326594848674222094	
1326600913600045057	
1326637134002974721	
1326322834365321216	
1326675776515665920	
1326829966403661824	
1326895532481114117	
1326878493238439936	
1326786808076660736	
1326797265672015872	
1326943685989298176	
1326801907747336200	
1326811781612728320	
1326822040293216257	
1326992302884196352	
1327000018662944768	
1327016027272704000	
1327034528922124288	
1326926000794578945	
1326930365731254275	
1326939942514290689	
1326948875836547075	
1326963919584366592	
1326797885556580353	
1326857274292203522	
1326971785959632898	
1326974190671564802	
1327009157367681024	
1326776736919515138	
1326680000867627008	
1326722643479855104	
1326779258480467968	
1326756808254345218	
1326740114165305346	
1326727149059940354	
1326761642273599488	
1327315755067731968	
1327287858743414787	
1327282763729395715	
1327277047346040832	
1327276458780356609	
1327273727302758401	
1327039442012446720	
1327048532877045760	
1327317881680519168	
1327400803431116800	
1327395821214703616	
1327068669671854080	
1327204565503012870	
1327212106123337730	
1327217143985803264	
1327239793533587457	
1327158735438041088	
1327154229178351617	
1327362114068094978	
1327146393774018560	
1327125306692542468	
1327134096523362304	
1327135322669535233	
1327106415597551616	
1327541782972833792	
1327551850325835778	
1327565610088157184	
1327567046708609024	
1327571982250954752	
1327436086583312391	
1327405887535927296	
1327410920746745856	
1327428956958584832	
1327456219045380102	
1327471318724349954	
1327419602339446784	
1327649375926050816	
1327626754006007809	
1327607214480052225	
1327683074436558849	
1327758209009000448	
1327752672921878528	
1327719281698729984	
1327705161314279425	
1327602145298763777	
1327683960281985026	
1327683612347658245	
1327668838457110536	
1327646813952888838	
1327639594557444096	
1327639022315991040	
1327637131884421125	
1327686329220665346	
1327924303367639042	
1327951582848172032	
1327897414632554496	
1328038697003003904	
1328028607390822400	
1328028419464986625	
1327919270391496705	
1328022361338163200	
1328012395277651972	
1327939403126214656	
1327763444590776321	
1328050290000621569	
1328065423582130181	
1328071011514904576	
1328089876688941059	
1328092111191896066	
1328103548501045257	
1328110578548813826	
1328120596786524162	
1328109111158960128	
1327858872279846918	
1327773308469776389	
1327828673303494659	
1327818606822912000	
1327798474746720256	
1327860031014912001	
1327793443792367616	
1327793405280219136	
1327790372605419520	
1327813573838442496	
1328129790734258176	
1328150795850801155	
1328216229572538368	
1328419095755321346	
1328449085108613134	
1328437911310757888	
1328399439027965960	
1328386117473882114	
1328392057476493312	
1328309471001526274	
1328307632713547776	
1328296757550256128	
1328246431833010176	
1328342188716027904	
1328223561274642434	
1328306826606039047	
1328319633296744449	
1328367801350971392	
1328364050829496320	
1328379432084643841	
1328543383309217792	
1328568548424249344	
1328625525548408837	
1328618880147787776	
1328609910205128704	
1328601332350115841	
1328492101546373120	
1328488020195090433	
1328565049779097600	
1328628946351624193	
1328817281627992065	
1328835706077257730	
1328842725559468034	
1328711764540760067	
1328700081160167424	
1328699199123116032	
1328721494587785216	
1328768937937559559	
1328766016827109377	
1328741319586451462	
1328732425476780038	
1328733249070395394	
1328738409351942144	
1328863092218814466	
1328853680217440256	
1328898165861322753	
1329134838931202049	
1329129039454482432	
1329125675727515650	
1328953454786727936	
1328905770604265473	
1329027108476129280	
1329030197903986688	
1329060084094103552	
1328998570536538114	
1329190530962567175	
1329193227258392577	
1329179105221349379	
1329165658043650053	
1329176278931566599	
1329184896653398019	
1329197696368869376	
1329237439274045440	
1329247013905448960	
1329263125137403904	
1329265991172333568	
1329318491913146372	
1329297726710771714	
1329308423561883648	
1329324696630747137	
1329429219990933504	
1329414120626647047	
1329430900417974274	
1329353722246406148	
1329348689173819392	
1329330931576963074	
1329409088875155459	
1329450524882694147	
1329455637571514372	
1329444319267196928	
1329457055497940995	
1329554868093202433	
1329552951166312453	
1329565056263020544	
1329506734872866816	
1329502297865523201	
1329488685507760138	
1329483187328782342	
1329478289702969348	
1329463059589558272	
1329537961315217409	
1329580971931234307	
1329586099396612096	
1329620484925829122	
1329638150633787392	
1329575182495715329	
1329655608186789889	
1329926054505447424	
1329895554340556801	
1329809223673233409	
1329800714575511553	
1329791607982469121	
1329832283239493639	
1329835348373934082	
1329844206895030278	
1329761408859447301	
1329854605707055105	
1329736242720890881	
1329716110195875842	
1329706043811770369	
1329695984499056641	
1329776508114673665	
1329784424246853633	
1329855113826070532	
1330075772913061889	
1330093597400596481	
1330113730181468164	
1330068431551381504	
1330071998886801410	
1329939516270858241	
1329956242261831680	
1330059389017989123	
1329992934087864322	
1330013069418790912	
1330133866330214400	
1330292340326617097	
1330291987254292484	
1330265670198718466	
1330198317456912386	
1330188181287866371	
1330185176941531140	
1330176777289932803	
1330174250397872129	
1330129757422432257	
1329962735283613698	
1330073465345486851	
1330583551708946438	
1330565620467978240	
1330584425244078080	
1330586287556931585	
1330588803791249415	
1330642448205434889	
1330646549110657031	
1330647462592327683	
1330320089829269507	
1330536901724545034	
1330513202019512320	
1330544280419635203	
1330551021974728709	
1330561956814708736	
1330436373124440066	
1330563354386178052	
1330456374577344515	
1330410686858616832	
1330309390163972096	
1330311573655654401	
1330329056383012865	
1330345261567242242	
1330306097169780743	
1330361796230864907	
1330384914861019137	
1330360357483929607	
1330873357311516672	
1330838505677869062	
1330922315102687232	
1330912145014403078	
1330900650532741122	
1330880967817433090	
1330868704817467392	
1330783539411836929	
1330692685204656129	
1330674803510894593	
1330664186737684482	
1330763008289746944	
1330775490928340994	
1330946290352611330	
1330980259592888327	
1331009635768299523	
1331261335024365571	
1331267045808365570	
1331322550970880002	
1331302066128642048	
1331302631441043465	
1331302796470210562	
1331354096272609285	
1331150802640019456	
1331302924073439233	
1331271498531745793	
1331150562360848384	
1331125396247547904	
1331095197229457411	
1331049898561720321	
1331033007398940672	
1331372023495331840	
1331169426637373440	
1331144073378316288	
1331174469730062338	
1331187946825732096	
1331188065298051075	
1331200893987954689	
1331208443634454528	
1331224545609482241	
1331219883929976834	
1331180760976543744	
1331676505299177473	
1331729907173515267	
1331733420486107139	
1331681009419612161	
1331613618539008001	
1331657190982242304	
1331625723891752961	
1331627172218417154	
1331628336364326913	
1331655242052677633	
1331657453692391439	
1331624583036858375	
1331402223960678402	
1331430524154302466	
1331390933204570114	
1331461719986585603	
1331448688510582784	
1331573348011106307	
1331526056973504513	
1331462619325140992	
1331493252583735297	
1331851430257332230	
1331845138700767235	
1331756131778084865	
1331764612421677056	
1331774674469085184	
1331840135105716225	
1332062362719973376	
1332033715610988546	
1332024309481689088	
1331990725861531651	
1331988104954175492	
1331987919901499392	
1331984370798825473	
1331885412277694466	
1332088323310018561	
1331855209258250250	
1331967759211610113	
1331873766578692096	
1331900506734694401	
1331905536850231304	
1332442086264758274	
1332332603790094336	
1332437930405732355	
1332392914320826368	
1332353150670532609	
1332117578689388547	
1332217593613086721	
1332242758787063810	
1332264829860495362	
1332288057232519168	
1332293682242879489	
1332298123788619777	
1332205752761475072	
1332152490574286849	
1332262897481781248	
1332157014747693056	
1332183816098574336	
1332710698791669761	
1332702689197637633	
1332620246138691585	
1332610187224522754	
1332595080503332864	
1332574947529560065	
1332590047103619075	
1332482177502650368	
1332489390061326337	
1332560278047756288	
1332569914578591744	
1332958869572632578	
1332952434944004097	
1332847871633158144	
1332843834166759424	
1333080519001710600	
1333080190570868736	
1333079199008092165	
1333048071081644032	
1333022899486146560	
1333027932512657408	
1332974242648911872	
1332977726874030085	
1333000100528877569	
1333002767728828417	
1332997733460959241	
1332892036907798528	
1332897070332645382	
1332924956414418944	
1333185013274259464	
1333090737928409092	
1332906073653592064	
1333467745376210946	
1333487431425945601	
1333334956249022467	
1333302035525976065	
1333443173620850700	
1333437915226103814	
1333432563516502022	
1333392837115867138	
1333445087817240579	
1333336658859593729	
1333239271646318593	
1333892812102885382	
1333907843767037960	
1333907846010974209	
1333892734869004290	
1333681762237435905	
1333657078024589313	
1333577929150787585	
1333562981901160448	
1333561452012179458	
1333805422340403204	
1333815695059152899	
1333815910994481158	
1333827420227506176	
1333838974645841922	
1333739684514545664	
1333834419677884417	
1334144618913402880	
1334170800484741121	
1334162913167290369	
1334150932649578497	
1334145542847303681	
1334140232665481222	
1334135228995039233	
1334182109330759680	
1334187033305227264	
1334201800380059653	
1334133043376734208	
1333979200525651968	
1333934075128680449	
1334125706805080064	
1334001849867767808	
1334019465990664192	
1334034535542005761	
1334054698131746819	
1334065555800682496	
1334089320832016390	
1334255450695618562	
1334224422375448587	
1334223357227786244	
1334219210747244553	
1334189913491841024	
1334276247451537413	
1334615646211076096	
1334602817508683777	
1334597538264059904	
1334570630138703878	
1334566893567553538	
1334560347307511819	
1334550245959753730	
1334544874071351298	
1334447980489842689	
1334428744488951809	
1334541581412671488	
1334472451057709056	
1334422121930481664	
1334286227005202432	
1334296290075660294	
1334297398244331520	
1334299002066485248	
1334301325019013122	
1334321455916433409	
1334541376088911873	
1334534620814118918	
1334533258827198467	
1334531870483247106	
1334531201504325633	
1334487550413729792	
1334498386037231621	
1334356687973621760	
1334353763180507136	
1334366754403799041	
1334649035764813824	
1334947012010274819	
1334862249932988421	
1334860014587002883	
1334839872205500418	
1334834838755532800	
1334824772471906309	
1334739287229616128	
1334759341082243074	
1334719695824384003	
1334709011048906752	
1334698943461015552	
1334693414131003392	
1334683949415583747	
1334976527830749184	
1334657233708228610	
1334993510005698560	
1334877358931636226	
1334893701911486465	
1334897733107392519	
1334912995948978179	
1334937461181587458	
1334865038100860932	
1334722790314758144	
1335316395136061440	
1335267745047269378	
1335327928578691072	
1335345432713629696	
1335151928255254530	
1335177095429812225	
1335167027556864002	
1335162001753038848	
1335187615595687936	
1335233677320548353	
1335259989833879552	
1335025386648846336	
1335049702203478016	
1335059369759653888	
1335121729094561792	
1335266665030881282	
1335042457072001024	
1335469017352400897	
1335514316078866432	
1335524383129923585	
1335501734039465985	
1335623442956251137	
1335673082489475078	
1335554789925502977	
1335589483333337089	
1335376030933024769	
1335428752235327489	
1335636857368014849	
1335670640238587909	
1335673111052775428	
1335683573618266112	
1335723244482154501	
1335613620747644938	
1335528543871102984	
1335986298490937345	
1335988654070755329	
1335993059289538561	
1336005925950386179	
1335980999897997313	
1335811276451278851	
1335836359878037507	
1335867895679619072	
1335942135460196353	
1335952201349476352	
1335966043039207427	
1335970665069993985	
1335972016504123395	
1335791139845107718	
1335776040455557120	
1335781075461672960	
1336066896337235968	
1336051771723161603	
1336051684695547911	
1335741995625533445	
1336028710663761921	
1336347794974658561	
1336364015853989890	
1336299489632645121	
1336133395101986819	
1336264260192759810	
1336304522826719237	
1336305156162371586	
1336314041908621314	
1336314589177319425	
1336339230478372867	
1336334212677292036	
1336249165249191942	
1336188383765307392	
1336212452942331904	
1336178693652287492	
1336176466753548288	
1336104571748241408	
1336113265273839619	
1336173662697766914	
1336420188032561159	
1336434317854126081	
1336413065936506883	
1336412989918941189	
1336384779848200195	
1336571280443633665	
1336475651440664578	
1336469556974403584	
1336559250722541568	
1336581347301797888	
1336520948816748546	
1336783704396587010	
1336507131567034368	
1336764141424537600	
1336763396499402756	
1336636711737020417	
1336733724529090568	
1336658222225084418	
1336661878047707137	
1336676977097416705	
1336679493604237314	
1336682227057401856	
1336689396330815488	
1336651811583832065	
1336700975193731073	
1336604559301435400	
1336606441747017730	
1336606512710467584	
1336641746365677568	
1336801018877775877	
1336790893014241280	
1336792660573630466	
1336792816085856256	
1336803519903506435	
1336807752023367681	
1336822482746056704	
1336701538149003265	
1336706768756486145	
1336707373260529665	
1336708676464336897	
1336719750219649033	
1336758328085655552	
1336985813020655620	
1337162701714427905	
1337167231759896576	
1337004340335153158	
1337014199017304067	
1336962349329084416	
1336903961538777090	
1336893402894512129	
1337101441450860546	
1337102280588451849	
1337112480166907905	
1336879545085874176	
1337131448009183233	
1337131506486177793	
1337158916057264129	
1337061959422849024	
1337065731989659649	
1337118340964360194	
1337072529681362947	
1337089480642220039	
1337162539617165314	
1336888406794649601	
1336895555306283009	
1337086512484245508	
1337081161462521866	
1337497151790837763	
1337319224818032640	
1337318522809057280	
1337265857198780418	
1337285989769891841	
1337250758148800512	
1337410625127948288	
1337323474562338817	
1337382265584721920	
1337362886964854784	
1337331288546582528	
1337528294657417217	
1337411829996380161	
1337535434826473472	
1337422149544517634	
1337430128188665858	
1337432765105631234	
1337443560669523970	
1337444652329406468	
1337448136852246533	
1337448214212046849	
1337450954103414787	
1337467474607005696	
1337474146062782470	
1337483116294926337	
1337510940103876615	
1337199100605841408	
1337207975891464192	
1337683611961573376	
1337657338182868992	
1337695687677341696	
1337733941579689986	
1337708775847960576	
1337608112270958592	
1337587979695640578	
1337586877612785664	
1337582947000610823	
1337562814836133890	
1337550975662317568	
1337648377744351232	
1337547718273552384	
1337645861115998208	
1337618178759946241	
1337744012619419649	
1337853147012853764	
1337802882532450304	
1337798563829608449	
1337812925956952067	
1337827703123292163	
1337830916060819460	
1337882889845870593	
1337883354251862021	
1338062697867345920	
1338081229988638720	
1338182535004753922	
1338101362706575365	
1338135380374159360	
1338154142406160389	
1338154565875720192	
1338154743693266948	
1338259185088258048	
1338267223241019392	
1338099964291862529	
1338174283357581319	
1338178498830213120	
1338197829509111812	
1338182961842319361	
1338040964682805250	
1337917652505776128	
1337967070902853635	
1338015801928892417	
1338024604644700169	
1338260001996025860	
1338227556609363974	
1337930051480764417	
1338222982481797120	
1338491074290003969	
1338474621008367617	
1338453688201973760	
1338593542382493697	
1338575667579981829	
1338551179157102592	
1338524118811983881	
1338517939859886085	
1338388252928188419	
1338585612195143683	
1338413418844364800	
1338358053993791488	
1338353020816515077	
1338292622821969920	
1338307722354159617	
1338837505341235200	
1338730508272816128	
1338976015717179395	
1338965489394069505	
1338780839954411521	
1338930242161958912	
1338924174639816711	
1338841214649397250	
1338659620626186240	
1338686353874161664	
1338920887970619398	
1338905234173779969	
1338702826709532672	
1338882936268058631	
1338870103119519752	
1338869450968158208	
1338705342398533633	
1338639787016683520	
1338870694860509184	
1339092896067293186	
1339097929215135744	
1339102962283646976	
1339057668011352066	
1339077796656799744	
1339052630874738688	
1339027011948347393	
1339017398708563968	
1339012368156811269	
1339005031903764481	
1339143227790643200	
1339355017635979265	
1339338381071945729	
1339042570492669952	
1339323512306208775	
1338997269857787913	
1339316323051057152	
1339218725220872195	
1339148265418190850	
1339158643350986754	
1339315937242210306	
1339315710170976261	
1339235481985441794	
1339239106027642881	
1339258841112997888	
1339232076789395466	
1339231464748040192	
1339227452208533505	
1339258320528568324	
1339279406863446020	
1339237987134156800	
1339365041603112962	
1339367204106678272	
1339455283807084545	
1339437776442277894	
1339398232414191617	
1339421484876320770	
1339430117995651078	
1339592006155137027	
1339662199338496000	
1339645670668562438	
1339645596521607170	
1339632448938803200	
1339627534967836674	
1339613872521666562	
1339586146549035008	
1339610514540867584	
1339602803061190658	
1339601504680873985	
1339599586554302464	
1339685545556008962	
1339694170580107264	
1339603047480102916	
1339566325144973315	
1339568530447085568	
1339576080009744385	
1339693582417014786	
1339504774782193664	
1339849088540368897	
1339842842357686272	
1339933439311687682	
1339948534469156866	
1339955400230236160	
1339991501414281220	
1339922196911681537	
1339919316620230656	
1339883103070777346	
1339873042638376960	
1339865488718000129	
1339864940119650304	
1339852904195366912	
1340002415295250432	
1340004348399677441	
1339971522891530242	
1340004904732078082	
1340015070659694593	
1340059656648069121	
1340059586825506817	
1339845191750991878	
1339725341955248129	
1339737144152113152	
1339821857231446016	
1339724025308692480	
1339786384849002497	
1340175026398638081	
1340096463955619840	
1340185092770181128	
1340205228944187392	
1340190340657995778	
1340235563035631617	
1340114895992307712	
1340134204563103745	
1340145483054891009	
1340366557143293952	
1340367947332792321	
1340375836604706823	
1340390194642518016	
1340106602930565120	
1340428546947371008	
1340428930621292544	
1340339257626517504	
1340260590284103682	
1340293486826799106	
1340312564585164801	
1340408664792961032	
1340310927158198275	
1340522317588381697	
1340563965819068417	
1340537905886887937	
1340450767002603520	
1340507217787797505	
1340577679532314624	
1340491053128814593	
1340469467382505478	
1340691715783610373	
1340729231987396609	
1340743270784249857	
1340768016284471297	
1340612917750710275	
1340687933318303751	
1340600328861802496	
1340587745954160641	
1340680826871308288	
1340673659678019584	
1340668276616118272	
1340466950309257223	
1340593282540130305	
1340681454536241152	
1340648144388800513	
1340704835285475333	
1340681275506626561	
1340572646543650824	
1340792349123891211	
1340783525423792128	
1340794130411216897	
1340938006941745152	
1341053628417794048	
1341056496763871236	
1341072351111360515	
1341073869453619200	
1341087013563469824	
1341088950740545541	
1341126698423775235	
1341154805880926209	
1341154926597197828	
1341166127406219264	
1340932753768939521	
1341067966943735811	
1341005503804002305	
1340970266529173504	
1340917418428796929	
1340814238445539328	
1340815253538365445	
1340844437350592513	
1340849470536216577	
1340862182737625088	
1340940067460755456	
1340889735850389506	
1340896508594380800	
1340902935748780032	
1340904835349004288	
1340914902651838465	
1341026534438498306	
1341030308976594947	
1340873000321576960	
1341367886863056896	
1341365710887419904	
1341327621435449344	
1341387204799705088	
1341418084175912960	
