1335579747233849346	
1335589813752369157	
1335898095201095685	
1335943393306947587	
1335984917503750145	
1335981142072233984	
1336030217282801664	
1336017955252015109	
1335831405176111107	
1335818823417688065	
1335758425058381824	
1336063500590968835	
1336420285587673089	
1336422803566956547	
1336423916596834304	
1336430959164579841	
1336445454809100288	
1336437901983428609	
1336441676789764096	
1336447968203968512	
1336377504450416647	
1336387570079391749	
1336436643402661888	
1336390087018418180	
1336401412146798595	
1336302006122721281	
1336286908259860485	
1336249166029344769	
1336347304626802690	
1336354857641418752	
1336245383102562305	
1336098165607473153	
1336109487904583681	
1336113294822821888	
1336128362344030208	
1336151011849715712	
1336237833598758912	
1336180302348226565	
1336806077581692935	
1336802051263770625	
1336513400357199879	
1336811614398533632	
1336532273458450433	
1336539823197208579	
1336541081463214081	
1336558698685206528	
1336562472464035840	
1336566251464712193	
1336592671381610497	
1336698368064548864	
1336526941940224000	
1336767574328000513	
1336794501415768065	
1336747441194995717	
1336528498584903684	
1336615320853729280	
1336690818141147137	
1336721017838833670	
1336679493470212097	
1336687051605827587	
1336649294699368448	
1336483200554606592	
1336671951918600193	
1336505850421252097	
1337023007555006468	
1337114862606897152	
1336985258563051520	
1336955059662331904	
1337088941833531392	
1337041883508465670	
1337064532884279304	
1337072080412573697	
1337106054950219777	
1336902211155054593	
1336889240307773443	
1336872012187226112	
1336860688929665026	
1336841812984606720	
1337119895667023875	
1337143803107549184	
1337124933206360064	
1337145576782258182	
1337170231677112320	
1337166955640287234	
1337155134015430657	
1337164690607108099	
1337464668345016325	
1337472225176211456	
1337457123601469440	
1337454600954081280	
1337511727307628545	
1337434469737836545	
1337287248362926081	
1337291026285793280	
1337249499517947905	
1337189654278365186	
1337192876887789569	
1337197909553647616	
1337199784000675840	
1337212699604901891	
1337219300525023232	
1337238175534772225	
1337340097264451585	
1337370043798212611	
1337194638008963072	
1337540166274125825	
1337408045073088514	
1337525067799027713	
1337370798835679237	
1337374070472495105	
1337381621041831936	
1337619528033955843	
1337588350602141699	
1337630761667735552	
1337663477331030016	
1337693676127006723	
1337703742641221634	
1337713810468171776	
1337568602065670144	
1337577915043749891	
1337589238058061825	
1337608113021661186	
1337897339810410498	
1337744013953171457	
1337560548960034816	
1337895006800056320	
1337925201707683842	
1338249290628608001	
1338242296215724033	
1337995666031747074	
1338156727464706048	
1338161760520560643	
1338141628121239554	
1338225601614917638	
1338234742303465472	
1338194476326506497	
1338230966565937152	
1338101362702237697	
1338091298000007169	
1338491432898867200	
1338593354687389704	
1338600904203722753	
1338616004000186369	
1338582030175637505	
1338495208032440326	
1338373153437913092	
1338363087460528133	
1338295139832221696	
1338335656087597058	
1338510307279265792	
1338419710430334976	
1338468786270310400	
1338449909465288721	
1338691501111582722	
1338740574468321283	
1338744349333409793	
1338770778171568132	
1338778323120312321	
1338725477612138497	
1338657528239022085	
1338649977472524288	
1338653752493019138	
1338819846943825923	
1338683951712366594	
1338721700041506817	
1338714150449475584	
1338929318441848832	
1338951973157089281	
1338933093114187782	
1338785873081602048	
1338899119318822912	
1338827396762386435	
1338865145859219456	
1338853823050375170	
1338982166429134855	
1338974617071886340	
1338970841866911745	
1338959518600978434	
1339061438917341188	
1339053888951947265	
1339047597571407877	
1339050115353300992	
1339038789512155136	
1339072765085814785	
1339031239756541954	
1339052630601916417	
1339019916352004102	
1339016140459188225	
1339011610384375808	
1339091637750919168	
1339099187552477185	
1339102962287710208	
1339084087907246085	
1339001040755064832	
1339014378721566720	
1339159585526079490	
1339269059003682818	
1339255486034665476	
1339284159123034114	
1339344554277793794	
1339344302598656007	
1339323918302105600	
1339355878974083073	
1339291708295507968	
1339503855474753537	
1339518199558098944	
1339504476235952128	
1339500372164001798	
1339499324091158531	
1339487999831068674	
1339438926105174016	
1339461575296618498	
1339686809727471617	
1339682531432570880	
1339631445556473856	
1339555951964282883	
1339521973622366208	
1339699392337440768	
1339706943875772418	
1339614583766433792	
1339605020803788801	
1339597471266164743	
1339574821575929861	
1339423826564820992	
1339508155160653825	
1339378528161312769	
1339374754780774401	
1339416276905672704	
1339404954432401408	
1339403693863649280	
1340035356348002307	
1340040892774641664	
1340046680771551232	
1339924426524160002	
1339888139515490305	
1339880589097381888	
1339944759226318849	
1340012707286806533	
1339948534045368320	
1339971183253438471	
1339999620806684673	
1339823963434848259	
1339820188988915712	
1339816413456965632	
1339801314113384449	
1339844599217606656	
1339783698145787907	
1340424168127533056	
1340280725057097731	
1340310930274492419	
1340260590216949762	
1340255557115027457	
1340421651599527936	
1340439269094121472	
1340360233823186945	
1340371319855177732	
1340382573168631808	
1340265629438263296	
1340099799480225792	
1340151118807007232	
1340203841690738688	
1340099534014263296	
1340231649565548544	
1340552515356520449	
1340597817018966016	
1340633044416307201	
1340582715758956544	
1340572646526902273	
1340749230667931648	
1340461921745711104	
1340507217456287745	
1340517281600843777	
1340790331026116613	
1340708542018412548	
1340661379397775360	
1340704486084521987	
1340688413989761025	
1340789072638464003	
1340446822410514432	
1340454367909076992	
1340462122841628673	
1340471983251734528	
1340492120084291584	
1340926226211491840	
1341009273632022528	
1340994174741450753	
1340990405333057536	
1340982851676717057	
1340979074827649024	
1340967752090017793	
1340963496725524480	
1340956826922315786	
1340948875595530240	
1340941325852504065	
1340937552723914753	
1341090307476049920	
1341159099367632897	
1341057925964566537	
1341054572442181634	
1341031922911350785	
1341143155912032257	
1341141396544081920	
1341138877629812736	
1341029849226485771	
1341131328121569281	
1341125036372074497	
1341123778189803520	
1341123250642890757	
1341121049765801988	
1341120758114869249	
1341133844599119873	
1341103645660749825	
1341101129057374213	
1341084770961387525	
1340869604550197249	
1340884705869242369	
1340872119794638848	
1341516364855586816	
1341507556905267202	
1341523914623610882	
1341375437939724290	
1341341462500241409	
1341337690617339906	
1341315038217441281	
1341299939570114562	
1341273514796412928	
1341394311313670144	
1341486669111959558	
1341475344696668166	
1341466034885160960	
1341458486413037568	
1341432059525382147	
1341488682923134980	
1341171593003864064	
1341492457368743937	
1341405635892531200	
1341189173693300736	
1341191725776314369	
1341227065039855617	
1341220666561871872	
1341250865353601024	
1341254925788065792	
1341254640785080320	
1341749148790517764	
1341775575531331586	
1341790677416501250	
1341726499553030148	
1341715180393279494	
1341832196160569346	
1341809546709225472	
1341813323965337603	
1341858621387395079	
1341845533904699393	
1341805778852786177	
1341771798044655618	
1341692526818959360	
1341617028898062336	
1341616411018371074	
1341666101537738754	
1341677426133254147	
1341603601400127488	
1341545305511260163	
1341575504571326464	
1341571731228487681	
1341566840951205889	
1341564182974451712	
1341546041674526720	
1341556630505148416	
1341896370828021760	
1341983190995496962	
1341903534938271744	
1341911471412760577	
1342236684910526482	
1342160611250073600	
1342085115866996738	
1342081337725894656	
1342103987063963649	
1342153061746286593	
1342130411540017152	
1342111536974868481	
1341910496744767488	
1342024714458341377	
1342228561311121408	
1342213462139662338	
1342179484506718208	
1341990740730261504	
1341971869872910336	
1341934117471055873	
1341926571586813952	
1341937892550012930	
1342217233238519809	
1342492799506198529	
1342489300928262144	
1342417301258305537	
1342424856105771008	
1342515456129658881	
1342432904325066752	
1342534322436370432	
1342612325250068485	
1342606045093507075	
1342485257849765888	
1342271380054810625	
1342266307463430144	
1342262531553947651	
1342364454516912130	
1342360678280126469	
1342349358596030465	
1342339287367512070	
1342332394397966338	
1342631210829361156	
1342968433596481536	
1342958814153367554	
1342877838442188804	
1342848895790034944	
1342847639495176194	
1342928167695224833	
1342915585013817344	
1342772139804426240	
1342676509316837376	
1342812405047312387	
1343089230256373768	
1343004332560707586	
1343013735103754240	
1343028832773799936	
1343038897220165632	
1343277973776990209	
1343230157629362176	
1343348161503502345	
1343693918328791041	
1343431484137304065	
1343451619099168768	
1343368375762825220	
1343347024356323328	
1343496918865887240	
1343663013010825221	
1343572419743629312	
1343564862945951749	
1343553538689929217	
1343549764764360705	
1343534663915229184	
1343587516792926209	
1343625262802624519	
1343617979305623552	
1343606386626682880	
1343542213934940160	
1343766189584117760	
1343829109315678209	
1344010303042973698	
1343749831764959234	
1343746058094956546	
1343810229763379202	
1343733473966661632	
1343723412678701060	
1343719632872427520	
1343712083100233730	
1343730957686349825	
1343961224808177672	
1343958901532852230	
1343957451499065346	
1343900826905890816	
1343980101340286976	
1343904608310226947	
1343923476369838088	
1343919705933959171	
1343878177513304064	
1343870627720155136	
1343987650965880832	
1343998104236929026	
1343942350763016193	
1343931025806798848	
1343995199673028611	
1344017849048698881	
1343946125603205121	
1344036722187841538	
1344050171898978306	
1344051821569044486	
1344055600855060482	
1344002275602292743	
1344021622659936257	
1344187717085786114	
1344195266791043073	
1344180167346958336	
1344168842684055559	
1344168226507390977	
1344165067877539842	
1344138643871391744	
1344210366629359617	
1344085799181066241	
1344263214733770752	
1344363116608499716	
1344365913206829059	
1344365137071800320	
1344368911056334848	
1344376460966957057	
1344380236910256130	
1344381997221867520	
1344350036952543234	
1344342488052600836	
1344334938384916482	
1344327393196982272	
1344082020696084481	
1344089570543996928	
1344099636680781824	
1344100898402938880	
1344248115034005504	
1344251895276130304	
1344385268896423936	
1344410435496284160	
1344412186450530304	
1344421759219499008	
1344557654635642881	
1344497256712454144	
1344489707158179841	
1344732929973477379	
1344742623576264716	
1344750175051337729	
1344782889112666113	
1344508585313755138	
1344785405506412544	
1344790438562168834	
1344523687186337794	
1344743580368297984	
1344565204391227392	
1344538782222061570	
1344644487616868352	
1344633152258658304	
1344625602775703556	
1344595403560398848	
1344659622372790272	
1344732557355732995	
1344480647272808448	
1344735075686965248	
1344439375426416642	
1344451958438907906	
1344459508043685891	
1344440634388611072	
1344455733111214080	
1344576530257735680	
1344704881811046400	
1344716199553167360	
1344719976452685825	
1344719989971025937	
1345037755173253121	
1345029515236560896	
1345014415297548288	
1345006869371351045	
1345112563726520321	
1344956533059313664	
1345107527965425665	
1345094945095311360	
1345089911804854272	
1345072295941984258	
1345084878652465152	
1344805538287202304	
1345142763453517824	
1344865935979651073	
1344852094818398208	
1344797211989782528	
1344797988695117824	
1344800504996630531	
1345150311602810881	
1345147793283887104	
1345127660985352192	
1345157862985764865	
1345318920886992898	
1345399451993649152	
1345414558203006977	
1345183025441587200	
1345374285825679360	
1345162892719448065	
1345459850667565056	
1345505151390425094	
1345172959007289344	
1345180509152935937	
1345218259151446017	
1345499822770577408	
1345193091871854592	
1345198124952903685	
1345213224325672962	
1345474952317853697	
1345313887839608832	
1345482499485540355	
1345746742466244614	
1345862502832340992	
1345847403220500481	
1345666209480638465	
1345522763977478146	
1345542897123295232	
1345922900650414080	
1346038663466119169	
1346210029280632836	
1346194691704848384	
1345992106683330561	
1345978265375182849	
1345963165931208706	
1346109134480019458	
1346056281656680449	
1346222375600226304	
1346239990125133824	
1345953099664347137	
1346214826041888768	
1346174558953484289	
1346124227942907904	
1346171287589314560	
1346144360077824007	
1346161977660379136	
1346360786160136192	
1346599861710417920	
1346598387815247873	
1346604894489358339	
1346573437561552896	
1346390985069252610	
1346355752798191617	
1346448866393124865	
1346511781099876354	
1346516667732520961	
1346524365337239555	
1346476548929581056	
1346456420301078528	
1346248264908218370	
1346245025164877824	
1346536946793758721	
1346549529756266496	
1346260124151803905	
1346265155940868097	
1346297872212377600	
1346305422639116290	
1346315487530131456	
1346290322876329984	
1346252573469097986	
1346565887751409664	
1346562114392125440	
1346559596240936960	
1346312971287334917	
1346942116539219968	
1346950924837605377	
1346954700680290308	
1346905626857803778	
1346901600808226818	
1346900490282418177	
1346914937755422726	
1346916465069359104	
1346675359778013185	
1346677650618777602	
1346723173782466560	
1346733240342597638	
1346622514248773633	
1346609927930916867	
1346625027265986561	
1346644444989288453	
1346645160868757504	
1346849006299840518	
1346784830608969731	
1346795525950078976	
1346642643191693313	
1346738273356431362	
1347269272448458753	
1347049071350063104	
1347090597526573061	
1347003772891906052	
1347654309807316992	
1347641727876739073	
1347437886006820867	
1347488215113093120	
1347369936050507780	
1347377486712233984	
1347498281736175624	
1347600203587588096	
1347605739397931008	
1347551131183022082	
1347562454314754048	
1347567862538493953	
1347554904525701121	
1347566230136356865	
1347335961697464322	
1347347290214834178	
1347343511549571078	
1347349048114769921	
1348041866239885312	
1347961332545458179	
1347943717215363074	
1347905969330778113	
1347766297300385793	
1347880802097328137	
1347875770069258241	
1347936168202051584	
1347810337509109760	
1347711435934035976	
1347704137794818049	
1347770188243083268	
1348400674720112641	
1348283460616482816	
1348278422208999426	
1348268361877245952	
1348414317205598210	
1348162659796058112	
1348152592715505665	
1348137493242073091	
1348127426749100032	
1348668493185470464	
1348703724357603328	
1348679817407954949	
1348608094075559939	
1348600545255297024	
1348509948842364928	
1348489814711037955	
1348727128485810177	
1348712029062746112	
1348708757522419712	
1348419353788649472	
1348708002413465605	
1348577895321636864	
1348955383876915201	
1348815712563810305	
1348811938562600961	
1348796841870168065	
1348795579602788354	
1348789289681883141	
1348784254906372097	
1348871076974129153	
1348827042427662336	
1349096311220445184	
1349130788403511296	
1349113929411170306	
1348781743407390722	
1348978036444692481	
1349012005643026436	
1348996906177994753	
1349008230698024960	
1349004456071991296	
1348872337223913473	
1348843897900953601	
1349473798869962752	
1349476315829829633	
1349498964211449860	
1349505255831195648	
1349200749260058624	
1349144126327988224	
1349159229379252224	
1349174326973652993	
1349234726775775232	
1349254855911641088	
1349276246836998146	
1349344195215908864	
1349317772837335040	
1349453666663559171	
1349465745537851394	
1349397042855096327	
1349787215979798529	
1349808504144539649	
1349851537569406979	
1349676383350341633	
1349672616001327105	
1349661284300582912	
1349646184525287424	
1349691483197157376	
1349615985276325891	
1349804729027629056	
1349797179309912065	
1349795567480819714	
1349729231668998145	
1349800954812624897	
1349776040055377923	
1349779815201714177	
1349782080251719680	
1349786217613811712	
1349763209209782280	
1350053870957965312	
1350121819299217408	
1350106719423225856	
1350170895440961536	
1350178443078504450	
1350031221351305221	
1350027446821806080	
1350019901981749251	
1350144468201185281	
1350138428122427393	
1349955723900411904	
1350193542090559489	
1350208641069051904	
1350212415405789185	
1350227515374231552	
1349870160639832066	
1349899103157710849	
1349885763081539584	
1350325661639045123	
1350329436349071360	
1350359635400687617	
1350558445456420864	
1350573545005346816	
1350457787726356481	
1350508114035007492	
1350432616579796992	
1350523213487493127	
1350679241428447233	
1350754738963324935	
1350689307946749953	
1350920833619775488	
1350731998806089729	
1350839800182546433	
1350895670278844419	
1350883084737110018	
1350888117830516737	
1350779904841949190	
1350795004533305351	
1350873257294123019	
1351288258773225472	
1350961098657312768	
1351069313524928512	
1351099512551469056	
1351076865503584256	
1351021496781701126	
1351095735924580353	
1351178783269802001	
1351182564795420672	
1351191648043212806	
1351107066375639048	
1351197093340344324	
1351197664663232516	
1351208982657032193	
1351159910969585670	
1351141034529579008	
1351129710734897152	
1351125934821105664	
1351122161898057734	
1351193882734833665	
1351235408101781511	
1351288170982350848	
1351259817193725953	
1351242956813049861	
1351237419643781120	
1351630509558919169	
1351640576513478658	
1351469451506495489	
1351660708606447621	
1351526072047853568	
1351605345546862596	
1351602827425050624	
1351344877578031104	
1351607860501782529	
1351409052547481600	
1351420374823575554	
1351435474326458369	
1351398465264300033	
1351341103593758727	
1351318455471861763	
1351680842146467848	
1351873359911510017	
1351869587017515017	
1351850711118614528	
1351786543351017473	
1351727902342082563	
1351733690657869827	
1351824287775170561	
1351816746081009664	
1351995414212349952	
1351713556878614531	
1351985347752730624	
1351967735488663557	
1352025024924966912	
1352033212739055618	
1351927466735104001	
1351922442961240067	
1351919916610420737	
1351937543248375811	
1351936126899146752	
1351941307850174474	
1351972764912009223	
1351692165907320833	
1351980314671910914	
1352045079486197760	
1352096079949533186	
1352091044226211843	
1352065878947319816	
1352058329309310977	
1352055076593004552	
1352080977988706305	
1352243297490673664	
1352220648161083393	
1352239523225341956	
1352247075099074560	
1352277273903206400	
1352137600870600705	
1352148928796512257	
1352375420134387712	
1352359060201299968	
1352360318886957058	
1352401842425229313	
1352402955643850753	
1352350252435693577	
1352335153016705024	
1352345220554387459	
1352197159555358721	
1352650983948615681	
1352545287315861504	
1352418403101900801	
1352662317415059457	
1352658533523705857	
1352418199954989056	
1352643434595672064	
1352745357860458496	
1352759386884759553	
1352409526088192000	
1352473564595826688	
1352684957827821569	
1352416941642801154	
1352707612609978368	
1352726481135259648	
1352734139053731840	
1352436025256267776	
1352556618077122562	
1352722707318763521	
1352632118728253440	
1352466722113155075	
1352583036076838912	
1352458011604901888	
1352443367540609024	
1352441420314005510	
1352598135898583042	
1353002047860310016	
1353077545202114561	
1353115294026272769	
1352798205688340483	
1352775554995429376	
1352893834066227200	
1352949205694701568	
1352954232001839109	
1352959265221312514	
1352858604676784128	
1352924032820154368	
1352845467638493184	
1352843502820929537	
1352888801014607872	
1352823005513179136	
1352820853008867331	
1352809528505622528	
1353241122500452357	
1353392117209436165	
1353402185824882689	
1353407216854855681	
1353417283440414720	
1353231055998750725	
1353256221852147712	
1353301520461164545	
1353419371763404800	
1353432387926061056	
1353427349526601728	
1353401328035389440	
1353492785735860224	
1353613580332105728	
1353593443885281280	
1353506955139174401	
1353741923027050496	
1353730598121181184	
1353781357319753730	
1353719281565896704	
1353840069795307521	
1353826731128467457	
1353794770724941827	
1353792875277012993	
1353715498412875776	
1353608543258066945	
1353598478753161216	
1353563244720484353	
1353543112224862213	
1353533045991755776	
1353623642878275586	
1353628677867712514	
1353707948359344128	
1353692849775108096	
1353689080186343426	
1353681524336463878	
1353655100221263875	
1353817420645994498	
1353552024651132928	
1354189119153385475	
1354191132410970112	
1354202462802964480	
1354178297706344448	
1353866493302214656	
1354172259171241987	
1354173117455859712	
1353877819491639298	
1354164709897900032	
1354152125110972416	
1354142061952438278	
1354111869569572867	
1354126963351248896	
1354021263052689410	
1354028814339239936	
1354035935294476288	
1354115635362541571	
1354062786708570112	
1354081661093220352	
1354089211226415105	
1354119410458439683	
1353991070565224448	
1353887884080766977	
1353896691947040768	
1353904241815867393	
