1247222542365913088	
1247207441885851649	
1247301811343478785	
1247305586716401664	
1247230088673816576	
1247245188151427072	
1247252208799883266	
1247290486995316736	
1247260287754842114	
1247260992490344450	
1247264062678937600	
1247264913522917382	
1247270358144729090	
1247298038839697408	
1247282937898373120	
1247256512965128204	
1247226314022477831	
1247362209270784001	
1247339950661611521	
1247343336207183872	
1247347109927383040	
1247350775271100425	
1247354659565498369	
1247363323097645056	
1247332707417366528	
1247369758972018688	
1247373534394896385	
1247377308798693377	
1247402957391495168	
1247403733329338380	
1247615126309658624	
1247610092721025025	
1247546007124086785	
1247630227540520961	
1247648226150359044	
1247656649755484160	
1247632741971013632	
1247619446597988356	
1247460608796233728	
1247465389430386689	
1247479231421878279	
1247486780141641732	
1247500752937013250	
1247509434546499584	
1247514462690709504	
1247518803165974533	
1247534595207311360	
1247539646159970307	
1247545431900532738	
1247547099148890114	
1247554499117551617	
1247328236368953344	
1247313137709301760	
1247316910871646209	
1247426382029893632	
1247582410369196033	
1247572344102465537	
1247574860718641152	
1247581169631232002	
1247429510754119681	
1247600026265751555	
1247602542940262402	
1247608430216396807	
1247549694760419328	
1247449032106131458	
1247997912598134792	
1248003937866633218	
1248026587058053120	
1247982547092615168	
1247759541917237249	
1247761674741805056	
1247772149646950405	
1247773671063564288	
1247795343460167680	
1247803869389873154	
1247811421347381248	
1247985063444107264	
1247824002317312001	
1247831600865427456	
1247675524786212864	
1247871596456480773	
1247872600950427648	
1247875592340504580	
1247879367977385986	
1247883141953568768	
1247924665747558400	
1247905791773773831	
1247911476133801984	
1247870547356200960	
1247913325406584834	
1247839101761527808	
1247920891054501895	
1247898241527500802	
1247974997248753664	
1247980030354952192	
1247679298657325056	
1247684706767945728	
1247690624570097665	
1247692608324976642	
1247694398269374469	
1247726182377951234	
1247856719130222592	
1247710452228009984	
1247947314800611334	
1247954865495535617	
1247957961517010945	
1247958639387672578	
1247962415918198787	
1247932218032279554	
1247943540249956354	
1248120959028117505	
1248110810184003584	
1248105859235840000	
1248105646320488448	
1248100947970187264	
1248098498630889472	
1248086984955957250	
1248083212703805441	
1248219105565368320	
1248188907138646017	
1248298377948741632	
1248347452408614913	
1248352484583559168	
1248342418338058248	
1248181357118963712	
1248158711115321345	
1248226655568400384	
1248313477745102848	
1248309703752343552	
1248305928148901888	
1248302154248384513	
1248294606019670019	
1248131994774581249	
1248290828327563266	
1248256855375106049	
1248249305686818816	
1248234206003527680	
1248332352956141568	
1248339903064100865	
1248367584111505408	
1248385215707430912	
1248377651716173824	
1248287055248912385	
1248143608881893376	
1248158619662770176	
1248151158125776896	
1248060561251643394	
1248050308271558656	
1248173809321906177	
1248062069498351618	
1248064335873597440	
1248407850805874688	
1248521099148754946	
1248528646417059845	
1248543745454280704	
1248559103301029889	
1248566396423827457	
1248573359379677184	
1248573943801397248	
1248581498619527168	
1248404074728263681	
1248589044059197441	
1248400301360644096	
1248596594313834496	
1248460697320685568	
1248611695028776960	
1248665140591017986	
1248483346566561793	
1248453148286398464	
1248619242259275781	
1248626792912449537	
1248641895510622214	
1248649442674143232	
1248658138011783170	
1248660765990514688	
1248505998630735872	
1248411624492285952	
1248412537327996929	
1248415399122620424	
1248430499036639232	
1248434273587060738	
1248438048645316611	
1248445598123978753	
1248468247449677824	
1248653216067145729	
1248698514550321153	
1248702291248635909	
1248687190793580544	
1248706064419151872	
1248717389728022529	
1248732490845446144	
1248694740465283077	
1248688200106881025	
1248823085311987713	
1248981631072899072	
1248974083057831936	
1248958985442603008	
1248943883930800129	
1248936332648308736	
1248928785094803456	
1248921232143237120	
1248913684107321344	
1248891033011851266	
1248883485298876419	
1248854696061734918	
1248853285512962049	
1248838184777084930	
1248826229773471744	
1248811760834039808	
1248989184007606272	
1249064679432835072	
1249072227204636672	
1249079777652342790	
1249087327239942144	
1249090329069879308	
1249094877922635777	
1249097101683949569	
1249103431958245376	
1249117651307237376	
1249011821433978881	
1249019378907168771	
1249026928662720512	
1249030703464869888	
1249034480997879808	
1249049578952888321	
1249057127462842369	
1248996729787043840	
1248796661440294912	
1248792147521933319	
1248789111500087301	
1248778175120846855	
1248762687581978628	
1248778832032792577	
1249230773854453760	
1249141705414238209	
1249155275258572800	
1249145170760695810	
1249147850384117761	
1249161937625251840	
1249140301891096576	
1249336472068481024	
1249170373666582530	
1249178049360396288	
1249193023445127168	
1249215672774733824	
1249208122725388289	
1249200573309689858	
1249196021491662848	
1249195293624631298	
1249185473760763904	
1249457264974495749	
1249472365492199426	
1249464813735960578	
1249442165270315009	
1249427065750740993	
1249421538430005249	
1249411965488754688	
1249366667873796096	
1249374217558056961	
1249375213466378245	
1249389317174243330	
1249381767766609920	
1249223222374969344	
1249331267272945664	
1249321372192518144	
1249306271280291840	
1249291173170012160	
1249283619941564416	
1249277314459934720	
1249276072606089216	
1249253420852273153	
1249245871255871489	
1249240162862878720	
1249238321944883200	
1249268520363470848	
1249517663036080131	
1249532762324942849	
1249502563453390848	
1249552300424802304	
1249495012896694272	
1249698855978848257	
1249689874556387328	
1249668657757724673	
1249653561115308032	
1249703889646960641	
1249740379739418625	
1249744154470449166	
1249812102199390215	
1249804553995911169	
1249793227810418692	
1249487464068235264	
1249708922442846210	
1249719134767718401	
1249713958472179712	
1249727540350136320	
1249724030535507970	
1249570510524026881	
1249789454123962370	
1249847030777892870	
1249846076603064322	
1249834752309264384	
1249562961670066178	
1249547860984692736	
1249819651866906625	
1249646342655393793	
1249633507225341954	
1249632007639924736	
1249616975741026304	
1249608268839890946	
1249593160696827907	
1249585609875677191	
1249638461767684096	
1249827201735970818	
1249785678365220865	
1249766805121323009	
1249774356781101067	
1249763626921209856	
1249763029002092547	
1249759258146566145	
1249751705417326598	
1249749187824095233	
1250026011820822528	
1250038428881825792	
1250042370101395457	
1250046146128441345	
1250049919915716608	
1249962881011105796	
1249951772749119489	
1249893170667761666	
1249853625880309760	
1249864952434720768	
1249879567864672261	
1249880050905817089	
1249947997791612931	
1249895885527547906	
1249910250049855488	
1250020978626723841	
1249922563498815488	
1250015945382395905	
1249999389629825025	
1249966004018524160	
1249969300737318912	
1249974400989962240	
1249982632353562626	
1249991562936889344	
1249995813029216258	
1250003783884640258	
1249932898611761153	
1250057469117620225	
1250125416871968768	
1250136741446639618	
1250053694973865984	
1250121644498210819	
1250114093580722176	
1250091447686008832	
1250106547503595520	
1250159391308988416	
1250182039958990848	
1250187955928530945	
1250151844040470528	
1250189590159392769	
1250085465878933504	
1250083893786673153	
1250061250966544385	
1250076343762591755	
1250068793746956296	
1250065018953105411	
1250344309896835072	
1250340585233354752	
1250336838394368000	
1250329259987656704	
1250326641819045889	
1250408536422711296	
1250491579791323137	
1250489063200772098	
1250480254914887680	
1250472705675034624	
1250465155504386062	
1250461381742247936	
1250348136897236992	
1250411834059956225	
1250484031663124480	
1250378333214445570	
1250404757828583426	
1250353146297085954	
1250506679558402048	
1250388399552221184	
1250373943120269313	
1250370813271965699	
1250370784327073792	
1250369230110887936	
1250363236110577664	
1250499133749616640	
1250239353651105792	
1250438731288449024	
1250450056655908864	
1250548203218501635	
1250302837080207361	
1250287737778782210	
1250270132166770688	
1250259184517554176	
1250253762440171520	
1250249988178726913	
1250229730747580417	
1250240857065881600	
1250544849390047233	
1250227340036263938	
1250555752290410497	
1250559527730077697	
1250510453932830721	
1250319306941845505	
1250313744585900032	
1250219788510433280	
1250212240105537538	
1250691647802769413	
1250701813017387008	
1250695425020985347	
1250676736490123264	
1250672773912903683	
1250657674192203777	
1250657388291645440	
1250635024858329088	
1250574627450941440	
1250768811080507392	
1250803615280873473	
1250801121112686592	
1250793570149240833	
1250786023040258049	
1250775216013422592	
1250770923231166464	
1250876616638705670	
1250755824068124678	
1250735532210085890	
1250808669899382786	
1250846423186206720	
1250871584006553607	
1250835093020499969	
1250831321695387648	
1250745754538442753	
1250929464730664961	
1250921915172024320	
1250914367190839296	
1250911899987988481	
1250911333836562432	
1250593501055602695	
1250710522061885441	
1250601050836369408	
1250604827136024577	
1251280528260714498	
1251171058062770176	
1251272978538598403	
1251269206177390592	
1251228994021752833	
1251208808765915136	
1251197480949157892	
1251291853472903175	
1251186158350065668	
1251178610289004547	
1251223909996920834	
1251195160924487682	
1251042712347795459	
1251050260685656068	
1251058748891828224	
1251080460827910146	
1251095559278080000	
1251027611653939201	
1251109947007553536	
1251121109820485632	
1251135295283757059	
1251020061864800256	
1251295627553542144	
1251126985864155136	
1250985952413188097	
1250970988617125889	
1250967215978868737	
1250952114253283328	
1250937015488491520	
1251250329162854400	
1251254103918837760	
1251510796691091456	
1251498135085613056	
1251473047254478849	
1251596359116849154	
1251639141445574659	
1251525897255112706	
1251465498618925058	
1251578743287504896	
1251551712747360256	
1251561178804948992	
1251563644271226880	
1251571194467254272	
1251586295446384640	
1251658015381401600	
1251540997252628481	
1251654241040478208	
1251631592193134592	
1251646690676916230	
1251608942657941504	
1251612202982936582	
1251612717070368775	
1251616492791255040	
1251620439186649096	
1251627778698592256	
1251629414779150340	
1251605167054524416	
1251389999339188224	
1251303177359699970	
1251333376545558534	
1251412649016987649	
1251427748112891908	
1251435301387620352	
1251381535024001024	
1251337151754547205	
1251333076262760455	
1251374478032019456	
1251352250540158976	
1251371124979425280	
1251382449537515520	
1251367350714068993	
1251310727094304768	
1251314504299761664	
1251318276921143299	
1251457947890319362	
1251450398587699203	
1251329603278442498	
1251676891397799937	
1252001471090036737	
1251691990615568384	
1251684439777857542	
1251669339985588224	
1251993979169587200	
1251986429380456448	
1251707088994099200	
1251714638829490177	
1251797688372260864	
1251732067274153988	
1251973294191980545	
1251850533964599302	
1251827887302307842	
1251792744466518017	
1252009080589373447	
1251722189121810432	
1251775037108965381	
1251744837415636993	
1251759936905895936	
1251865633920151554	
1251752388999823362	
1251661790171160578	
1251873188599836673	
1251888285443436544	
1251963780163989506	
1251948681768689665	
1251937356279619586	
1251933584371433472	
1251932495240744961	
1251929806284877824	
1251926031721775110	
1251918483513892876	
1251910933116596225	
1251906097906139136	
1251895832455991296	
1251903383306416135	
1251789995192528896	
1251737288037539841	
1252386026279993344	
1252295972815695872	
1252301002444730374	
1252311070116655105	
1252318618596945920	
1252323651585576961	
1252326171376844803	
1252328684914192385	
1252331201316225026	
1252333718066180097	
1252379017220505604	
1252371470916947969	
1252356367261679616	
1252336234514591747	
1252351986369916929	
1252292850345226240	
1252080497167077386	
1252054379437277184	
1252039278336462848	
1252031728522113025	
1252024178091360257	
1252107225612513283	
1252192991063703553	
1252190276841398272	
1252185239495094275	
1252175175203733504	
1252165106898579456	
1252160074707021824	
1252114777251344388	
1252084576308035584	
1252195305820471297	
1252124841458663424	
1252210405499219968	
1252260737038376966	
1252263253754826752	
1252270803636359168	
1252258221655457796	
1252200339035447301	
1252255703848239104	
1252225505044033536	
1252245637732548610	
1252280874587971586	
1252285902841233417	
1252623125096914944	
1252527494667763712	
1252650807184556033	
1252645319768236033	
1252406851041255428	
1252733854416338944	
1252406698842546181	
1252401667691163648	
1252386566728794112	
1252618091869220865	
1252701138891280385	
1252703657709244416	
1252707620277944322	
1252718759640363009	
1252722530105692160	
1252723619337297920	
1252707430481313793	
1252737629289734148	
1252688556067258368	
1252639483133956101	
1252696106347069440	
1252613060780408833	
1252514912653500416	
1252499812529737728	
1252572793369133056	
1252570479107420161	
1252567762548994049	
1252557693845409793	
1252552661796184066	
1252532527815745538	
1252522461402292224	
1252582862462697472	
1252673457407459328	
1252507362205806593	
1252587399701581826	
1252615172851740673	
1252602992483860481	
1252492264804249601	
1252489466037637121	
1252478350028914689	
1252477164844232704	
1252469613750673409	
1252462064854941697	
1252446965150949377	
1252441930903908352	
1252453286050963457	
1252431865765478401	
1252429529865306115	
1252424314755977216	
1252420540205158404	
1252511136915865602	
1252515684149575680	
1252605511117049856	
1252436897667973122	
1252975447501082624	
1252980479579418624	
1252955313839517698	
1252960354260246530	
1252965380445704193	
1252970413077852166	
1252960670334824448	
1252756503607607299	
1252760278757974016	
1252771603731173376	
1252779153566208000	
1252786702692704257	
1252787865823707139	
1252920081853505537	
1252767777586401280	
1252794253291466752	
1252798027330457601	
1252801802753290241	
1252809353515565062	
1252839551342608384	
1252852133705256960	
1252874749874561024	
1252879816266641410	
1252884849624412160	
1252889882688499712	
1252899952121966593	
1252915052291608578	
1252832001104605186	
1253096243586191360	
1252998095853383682	
1253001871125434370	
1253005646133374979	
1253020749222367240	
1253024519683485696	
1253032069766303751	
1253043395443847168	
1253050945149079552	
1253058493927567360	
1253107566986616832	
1253077367997845510	
1253081144083410944	
1253088693914685441	
1252985512819937282	
1252990546605420544	
1252988647139311616	
1253126441228742658	
1253127211152019458	
1253137766025760773	
1253141541570277376	
1253158776699527170	
1253171740710023170	
1253186840342990848	
1253379301061378053	
1253383137754853376	
1253386907666407424	
1253413461125558274	
1253421007542444032	
1253441799923908619	
1253360484813856771	
1253375583653974016	
1253349778001399814	
1253336219699736577	
1253331480215863303	
1253318691892019200	
1253303748224528386	
1253284115237023750	
1253269888195604482	
1253252514503368709	
1253337836431892487	
1253371808356712449	
1253201940621787136	
1253217233226129410	
1253232140940001280	
1253247239478226946	
1253156640347631616	
1253469954973691906	
1253511478977544192	
1253503929113030660	
1253490386707898368	
1253522624854069249	
1253488832386908161	
1253556777100038144	
1253598694143930369	
1253549228984418304	
1253473732225404928	
1253592695710396416	
1253775721429942272	
1253771944815587329	
1253652486809743361	
1253685128385052672	
1253683791119503360	
1253680089595863042	
1253637307652947969	
1253613400023678976	
1253609628580999169	
1253690155912687623	
1253597042401673217	
1253602075797159937	
1253756845245845506	
1253805918405328896	
1253802144014061568	
1253790819993051136	
1253783270891728896	
1253813468504838146	
1253722872532439040	
1253743003988090880	
1253704030431383560	
1253719096815874048	
1253896515711614976	
1253931747621900289	
1253926716826963968	
1253922557742518272	
1253915028346068996	
1253904065571872768	
1253843667715907584	
1253847442232995840	
1253961946669486081	
1253873866750844928	
1253966979716784129	
1253977046130339840	
1253992145649713152	
1253936780732071939	
1253997178843889664	
1254016137295167489	
1254029894515748864	
1254085260264046599	
1254075031094792192	
1254072544023453697	
1254062613400629250	
1254055680757108737	
1254047510680735744	
1253987114150014976	
1254107911418195968	
1254094685909499910	
1254013536881143808	
1254115458225233923	
1253838865540034562	
1254175856324476929	
1254160757144551429	
1254153206784909313	
1254141882336075776	
1254138109089812480	
1254130558256349184	
1254109552825466880	
1254168308057694209	
1254342319911952389	
1254324334463762432	
1254329367775207424	
1254334401552367616	
1254402955882770432	
1254319303869923329	
1254388830465032195	
1254394800213602306	
1254417448830332932	
1254314268138172418	
1254304202114899968	
1254296652787130370	
1254198507432378368	
1254206055577300992	
1254359080031920131	
1254221155319394307	
1254228706064728067	
1254243805382885376	
1254511819948867585	
1254508046241259522	
1254236254071222274	
1254504413097590791	
1254489170833178624	
1254251353792286720	
1254258903594000384	
1254274002719256577	
1254425002927099910	
1254530696594575361	
1254534469236568065	
1254538244848377857	
1254545793773637634	
1254555652334239744	
1254558579513843712	
1254519369855578114	
1254462746445348865	
1254466521583292424	
1254470299686449160	
1254485395796041734	
1254500496397619200	
1254792418869813252	
1254762219893653504	
1254802486856056835	
1254777319304179712	
1254787390268305410	
1254797427841945600	
1254806260450357249	
1254810035810643971	
1254763062403334145	
1254908182561947648	
1254813809836994568	
1254817789409296387	
1254847785930817536	
1254877983615025152	
1254874207995015168	
1254862886733787138	
1254900633573851139	
1254893084611170305	
1254889307208179712	
1254797452068024320	
1254560893209210880	
1254575994456834049	
1254583542547447813	
1254591094223863814	
1254598641836310528	
1254606191692582912	
1254613852861407233	
1254621292306800641	
1254651490330767368	
1254659039847485442	
1254681690133262336	
1254696789652967425	
1254628841135525890	
1254742089671127043	
1254710219512467463	
1254737054107230210	
1254961029743706113	
1254930831916896257	
1254923283318767616	
1255147747910418436	
1255149776846286849	
1255153548523974657	
1254962993370202112	
1255028977661407234	
1255069242883530752	
1255064209718681601	
1255054143347097600	
1254976129611390977	
1255006328424030214	
1255084342482632711	
1255144530430459904	
1255134327538462730	
1255127125562097664	
1255099442052513792	
1255017603304751104	
1255210172831739904	
1255202621771505664	
1255195074343952384	
1255157324693602304	
1255225271654875136	
1255278119394643969	
1255271198319161348	
1255266794710974465	
1255255597123076096	
1255240371975553025	
1255232822232715264	
1255282019950624772	
1255153607990751232	
1255610309626265602	
1255621632732717058	
1255636732680089600	
1255640507037990912	
1255289443809976325	
1255593807858610177	
1255365790372683780	
1255386332253347840	
1255403481487290368	
1255409516751060994	
1255414014600867840	
1255421567246446593	
1255426597668229123	
1255342292262629376	
1255441697070133248	
1255446730256105472	
1255324554362269696	
1255471896000294912	
1255461829708402688	
1255587661999411206	
1255502095068745728	
1255507128187408384	
1255512167446532096	
1255481962464083968	
1255519711263166466	
1255572562018435074	
1255537327318937600	
1255542365512708097	
1255546135302803456	
1255557462771425280	
1255565011755266048	
1255568785114828801	
1255982091789049856	
1255833025910169601	
1255791503466586112	
1255776542174711808	
1255783956764639232	
1255968921330479104	
1255806602541588480	
1255995345508556800	
1255972695885242368	
1255889877322866690	
1255976471060975617	
1255787727208865793	
1255889648804605952	
1255874551604371456	
1255859450126065664	
1255852885189017600	
1255849472560635904	
1255844353680961538	
1255878324565323777	
1255923622734106626	
1255685805671976960	
1255749647416655873	
1255961371428089857	
1255757408309252096	
1255942498163339270	
1255934948244103179	
1255953821945266178	
1255902358237777923	
1255691041186906113	
1255731104247500801	
1255674481042878464	
1255742270810308609	
1255764460045729793	
1255659381519081472	
1255657250003222530	
1256327536608346118	
1256186605590556675	
1256191640290672650	
1256196672062808064	
1256207522932850689	
1256214288760549377	
1256221839304654850	
1256226870925971468	
1256257070073999360	
1256176540309696512	
1256126207411642368	
1256131243806126080	
1256154606557630465	
1256166473049018368	
1256267137120796672	
1256340117083602948	
1256293560724467715	
1256297336839393280	
1256282238892851201	
1256311791459741698	
