1406542337673555968	
1406421541483683850	
1406748697640247297	
1406683266296565761	
1406439157958799369	
1406403925528485891	
1406602735848280068	
1406582605567430656	
1407084661608570883	
1407058236889452550	
1407107311584399364	
1407020492935024648	
1406831745387749376	
1407043137386651651	
1406948766863745030	
1406944994968096770	
1406933666912145411	
1407246982951833622	
1407216785795911684	
1407239432248332291	
1407129959575941130	
1407428178793086988	
1407341353109889026	
1407299829298982917	
1407250755610763266	
1407348902135668736	
1407262082366541838	
1407567845307809794	
1407496122482921473	
1407628242882744321	
1407696191282892802	
1407737716398243844	
1407827277795184640	
1407741489191419906	
1407752813833228295	
1408103877581459462	
1407994408583135234	
1408111427206975506	
1408118977209929731	
1408134076142342158	
1408077464132374529	
1408447392219688962	
1408228452080054275	
1408466264935256064	
1408432294629543937	
1408278779571572741	
1408496463940755460	
1408701565318295554	
1408731764336599040	
1408609710052417539	
1408598386840723456	
1408626067787628547	
1408646200782376962	
1408827394681499650	
1408839412390170625	
1408857593402073090	
1409194822448029697	
1409053886791356424	
1409099185228378114	
1409021171950047233	
1408957371859283969	
1409270316711350272	
1409240115029946369	
1409154550146080769	
1409209919224651780	
1409068986361208834	
1409636475721814025	
1409489258776125442	
1409542114329849858	
1409447732306186243	
1409360909693227009	
1409308081012588544	
1409300517977739268	
1409365942967078914	
1409745947907796994	
1409764821378035712	
1409815525220401152	
1409675482602278914	
1410000122025369602	
1409708198387408896	
1409720781102329859	
1409817669445029892	
1409723301174337540	
1409938466192887815	
1409836547122233346	
1409862968116977665	
1409874299071074304	
1409896945267601411	
1409889395537289221	
1410281987106033669	
1410169526956826627	
1410217326675365895	
1410229132852670469	
1410167841937137664	
1410170569807609857	
1410361251931123713	
1410278204548526081	
1410298840129839110	
1410198933125611522	
1410070594742222852	
1410066811236884480	
1410055490525036545	
1410051711717187588	
1410421649342664706	
1410415357895061511	
1410463174986539013	
1410565094522691585	
1410399000100950018	
1410391450362200070	
1410576422360342529	
1410746288493064196	
1410599076475949058	
1410587744351424512	
1410591520311414785	
1410969006232719361	
1410965231413743619	
1410768937684459526	
1411055828044447746	
1411082255339032578	
1410984107958444035	
1411138875318149122	
1411152716433432577	
1411153974808428547	
1411162782821662723	
1411389275199787008	
1411404374715232256	
1411409407913730050	
1411469805937434624	
1411165301123608578	
1411259995656802304	
1411384248045510658	
1411333910605316102	
1411116226059722756	
1411497488943562754	
1411512588375035907	
1411786895143555073	
1411751663069585409	
1412097693338456072	
1412075044692402181	
1412071271370682372	
1412067494475542531	
1411856101281198083	
1411950473028915200	
1411837230318977025	
1412124122620960788	
1412142991578386433	
1412161871537446927	
1412497829877194758	
1412418558642987008	
1412528029113278464	
1412463856534790145	
1412218967905685506	
1412380812771827712	
1412384585514582022	
1412279937558626306	
1412616990657818626	
1412686573498478597	
1412713000025288711	
1412724322679115779	
1412562006343708672	
1412656374442496001	
1412587540650074114	
1412572599545126914	
1412784720836923394	
1412826244987588611	
1412873052384239619	
1412894194704728065	
1412579115383758848	
1413037637124993026	
1413086710146093058	
1413098036734042113	
1412981013865656324	
1412947502312079364	
1412935715122409472	
1413154658533593089	
1413336465409466368	
1413289626513690628	
1413290553341587463	
1413309428678500354	
1414006520912572417	
1413780028484046848	
1413810227909054470	
1413855526010589186	
1413764929019129858	
1413703519949963267	
1413671815717605382	
1413951156255019008	
1413971288792592393	
1413658621070692353	
1414366393315708930	
1414343745101869058	
1414212880824635392	
1414063408710815745	
1414049302792613894	
1414042066171092996	
1414735071454453761	
1414657058301952001	
1414611759474741250	
1414714939076485122	
1414623083651031043	
1414469572233625600	
1414411691937472515	
1414406627340558338	
1414509842480381952	
1414543811485831173	
1414494744181284869	
1415023228997836800	
1415000574030848001	
1415002081031688192	
1414962823726309376	
1414898649897652230	
1414947723854290944	
1415049644418035712	
1415091168665296896	
1414879776540545026	
1414743880843603969	
1414842028718886913	
1414789178374586369	
1414826927697784832	
1415442231201345536	
1415446006422917122	
1415164149106188288	
1415174218577186817	
1415136466582216707	
1415227065549287424	
1415355411667030018	
1415328985647656961	
1415098722359275521	
1415279912550809608	
1415287461375352833	
1415106268532989952	
1415800844818255872	
1415793300330606592	
1415623425385803781	
1415802605851365389	
1415804619083505667	
1415535344817111041	
1415461112154267649	
1415474946764017667	
1415612105659662338	
1415468656541110278	
1415676273385517056	
1415664950824013828	
1415691373424955393	
1415661174754975754	
1415653624315850765	
1415488788038492165	
1415851176025858048	
1415951839217000450	
1416153165897011200	
1416163233568903171	
1416038662207418369	
1415842367870050304	
1416392241132802053	
1416482838027771905	
1416228663310405644	
1416198464237543424	
1416311710453927939	
1416266411983310848	
1416243762674733057	
1416487875223318530	
1416684172207403010	
1416905623841632258	
1416709330448048130	
1416704297211863040	
1416699265737367555	
1416694231020851209	
1416616217779994625	
1416830126424084480	
1416764695269289984	
1416744571925504005	
1416719396807061504	
1416880460018307073	
1417131109628928000	
1417129602841858052	
1417072977275809792	
1417021386783182851	
1417227751036178434	
1417240329250476044	
1417254170458038273	
1417256642186514439	
1417265495510720515	
1417167358523691008	
1417065426828374019	
1417006287313907712	
1416993704888258560	
1417355064788783104	
1417518411760865280	
1417533511259525124	
1417450463960707072	
1417586359431143425	
1417567485361016839	
1417627883019898880	
1417634989450186757	
1417778879591239684	
1417782653177192448	
1417824177675853826	
1417692055900463105	
1417681207693807617	
1417654307428646913	
1417726030593155074	
1417707155285680138	
1417669406780366850	
1417640987359330307	
1417978946226819072	
1417888349260443648	
1417962050400235528	
1417858150800183297	
1417865700383723525	
1418171468559486979	
1418092192506073090	
1418133721794813962	
1418296036024479745	
1418299813603332099	
1418330010927128583	
1418284714100731908	
1418233372812316675	
1418004678130995200	
1418012924862291973	
1418031794432131082	
1418703708834127878	
1418707501785174017	
1418710600381784070	
1418715307183677443	
1418669748166955012	
1418594254075535360	
1418620675095412739	
1418684847879598084	
1418447030586806273	
1418469679870275591	
1418431931058896903	
1418401732124717058	
1418425338854522886	
1418393342380068864	
1418730146002096129	
1418743556022456321	
1419062336061681668	
1419059818380374020	
1418896241543417856	
1418994393118298116	
1419311482458808324	
1419084989992357889	
1419089022538985474	
1419417173815083017	
1419428540597121024	
1419170548152557570	
1419157328822157314	
1419266181450506241	
1419296377436319749	
1419251087098351617	
1419115185189670912	
1419790885605289994	
1419711615277150216	
1419621016301707265	
1419624791682686977	
1419707838427897876	
1419722938803113995	
1419778050988797962	
1419696514771742720	
1419685189152690183	
1419605919344721926	
1419573201294610432	
1419537969082363905	
1419482604223406083	
1420077775994589184	
1420032477834321920	
1420081551954546695	
1420009828466925574	
1419919231525658632	
1419819826243985408	
1419934331120746496	
1420006062506213385	
1419998506023063553	
1419827375991296000	
1420134400730226694	
1420160823469608962	
1420085326324719616	
1420246386855927811	
1420194799223656448	
1420187251636572163	
1420252678446268416	
1420323149892112391	
1420184731006636032	
1420530760855875589	
1420519443805970436	
1420517674707079169	
1420409965324365829	
1420342017213800448	
1420685537279500290	
1420696855327903748	
1420536297391804420	
1420538310502633480	
1420539569074696195	
1420572284851478532	
1420612549763080193	
1420836527572099073	
1420862949913030656	
1420870386342895616	
1420753480831045637	
1420783679404707848	
1420768579901812743	
1421251762330210311	
1421127191773859840	
1421115868751097858	
1421255536654307328	
1421104541697679363	
1421100768891785223	
1421078123664248836	
1421044143917342720	
1420927125197139968	
1420904473145364485	
1421263086288134148	
1421259317446160385	
1421293285436428290	
1421583951592841221	
1421571367623827457	
1421551234952187905	
1421546206501687297	
1421531106034257920	
1421420372667346954	
1421619182739804160	
1421281960760995842	
1421300835020009474	
1421261828068237317	
1421314676214820868	
1421324742460514304	
1421339841946550276	
1421375074100256768	
1421677064126615552	
1421672030986981378	
1421631765656096771	
1421742496728629249	
1421727401306955776	
1421772701111250949	
1421883423925411846	
1421848192254025734	
1421838125530329094	
1421823025943486467	
1421888457006206977	
1421942056558153732	
1421901041520431107	
1421853225121206276	
1422225682017439744	
1422210581902381061	
1422206804721766405	
1422153956466192386	
1422079717348364289	
1422089788123873282	
1422104891682480128	
1422203029751668742	
1421991636767232003	
1422278527206891524	
1422326262232752130	
1422335150663286790	
1422345455493656577	
1422074685127278593	
1422184155450941445	
1422176605690994691	
1422293628320288789	
1422249838272389136	
1422693766415192066	
1422575427646894085	
1422565420188401665	
1422527672488501269	
1422671767844397056	
1422508794911809537	
1422591842290384898	
1422577179217604617	
1422376675182997505	
1422391777709883392	
1422444623281205248	
1422440847216320518	
1422350249914290176	
1422916481063342082	
1422935362528231425	
1423014628074917895	
1422950465524748290	
1422792377769594880	
1422893832203653126	
1422791910176051201	
1422773035933831168	
1422716412607430664	
1422708865565609984	
1422886281982267397	
1422995753136390147	
1422988205289259010	
1423039926564687875	
1423034187200794624	
1423176948444917761	
1423158072885788678	
1423149341955534849	
1423263769547792385	
1423188271950143493	
1423244896203382785	
1423195821659598848	
1423358146001608704	
1423305296512839680	
1423395891650596864	
1423414764588441605	
1423422314587189249	
1423429864141377538	
1423210921074167810	
1423116549792026627	
1423130591038513152	
1423074468499439623	
1423079278720208899	
1423084801721049092	
1423090125148278789	
1423101454072569864	
1423645035308875782	
1423784701983133697	
1423603508016734209	
1423750731442671622	
1423558209361547268	
1423481911616356352	
1423482711985987585	
1423629933658533889	
1423622382862966785	
1423441188787408897	
1423448144147320832	
1423452512904904708	
1423863974320381952	
1423797867744047104	
1423800935101386758	
1423811129470603269	
1424052722119049220	
1423826225345163266	
1424369815376990208	
1424437754897702915	
1424504966333534214	
1424164653542912001	
1424601332892139520	
1424558258098954241	
1424777495145025536	
1424794354766422016	
1424803918245089321	
1424698221369040902	
1424728420626223107	
1424675572148445184	
1424660472909926401	
1424815243310469120	
1424824553717436432	
1424852992432369669	
1424683122394730496	
1424849216308797440	
1425113457486032896	
1425219154047504387	
1425133841761542151	
1425170083559747589	
1425207830341095429	
1425232240167038983	
1424924713764237340	
1425087039301689347	
1425049290775408641	
1425041737483833349	
1424912130625650689	
1425103191662907403	
1425590349829840898	
1425589091559747592	
1425536243736133636	
1425524918523891714	
1425319817180024834	
1425358825129844743	
1425247339623632898	
1425295909672341504	
1425250611277221889	
1425279551840608265	
1425294651569971201	
1425485911479836676	
1425381482147635201	
1425407897882611713	
1425404122765873155	
1425815583845752834	
1425845783484637184	
1425943929963393027	
1425611740612501505	
1425864657395273728	
1425781611015155712	
1425770285827989504	
1425724986845655040	
1425691014736400384	
1425657039364186115	
1426013135614345216	
1426317645318602755	
1426094924517150729	
1426045856277352451	
1426026976796610561	
1426227048834547719	
1426136452501360642	
1426010618927095816	
1425984195025768455	
1426609565525712897	
1426503869345972227	
1426404464144027648	
1426389364570050560	
1426373006775836679	
1426359165522518018	
1426345324482908163	
1426344066178961411	
1426433404875198466	
1426420821837467648	
1426916588989546499	
1426856190743519234	
1426941754603884547	
1426697645972762625	
1426851157457080320	
1426825991729549314	
1427418351509377025	
1427295334414356482	
1427408580488032259	
1427323268483190792	
1427234936310935553	
1427155663902298116	
1427197187629346820	
1427193420016099333	
1427250035855552518	
1427216061921849348	
1427376368266866688	
1427362023885742080	
1427355732555419652	
1427489362703372294	
1427589774559305730	
1427715855215910913	
1427753855698178052	
1427750298785882114	
1427746054192001024	
1427484077985304580	
1427446329127620612	
1427438779539738625	
1427468978436272129	
1427506853068648448	
1427635072954376192	
1427450104143912966	
1427850240992768005	
1427937062762606593	
1427982361363419143	
1427955939915702272	
1427862069387407363	
1427835141603266562	
1427835981407916032	
1428117661968437254	
1427903092310351875	
1427785364157210626	
1428378723024134145	
1428423266511867908	
1428239052747067395	
1428329650221113349	
1428322100809502722	
1428363624091901952	
1428710913801129986	
1428548592403292168	
1428509096936882181	
1428589500935151616	
1428820383315030018	
1428856118856486912	
1428934764719968256	
1428946715751510017	
1429206678751350788	
1429176479716311048	
1429171450410246144	
1429035558282665984	
1428883457036492801	
1429186548621139969	
1428905191999344643	
1428903431134011396	
1429297983447879690	
1429556484568870912	
1429523768049688578	
1429589199280164869	
1429493569245507592	
1429463369984012296	
1429488539327078402	
1429402972149190657	
1429782977697906694	
1429767877834407939	
1429764101652291584	
1429737678036258819	
1429791066925019138	
1429660690353213442	
1429875082998927388	
1429609338973392901	
1429859076083752966	
1429854699029626884	
1429873574425284610	
1429831609319055369	
1429822370395705350	
1429888673248530434	
1429952845374234627	
1429944037415522306	
1429928182933860355	
1429916606575136772	
1429833307701788685	
1430275471174889476	
1430164239092789256	
1430017019177472000	
1430022302935158785	
1430019534908444678	
1430025826339233794	
1429962911737278476	
1430039668045750280	
1430481327623602176	
1430402055219331074	
1430556825103994888	
1430492652831715328	
1430530408018546691	
1430519076493877253	
1430346690444279808	
1430330332587364357	
1430322782924066817	
1430598351381094404	
1430647422540148737	
1430641131050647555	
1430701528722120704	
1430758654911909891	
1430749344660131840	
1430746827033169920	
1430730469465808900	
1430681398311010308	
1430692720540983297	
1430700270607114243	
1430704046445367306	
1431149483463561220	
1431387297635831812	
1431187230010142725	
1431277829245706241	
1431516901302276097	
1431459020804608001	
1431537033948942337	
1431411708069744641	
1431592399143411716	
1431612531458650113	
1431718227789312000	
1431748426857959428	
1431713194607714304	
1431910142266773505	
1432030283994390533	
1431793725437583362	
1432293266905518091	
1432229094888919040	
1432130950436110339	
1432146054368083971	
1432459361968812035	
1432429162422095872	
1432395191374135297	
1432719840066818065	
1432551802734534656	
1432523534081921027	
1432908571935662082	
1432901030451187716	
1432871609161879556	
1433196121048948737	
1433201283633143809	
1433214336223358980	
1433112427416145926	
1433429509919838210	
1433501227115941897	
1433508776229801996	
1433274734209273857	
1433278512262172676	
1433357781717901314	
1433908912915247104	
1433774272007245833	
1433712620033298436	
1433874941691117573	
1433877918032310277	
1433901363554103298	
1433810766780452866	
1433863614889271298	
1433833415900483586	
1433750368614187008	
1433835177042657280	
1433632855058534403	
1434281709495795713	
1434282627033354240	
1434022298940542981	
1433984410550820865	
1433965536891768832	
1433964299949645826	
1434421037291220993	
1434410975059398663	
1434390838394507265	
1434662748273643520	
1434531773916930050	
1434632430368043011	
1434377035665838084	
1434667706058485763	
1434879058995732489	
1434943228701184002	
1434788462318669825	
1434803561175474177	
1434965877561204739	
1435339592039813121	
1435324491622535169	
1435147071523221508	
1435101772897349632	
1435124422151712771	
1435154621337583620	
1435158396676685826	
1435074090415624194	
1435041374894796801	
1435294345456988164	
1435203697072435203	
1435528336558620673	
1435505684964052995	
1435562307858300929	
1435392441868177409	
1435455352867221518	
1435992643259961347	
1436057355955937287	
1436087014907125766	
1436079170426220548	
1436074532935192581	
1436026622746955781	
1436066127453442061	
1435967899361894403	
1435890725846085632	
1435778733709742084	
1435928473353129987	
1436099597848305665	
1435783766736359424	
1436275759832780818	
1436279533661982722	
1436287083941818368	
1436122750473551885	
1436143638107631616	
1436158453467205635	
1436137849796038660	
1436430528505212929	
1436370130452180996	
1436377680602038274	
1436407879121182722	
1436746359512518658	
1436751393130430465	
1436754765413863430	
1436756425905221636	
1436615499119357957	
1436670862099460104	
1436711127518433287	
1436528675122417670	
1436524901838385156	
1437023186508525570	
1437174184392552456	
1437169145322352643	
1437118813649125380	
1437159079554682880	
1436922520150626309	
1437113784921780224	
1437553414335049728	
1437553427450523649	
1437519961912659968	
1437525241820028932	
1437538328321171456	
1437347824744665089	
1437445971068133378	
1437423321482678278	
1437264777575759875	
1437468621614112769	
1437274841699160066	
1437702666637959168	
1437705741914320898	
1437642265460019200	
1437638488120201219	
1437657363083718657	
1437676236923355145	
1437579851548946434	
1437849881020874755	
1437857430893854723	
1437578090121547778	
1437847616000299017	
1437579926908047361	
1437916570588745730	
1437618741957828609	
1437895179877457924	
1437898962757947395	
1438182069801078786	
1437932456406142982	
1438287766106767360	
1438031074765021184	
1437989554082902016	
1438008425560952834	
1437940477840400385	
1437961113753112578	
1437978226928734209	
1438370533708607488	
1438363263733886979	
1438293333571473412	
1438613915219419138	
1438317288822874116	
1438296588699451397	
1438438761474445321	
1438755851745972224	
1438736977348628480	
1438714328295743490	
1438714328111546368	
1438713481063247877	
1438678372314501120	
1438666337660907521	
1438653933661138947	
1438952609143037954	
1438967243505762307	
1438974793294962696	
1439009766777499650	
1438937044437372943	
1438929495587753984	
1439227720672686084	
1439352708276838404	
1439353538983911424	
1439373671408312322	
1439303211983147011	
1439152216829464576	
1439127046639259655	
1439051777433870336	
1439031646431367171	
1439081833610850307	
1439035191348051970	
1439566696130433026	
1439469308027936769	
1439715926778253314	
1439408905461895172	
1440056294539366410	
1440058188523442184	
1439995770950672392	
1440429630008160257	
1440394145827151874	
1440246925874417664	
1440224283377160192	
1440326198052151296	
1440365708609658886	
1440367724224339971	
1440375275661922318	
1440384331067928576	
1440160103634595849	
1440156330153570311	
1440401695457095680	
1440468384794169344	
1440488517562290177	
1440787990754828289	
1440788494109089792	
1440609314670931981	
1440669715454627840	
1440548916563308552	
1440624414953930759	
1440716519915368450	
1440807117087150089	
1440816931460820992	
1440696137187352580	
1440784719411560451	
1441084959356174338	
1441028324612919298	
1441179319531753480	
1441169253181399040	
1441142563805667328	
1441135651441844227	
1440868521466994693	
1440872296290439169	
1440926402828771328	
1440949054402400256	
1440971701584424968	
1440835805816180737	
1441413362529701892	
1441432235983261703	
1441211280027754498	
1441217068079124480	
1441638595689951233	
1441734232229879811	
1441839924857085959	
1441663761618587654	
1441955684933939202	
1441970784444895232	
1442368409023307779	
1442605342941085700	
1442608479458500610	
1442562684797530117	
1442560923177144327	
1442662846332997632	
1442914503113560065	
1442655297647042567	
1442696818475864065	
1442727017560961026	
1442779865778905088	
1442742117084839939	
1442896886948528131	
1442701125178830851	
1442836495060979717	
1443037458397114369	
1443329739104555009	
1443321434504372225	
1443221526031978499	
1443112054903087104	
1443062983114964992	
1443351096467013642	
1443357422500806659	
1443369353949372417	
1443515967011762179	
1443432919121465345	
1443474442533830656	
1443666962844897285	
1443682061634650115	
1443712259960844289	
1443365052560650246	
