1377703058247970817	
1377701045011353609	
1377712372501069836	
1377687958778564614	
1377576476506210306	
1377625548516585472	
1377617998089908224	
1377606678875635717	
1377599124904763393	
1377584025611595776	
1377580249358159878	
1377444353556180992	
1377482102304804870	
1377489652148396037	
1377425482099068931	
1377534950543654914	
1377519851300925444	
1377802966900514816	
1377797483129139205	
1377772767521636354	
1377781827201597443	
1377836940335013888	
1377855816095555584	
1377859589547290627	
1378039419853152260	
1377995485428912131	
1378018134465028098	
1378052108176535558	
1378080797249445892	
1378074763248082945	
1378067208916639752	
1377863367931555844	
1377908673431805955	
1377901115140939779	
1377874689142312966	
1377976611157405696	
1377950186652188675	
1377942637274075136	
1377818066545954821	
1378097408173879301	
1378131648890482688	
1378127607254765571	
1378120698032500738	
1378180455497936898	
1378169129308467200	
1378233303032020992	
1378271058290110465	
1378291183550484481	
1378221977702342658	
1378331450546737154	
1378432112240570369	
1378452246162255875	
1378175311565705219	
1378386813576826884	
1378401913167810563	
1378161733311795200	
1378154029700710408	
1378150259436621825	
1378858238381281287	
1378673704209588229	
1378497545702408193	
1378522709215219720	
1378764300945387531	
1378729068905005062	
1378849864784613376	
1378822183632314368	
1378833811329449995	
1378527742115864577	
1378628405529296897	
1378688803490164747	
1378598206582362118	
1378985760347488258	
1378965628703232003	
1378915295935406084	
1379195894894104581	
1379207219577675778	
1379177021859786752	
1378995829478813699	
1379071326296547328	
1379075099010170881	
1378885096833478667	
1379041135033778180	
1379418614277812227	
1379422388794888196	
1379563316046135299	
1379526857796763649	
1379519275849936915	
1379471461203775490	
1379501659726880772	
1379426165190926340	
1379331790284988416	
1379343116554002433	
1379346889770815488	
1379297817743687680	
1379222322154995713	
1379250001474433024	
1379252519189147649	
1379281458720698369	
1379339340053106691	
1379901027177136129	
1379865557508366337	
1379781010628489218	
1379788551659909122	
1379830073738489856	
1379894908731977735	
1379837623892594699	
1379886701007491076	
1379682853471059968	
1379633780462383109	
1379622456210644995	
1379614908342538242	
1379599810056052742	
1379651396337819649	
1379765910731378689	
1379671528938164226	
1379762125984444422	
1379931995690696706	
1379943319741030400	
1380128295933501440	
1380269972342116353	
1380030141833699332	
1380003717844439044	
1380013784186695680	
1380060342097641475	
1379996168231383043	
1379947095457722370	
1379954645208993793	
1380169813369135104	
1380196478593998861	
1380158492233764864	
1380226437395873792	
1380265945789267968	
1380113195742887938	
1380120740566011905	
1380132064247214083	
1379977295604121607	
1380283058612531204	
1380294390518718465	
1380547300540391426	
1380422729975746560	
1380392529665855490	
1380362332069621762	
1380309482522218503	
1380330370344738817	
1380335906759008259	
1380339683243220994	
1380418953948721157	
1380426503779987456	
1380517100763160576	
1380528428701659136	
1380456703032844290	
1380437829252046848	
1380475588868108288	
1380327098670145537	
1380581281302384642	
1380562399208468481	
1380558625584857089	
1380622797148450821	
1380607697708531712	
1380641675287146496	
1380635883339182092	
1380664321701781504	
1380864389838872582	
1380802732915744772	
1380736043268382724	
1380963794159996928	
1380702073063358472	
1381014125740912641	
1380888296847417346	
1380903396325130242	
1380671874837803011	
1380675645307506694	
1381009092756467712	
1381051874401341441	
1381306052872966146	
1381260751680143360	
1381054390908432388	
1381059424240943106	
1381102207274213377	
1381139959122337801	
1381155055341076481	
1381165120806473731	
1381175186901229568	
1381358898079272960	
1381384063508963330	
1381649562738118657	
1381733147273015298	
1381691086532444166	
1381581615655120904	
1381741418176245766	
1381416778937421828	
1381482210021109765	
1381688569794793476	
1381703669620477952	
1381698638804574210	
1381770358764802048	
1381819433857867777	
1381824465160433665	
1381951552705937412	
1381859697469353984	
1381883605027155969	
1381894938355326982	
1381946771253784580	
1381985530313764864	
1382096256185602048	
1381970428898516995	
1381974202647900167	
1381981751686225924	
1382073606889299969	
1382027050538704901	
1382030826255319040	
1382064798943354882	
1382092984586493958	
1382110839667372034	
1382077885058408449	
1382287523917991940	
1382147846095446018	
1382253542509932545	
1382430962458365954	
1382476260031467520	
1382444551307165699	
1382456457916936192	
1382329040267264003	
1382427187022733312	
1382414352226131973	
1382417623862943748	
1382375596915892226	
1382144072077377536	
1382151625188409345	
1382162945908436996	
1382772461800853504	
1382764660412219392	
1382818766766112775	
1382676328495812609	
1382725405157818372	
1382729176873013249	
1382742262971437058	
1382672553970339845	
1382687654060302338	
1382615931034038281	
1382612156613423109	
1382500293313708033	
1382502572100104193	
1383182162002800641	
1383034942389641217	
1383131829734100996	
1383099114687066114	
1383068915949965318	
1382891503417233411	
1383183419799179264	
1383144412771807233	
1383159512534708224	
1382889754488889345	
1382849322912452611	
1383329511492579328	
1383325354295664651	
1383525803464425474	
1383405013033095176	
1383249853887574025	
1383280434017050624	
1383250109308178439	
1383276533524033545	
1383209322428137478	
1383641437716111375	
1383727127434985479	
1383737199879876608	
1383802498994122752	
1383867930308272141	
1383903164752044033	
1383898255298158605	
1383893095960489984	
1383857994992029699	
1383581039751090179	
1383938394426945536	
1384187536139067393	
1384144760819142656	
1384254225622855684	
1384212703758012421	
1384210185485307910	
1384008863146459137	
1384013892049719296	
1384042832898396166	
1384242900981145600	
1383961666711293956	
1384065482169274368	
1384156079161028608	
1384162887178940425	
1384163629289803787	
1384178728272424963	
1384054160262377472	
1384174954439135233	
1384352372189655046	
1384541116414926854	
1384397671247474689	
1384522246304059394	
1384325949072842755	
1384643038153113604	
1384648071187898369	
1384616613672939529	
1384329723317145602	
1384356147059068930	
1384499592931205122	
1384454293747552257	
1384912311912108038	
1384812907301535746	
1384805357252349956	
1384798549116850180	
1384902246211543043	
1384895955086954500	
1384899740408508420	
1384858205751152642	
1384922379340627969	
1384763835509182470	
1384748736048291845	
1384733637917036548	
1384831781535322120	
1384839338052161548	
1384956352389287938	
1384982776856793090	
1384976988251648002	
1385009200292524033	
1384669461945282563	
1384673237552955394	
1384945028984942599	
1384948802348634117	
1384994100802473986	
1385209268551491586	
1385163971401961475	
1385186622279340034	
1385205493853872134	
1385167744945950720	
1385360263592005638	
1385356488974106625	
1385339627578535937	
1385375363476312068	
1385152645510270978	
1385262125107585025	
1385273442128252933	
1385277216339148801	
1385028075918815232	
1385116155086397440	
1385114896740671491	
1385073374062391296	
1385046948986736640	
1385118672042094596	
1385145095654158337	
1385741526106615809	
1385473510634659840	
1385737751182643202	
1385492384083939330	
1385484834370371584	
1385522583253127169	
1385533916346347527	
1385537682755883009	
1385394237424902151	
1385448343854227456	
1385413115668480001	
1385515033531092996	
1385718876638375938	
1385582981557989377	
1385571656949583872	
1385659988559945728	
1385666028697436163	
1385684906316124160	
1385694466015731713	
1385695315471347716	
1385650929156775936	
1385579207401615368	
1385921461420847105	
1385906361733722115	
1385760403104440321	
1385779274548858880	
1385866100173275137	
1385851000012017667	
1385817023192649729	
1385896295588671495	
1385973984777342978	
1386047293476859905	
1386095105560354816	
1386379479296233479	
1386293915645407232	
1386339214241923072	
1386228486163947522	
1386142920726638592	
1386193252286668800	
1386815499917578243	
1386810477817352195	
1386806507820494857	
1386802266049482757	
1386798490601328640	
1386816106451591170	
1386728529451053056	
1386704120770408450	
1386764518261362688	
1386828689653051392	
1386692794165645316	
1386617296366440448	
1386647495472599045	
1386651274343444484	
1386651318475886593	
1386658820101836801	
1386643722729934851	
1386602196914122754	
1386590875690569731	
1386535507438579717	
1386571998004801541	
1386685244548526089	
1386847565799374848	
1386851338676588547	
1386900412108783618	
1386841638559944704	
1387119354521604097	
1386837598233059329	
1387157103857618947	
1387164951899475968	
1387171195649413126	
1387096708518137860	
1387194574595100672	
1386832467823235075	
1386930612326469632	
1386919286455767042	
1386907963311366147	
1387066507968929796	
1386979684240355334	
1387436449755275269	
1387212391071592448	
1387213726558965766	
1387209951748186114	
1387202402772652036	
1387376048157782018	
1387319423049023492	
1387285451212480513	
1387529239210115082	
1387523266479230979	
1387553465019387904	
1387470417909137412	
1387198626938642436	
1387236375653765121	
1387666711218851843	
1387625188615811073	
1387602538396995585	
1387579889411186688	
1387564790000857088	
1387900753436676098	
1387883389118681092	
1387866780039852032	
1387870555282546691	
1387889355092463617	
1387813940017569794	
1387812673061064707	
1387802607247310854	
1387742209110384643	
1387738444038774787	
1388044198696284161	
1388089497468997635	
1388097047291592709	
1388261924949962752	
1388270691322142720	
1388115930811674635	
1388275843647016971	
1388183870982430721	
1388202743689527303	
1388112146773413896	
1388232942246252546	
1387949830178234370	
1388251820011655169	
1388006449884897282	
1388387712462376963	
1388483342736134147	
1388604138242588680	
1388568907573694467	
1388342415438778368	
1388325891068121092	
1388320638587244547	
1388308439751806983	
1388304666534899719	
1388297115617488901	
1388433018331795456	
1388285790875131904	
1388765201793646597	
1388896062006513669	
1388735000875466756	
1388689706024636416	
1388676416695373828	
1388664536174145536	
1388659506695999490	
1388886000282210304	
1389203095230423041	
1389182952429416453	
1389364146383343622	
1389331430879072256	
1389323887851319305	
1389283615612178437	
1389273549567717377	
1389344013602459652	
1389152753109270530	
1389238317644800000	
1389137653811929088	
1389389312240857088	
1389384282230120448	
1389542824174133250	
1389674944498339840	
1389546598624079877	
1389662109433090051	
1389648520244719619	
1389686276207546369	
1389720242377592835	
1389688030294732802	
1389705143025762306	
1389557923345428487	
1389576797717778436	
1389565483691638786	
1389599446812422149	
1389535275731226624	
1389421794420011008	
1389493750016225280	
1389580581751558146	
1389961835143516168	
1389969384303521796	
1389973162281086976	
1389997318384996354	
1389950511747567618	
1390057967794405379	
1390052431887626242	
1390022233117143040	
1389829714882215936	
1389833488681955332	
1389893887498629120	
1389818389166579713	
1389814615392067584	
1389788190286962691	
1389776870988599298	
1389761769590120449	
1389746671043547137	
1389803200040083466	
1390041107204124681	
1390150578064527360	
1390207202347163648	
1390445018398093312	
1390418594840944641	
1390423627284172802	
1390426147209502720	
1390154356201299968	
1390327998641958914	
1390294023374520320	
1390364487845298179	
1390117430924652549	
1390143028514467842	
1390124156184928259	
1390775193920933888	
1390713045337350153	
1390772173913030656	
1390565814277787649	
1390569590569242627	
1390599788865986562	
1390558264769662980	
1390764372620840961	
1390758338321858562	
1390762107780612100	
1390629986940465162	
1390468438997577730	
1390780983767666699	
1390633762480922629	
1390614887986958336	
1390516740694626312	
1391035156991909894	
1390830055698411524	
1390848932876414978	
1390844815592599554	
1391065355884261380	
1391055289663692804	
1391181620267323400	
1391437816886960128	
1391518340884094977	
1391191184840609792	
1391533440030314498	
1391201251443027980	
1391523373784596481	
1391890799915200515	
1391883579282624523	
1391689468328005632	
1391694509201760260	
1391709605072293888	
1391644169697959939	
1391553572911960067	
1391563639245754372	
1391588811449143301	
1391850529521864708	
1391792650097991685	
1391820330746978307	
1391807747922874372	
1392015365790605312	
1392064441689247749	
1392053114463682562	
1392068213899366406	
1392090863807860736	
1392075763709579266	
1392264507645300740	
1391910927788765189	
1391919077787058179	
1391913445851746305	
1392332455135387650	
1392298482053042180	
1392415502807572482	
1392377753966632962	
1392396630049972228	
1392280848989364229	
1392272057786781696	
1392506099845140480	
1392623121233027079	
1392487227180072961	
1392725041968680962	
1392717492175376384	
1392792989769125890	
1392989283120599048	
1392985508150661120	
1392672032425484291	
1392694842824675329	
1392819416929288194	
1392910010758221824	
1392936434806493186	
1392951534640455680	
1392709942683992068	
1392966633837060098	
1393264849224966153	
1393193127641452545	
1393062515572047874	
1393079880078614529	
1393140278006059009	
1393283723261485058	
1393045907017437191	
1393110078991962114	
1393298823364046848	
1393531606439272449	
1393712800434778114	
1393435976693952515	
1393441009535578114	
1393415844776996866	
1393366770350690305	
1393420876981448705	
1393404519095185408	
1393516506978209792	
1393647369577656321	
1393652402406891521	
1393536644398161924	
1393400747681792003	
1393722866856759296	
1393919160502169600	
1393793333080821761	
1393888961534169089	
1393969492212989961	
1394055055624581124	
1394057220694892548	
1394201017391013891	
1394223667232616451	
1394257641153650689	
1394085254760001540	
1394477841593643014	
1394474066799591425	
1394446384426733570	
1394714407884574720	
1394631357385502729	
1394657777415491586	
1394793673099862022	
1394767249903263746	
1394601154877689856	
1394750639083827204	
1394680426912964615	
1394753659083264000	
1395105729065914372	
1394884269533581312	
1394872944963194883	
1394867156911755267	
1394963542294548480	
1395140961131397120	
1395408978738307073	
1395367453815820298	
1395344804582621191	
1395239107778027521	
1395503348837613568	
1395463335303278593	
1395480699843477505	
1395843088111767552	
1395692092614053890	
1395888386011918337	
1395760040410234882	
1395699642743115777	
1395703418224840706	
1395796487431278595	
1395818782510125057	
1395840822575132679	
1395590175280046081	
1395627921264369666	
1396234416184307712	
1396189117633892356	
1396244482320863233	
1396163955945615362	
1395972691664977925	
1395962625117368321	
1396322497029545988	
1396566604863791105	
1396526342133358592	
1396524153029660672	
1396360247237881856	
1396350179070988289	
1396345149349928962	
1396669785203646464	
1396726408181805060	
1396677335949008898	
1396934030994526209	
1396832104764239872	
1396911377843822592	
1396854753657819146	
1396684885717250052	
1396733957782196226	
1396722635589963779	
1396786806356590592	
1396745283808100352	
1396986874619588609	
1397252878322917379	
1397258667678908416	
1397217141712171016	
1397228468761411585	
1397334117113532418	
1397330387785986057	
1397285089759932418	
1397322837967392769	
1397288865858215937	
1396998198972108802	
1397085024587980800	
1396983099418841088	
1397137871664939015	
1397156743541497868	
1397168070041522177	
1397100121410650115	
1397477608820969472	
1397504032265048067	
1397673906119471105	
1397367663849091078	
1397366075638128640	
1397439859942330371	
1397402110732476418	
1397754860909514755	
1397775822686089217	
1397783372567613441	
1397783985573482500	
1397732640493654019	
1397715424750542854	
1397720638975057920	
1397851320606810112	
1397885298168770561	
1397900405342830596	
1397870201648132098	
1397832448562524163	
1397813571677999104	
1397817347419906051	
1397821121395838978	
1397968341747134468	
1398126886354448388	
1398175959421919236	
1398138210811662342	
1398221258509086720	
1398274106286432257	
1398081588382949378	
1398069012500779009	
1398066488016211968	
1398289205940391936	
1398096688582066179	
1398402451884199941	
1398344318826385409	
1398740932221149184	
1398745970049966080	
1398750998739496968	
1398786230481932289	
1398451525605806087	
1398440200469204993	
1398501301286285312	
1398524506025521153	
1398435893258686468	
1398833358948519938	
1398881865952464900	
1398801330261696513	
1398967424502796296	
1398977491021094915	
1398917092947075072	
1398927165085958151	
1398937225673465859	
1399074321839104004	
1398942274097197059	
1399128485944201216	
1399146101798629376	
1399103319931379714	
1399078155873366018	
1399123452636762115	
1399459416794185730	
1399285772302360578	
1399274451334832128	
1399391469081874439	
1399221600424185856	
1399727435890020361	
1399734985423085570	
1399640610395627520	
1399648160226549761	
1399674584614555648	
1399859552997105665	
1399840680734646274	
1399844453725216768	
1399848231455047682	
1399548755058298880	
1399556304859975683	
1399610411473719301	
1399965249621696517	
1400097372688945157	
1399976574020210694	
1400138893652074502	
1400135122913873921	
1400127569098313733	
1399972799209525249	
1400104928807251970	
1399950149955301378	
1399938825653268480	
1399907367978819585	
1400036972232515589	
1399980348931559424	
1400591878471487491	
1400599428340150272	
1400516381443985408	
1400565454414962690	
1400537268574633997	
1400335187154804738	
1400259689892528137	
1400240819022569472	
1400252140061290497	
1400293664769912833	
1400274789143564290	
1400242576930656259	
1400289888671571971	
1400365386344796162	
1400486182530609152	
1400278565153689603	
1400686250508488709	
1400691283899785219	
1400742873906094084	
1400746649845108736	
1400761750316720131	
1400635918558449666	
1400651018564734977	
1400672409267494912	
1400837245200781314	
1400927843337457664	
1400935397585080320	
1400946716791119872	
1400769306309234688	
1400841020158394373	
1400890097998856196	
1400783602930098182	
1400822145752748037	
1400799499623092226	
1400820626747711489	
1400610753191710721	
1400813411869540354	
1401003339597373445	
1401036055273410561	
1400969365764382727	
1400975657299968000	
1400973140650467328	
1401071291805863936	
1401207194494791680	
1401126652302692354	
1401267586399100934	
1401131688357416960	
1401141751880982537	
1400980693388128256	
1401086389379346433	
1401584675290632193	
1401403482012327936	
1401640034969612292	
1401484007087382530	
1401393409990950913	
1402003681244073987	
1401743215280017409	
1401965932851908613	
1401860236613349379	
1401939508774404098	
1401811163529293824	
1401814937668775936	
1402166001756610560	
1402147126608531456	
1402086728480038914	
1402093870750568450	
1402123218782019586	
1402056529562374155	
1402401804554407938	
1402411369010401281	
1402181100269572130	
1402441566514417664	
1402573687035887620	
1402480573675888640	
1402490643012669444	
1402495633379008518	
1402691244338434053	
1402600111255998472	
1403128593874567169	
1403105944309993484	
1402894551258255362	
1402947399946018817	
1402917200613154818	
1403453232660291592	
1403451974968909824	
1403439391637311491	
1403404160243056649	
1403241839851757572	
1403287138217738246	
1403220448696020993	
1403150488397389826	
1403192775936557056	
1403279588692840448	
1403392835362213891	
1403336221003292674	
1403366419522334721	
1403490981765341186	
1403585353114587137	
1403623105873027072	
1403502310081376258	
1403545099196321799	
1403532506117324809	
1403723765326905351	
1403832602755321862	
1403758998629797890	
1403766548150505472	
1404071053891190789	
1404151586427785218	
1404207961451413504	
1404292512924135424	
1404403243061370882	
1404388143218966532	
1404483780996370436	
1404488806649184259	
1404468679287492614	
1404247535464636417	
1404664970332164096	
1404687617006862336	
1404652384131993600	
1404627218517565449	
1404612120235233287	
1404842386690248719	
1404649870712049666	
1404846171022000130	
1404831075256336386	
1404919142033936384	
1404932983119876098	
1404929209240281091	
1404908320721453056	
1404766888786378756	
1405099525472092167	
1404954374074294276	
1404982059060416515	
1405019805346721800	
1405061328977399808	
1405253847333838853	
1405250072581976075	
1405310470383415301	
1405299147121385480	
1405280271448961025	
1405155701769580546	
1405083978223157250	
1405057562576265221	
1405022321761406979	
1405423716993880064	
1405621268842520578	
1405461465851580428	
1405636367921647619	
1405416166881906692	
1405442592599429120	
1405378418309541892	
1405374644555714561	
1405563388663500803	
1405521863539924993	
1405506764574019584	
1405341927730401282	
1405359551092756484	
1405502991101317122	
1405680408067465219	
1405789881251418112	
1405714381816614932	
1405704315562434561	
1405955976373489666	
1405937099493150722	
1405967298452615171	
1405906900936503296	
1406020146800459778	
1405982398156742657	
1405940876052938761	
1406096902475554820	
1406114521568006147	
1406119551759233024	
1406330944680861699	
1406184982884855808	
1406255447246479371	
1406054123850452993	
