1353908017582936064	
1353926891095412736	
1353972189607948289	
1353994838799093762	
1353987288938770433	
1354353453569605632	
1354361001496301570	
1354372326268170243	
1354402525076725760	
1354368552975777793	
1354387426198712322	
1354379875839139841	
1354308154297700356	
1354323255562133505	
1354242722240991234	
1354221582810550274	
1354255306230964224	
1354493122651303937	
1354500672343957507	
1354217560561119234	
1354510234861989889	
1354519551073951745	
1354513758203207680	
1354270404752285701	
1354265371394498564	
1354262859451011073	
1354260338246615042	
1354291795434336256	
1354466701090279425	
1354462923150798851	
1354440273871433728	
1354432724535279628	
1354451600203513863	
1354934782304477188	
1354781774237241346	
1354640342969102339	
1354715841737027584	
1354678090782437376	
1354712064875323393	
1354746042818961416	
1354647892594724865	
1354779761021755396	
1354776243602739203	
1354761142497894400	
1354798889363148814	
1354825311020576768	
1354813989180551168	
1354906345095491585	
1354919683712036874	
1354887973989441542	
1354855510030180355	
1354583719147761670	
1354844187040993285	
1354836638380171268	
1354787564264153090	
1355032933023666177	
1355055578104512515	
1355093333224263680	
1355014054667026433	
1354946107189551108	
1354949882440630279	
1354957435367120899	
1354980081249222662	
1355002732281794560	
1354998955164241920	
1355244325186068485	
1355211606406221825	
1355269487977783296	
1355272004509822977	
1355214123072581633	
1355153724902166534	
1355168834290769922	
1355176374974210049	
1355180149264801798	
1355240547166736386	
1355327370148904963	
1355350023412838401	
1355312270360850437	
1355523663462854659	
1355644458599993346	
1355613498483634179	
1355387766994046980	
1355444390471192576	
1355493464859795457	
1355489688904114180	
1355516121361735682	
1355482139043655686	
1355568963003027459	
1355372667512233985	
1355378959081332739	
1355380217242480643	
1355591615990038531	
1355954003062870016	
1355964064405495809	
1356014398737887242	
1355969102024609794	
1355979164055195656	
1356010621528133637	
1356021947163942915	
1355713664876228608	
1355803007959633923	
1355704857177563138	
1355833202540077059	
1355898633481146369	
1355719956273369089	
1355838235495198725	
1355742607146553348	
1355667110366732292	
1355772806600908800	
1355777837404479490	
1355674657454751745	
1355750154960138240	
1355797970122399746	
1355848302646984705	
1356366774745362434	
1356029500585349129	
1356312611684446209	
1356308836265680896	
1356301288053612544	
1356299021778878465	
1356335260921778176	
1356344207154302978	
1356339037104087041	
1356333247173701633	
1356327799854919680	
1356255991189434371	
1356252213207650306	
1356150293038297088	
1356145258313048065	
1356052144760229889	
1356165395665838080	
1356210697416355842	
1356233339900813315	
1356225791298777088	
1356188041921126401	
1356321259794161665	
1356633477395984388	
1356622151869104128	
1356618386143277059	
1356712747757633538	
1356716524631781376	
1356728458286673924	
1356663677030703109	
1356648576403861504	
1356607051942756354	
1356583029322510337	
1356478705615462401	
1356482483814948864	
1356391888585072640	
1356395658333351937	
1356433407211753472	
1356452284192804864	
1356829769283719168	
1356844869956870144	
1356867518837755905	
1356871292880752640	
1357071362637107200	
1357094498845810688	
1357101565711106057	
1357109110748172290	
1357014737754742784	
1357051228203569154	
1356822219079495681	
1357053744844705793	
1356810991506321413	
1356754277037838337	
1356765596185206795	
1357063811245686791	
1356961889595531267	
1357030088949174273	
1356916591099736065	
1357143083285155844	
1357305405584646145	
1357421166034628612	
1357407324558753795	
1357403551698358272	
1357392226762936323	
1357426199727775744	
1357456398813196289	
1357301628374708226	
1357267655523069952	
1357278978835292161	
1357290304072601603	
1357248779863269381	
1357154409088655360	
1357161957590061057	
1357168998463504384	
1357350703900073987	
1357177060192628740	
1357667792170799106	
1357664016026460160	
1357675346573758471	
1357637591743406082	
1357697990438260736	
1357701765291008005	
1357630050070331393	
1357750844507127808	
1357811238621900800	
1357735741246218240	
1357486596795158528	
1357489382266142723	
1357494147393802243	
1357503055239987204	
1357601604694773760	
1357479048319012865	
1357852759454855168	
1358143428316569601	
1357895911922429957	
1357871637635375104	
1357879184022986760	
1357886734655131650	
1357932033876635650	
1358128331280048128	
1358083034235379723	
1358173625438908419	
1358007531709292544	
1358067930760552450	
1358072386395004928	
1358166075033067522	
1358565817366020096	
1358284353353179136	
1358294422040027137	
1358309520271900673	
1358528462433230852	
1358339718644076544	
1358520916309725184	
1358344751414538241	
1358249121409191937	
1358359851185754115	
1358211372564303882	
1358234024460775425	
1358218922269544461	
1358880783562248194	
1358868201350725632	
1358858134467526656	
1358883306121662470	
1358921048968884227	
1358754957692784643	
1358697073604849664	
1358681973624082433	
1358676940320874498	
1358807808058265601	
1358785155708555264	
1358758729454338052	
1358644384313532417	
1358902174496026628	
1358910982630772736	
1358957539380051970	
1358977672009900035	
1358988999336091650	
1358948731295440896	
1359177741271265289	
1359170197161082880	
1359155093543608321	
1359136216747237380	
1359279662128586753	
1359249462867075075	
1359245693974552578	
1359226813709504516	
1359219264662609921	
1359102244814282761	
1359260789081800705	
1359072044344778753	
1359049397682765826	
1359011645717008384	
1358999062884810754	
1359441985225052161	
1359381583850057729	
1359374034408886275	
1359475955450843145	
1359574102076514313	
1359498605279682561	
1359513704023220225	
1359517482361487360	
1359521254038986752	
1359525029755703296	
1359615626948476929	
1359400457966346240	
1359605796896727041	
1359596875490426880	
1359600527424688130	
1359318668933480448	
1359328735107850241	
1359590459878825984	
1359596751997526021	
1359709997366538241	
1359683574832668672	
1359789269737381892	
1359793044833193987	
1359962914887774209	
1359694898081972225	
1359947816521527297	
1359995629653680132	
1359967947368894470	
1359936489933524997	
1359838343266267136	
1359917616999981060	
1359691123027898370	
1360193181212639235	
1360019537190551552	
1360227163820093448	
1360063577453957122	
1360290561127641089	
1360078676646367235	
1360079935126179849	
1360095034490687490	
1360315235664424961	
1360292586259238916	
1360363056665034752	
1360409607525564420	
1360389474958536704	
1360611032830529537	
1360564377095725065	
1360449872571236358	
1360509012303872004	
1360468747182571520	
1360800938890387460	
1360748087531212803	
1361062660545077250	
1360883983253266432	
1361052594391638016	
1360823585498103813	
1360826101568860162	
1361272795234070530	
1361310544381112322	
1361280344725606408	
1361291671338708992	
1361299222432210948	
1361269024894554115	
1361140674570158082	
1361258953859022848	
1361128091519569924	
1361431908857618432	
1361427566532427777	
1361435114677301248	
1361457764443303937	
1361443899840081921	
1361657832874123264	
1361661616195002369	
1361586116025978884	
1361759755681808385	
1361757237308440583	
1361714456435126272	
1361710681062592520	
1361688031305093120	
1361680481582915589	
1361821661843107846	
1361533261525241857	
1361794986082189314	
1361476638458978304	
1361480413533847555	
1361491737743663106	
1361503063031246848	
1361812603161378816	
1361536226118029313	
1361555912423395328	
1362167440134733829	
1362152341277839363	
1362137242685239301	
1361906112430227460	
1361940948167647232	
1361851490609037314	
1361846576075915270	
1361842803668619267	
1361840284435374083	
1362073068298850307	
1362095717905481735	
1361990021092315143	
1362005120574136327	
1362016446243553281	
1362199396700610561	
1362212738949259264	
1362288236312334336	
1362318434982240256	
1362450555986182145	
1362510954081050626	
1362527328463695878	
1362537082657394690	
1362537378989043714	
1362382608072589319	
1362484530913845248	
1362458105779425280	
1362467165216063495	
1362474463959244802	
1362359959216787457	
1362341089965797377	
1362529829992751107	
1362834334491770887	
1362867050184663044	
1362643077056262145	
1362801620598222848	
1362816720847704065	
1362820493187837954	
1362718577296572420	
1362763879550504962	
1362748771906412545	
1362752546159398913	
1362760096321851392	
1362862016776441856	
1362552483457892352	
1362877902686220289	
1362907316501106688	
1362896855043084288	
1362895990789976066	
1363016786707415042	
1363023951161622535	
1363201757359132672	
1363229716094873600	
1363252087186980864	
1363196722349023238	
1363164006689759232	
1363161490153476096	
1363146391154003968	
1362960165377507328	
1362952614128750597	
1362956388616577029	
1363176589555605508	
1363624541851955212	
1363302418767872001	
1363609446648217603	
1363488648457560064	
1363533951168471040	
1363498712253800454	
1363589309245259783	
1363594346793230349	
1363342683968843778	
1363337651722534917	
1363362816690950147	
1363372883024740359	
1363604408714592258	
1363443350913826818	
1363357783471525888	
1363891979084570629	
1363971834677506052	
1363801960831328257	
1363780569419583496	
1363730239134830592	
1363725204409745418	
1363934080975314950	
1363684939250606084	
1363691225124069376	
1363674872975667202	
1363659773497860096	
1363843486781296643	
1364360641998319616	
1364354350437593089	
1364194547304079366	
1364232296052719618	
1364017129629048835	
1364033486160621568	
1364156798459138049	
1364141698968940545	
1364115275491266562	
1364198322798485505	
1364002028670750724	
1364636209327321090	
1364700380374786048	
1364666406365761543	
1364696605375430656	
1364405940288692226	
1364598460981276685	
1364590915491221511	
1364556935530438662	
1364379521336496132	
1364424814426001411	
1364968403967082509	
1364975948098113548	
1365021245692014594	
1365006147401510915	
1364836275723862018	
1364843825483681795	
1365026277783126016	
1365069059688177664	
1365059000450969600	
1364806076634435587	
1364760778432274435	
1364772110397280262	
1364779652724629508	
1364787205030379520	
1364938198120599552	
1365028800099049474	
1365079126290296834	
1365198663807623168	
1365338333895790592	
1365360989433176069	
1365315688001245193	
1365243962525511682	
1365262838910967811	
1365275293087391745	
1365451586219114497	
1365490587302907910	
1365517011229499393	
1365678073904005123	
1365647878702604292	
1365478004244283393	
1365738476855910403	
1365788802367827973	
1365798873348808707	
1365753573510897669	
1365534627226599425	
1365637807465660418	
1365572375991906308	
1365587478929793024	
1365607608468590593	
1365622707761668097	
1366131062997348352	
1366120991282376713	
1365849200114688002	
1365889467031064576	
1365869332786339842	
1366030394156601349	
1366368874401304577	
1366399073922777093	
1366433050003836930	
1366444372380688386	
1366226687537541122	
1366342455918956548	
1366338675575955467	
1366331125740822528	
1366297153518272512	
1366508550646857728	
1366448152568606723	
1366546293409992710	
1366550068514332672	
1366559466234273794	
1366723713232564227	
1366731262560329730	
1366761461339418625	
1366765244828114945	
1366719941253033988	
1366541690086039556	
1366644443453997056	
1366750136731246594	
1366539496083386369	
1366618016109129731	
1366614241709613056	
1366888570846388229	
1366538746183712769	
1366829409215332362	
1366889806987370497	
1366867158265982985	
1366866109065031683	
1366840321326284800	
1366813051534667778	
1367203127611576325	
1367199346643529728	
1367214989640097795	
1366916234621583363	
1367097429892296709	
1367104975994814465	
1366930241801883651	
1366931332736028672	
1366946430074511362	
1366961529455669250	
1367022200193224704	
1366987953705160706	
1367243544629415940	
1367578092303187972	
1367595196112904198	
1367539085850591232	
1367567271116341252	
1367512663224438786	
1367418289798881280	
1367339019957272578	
1367316368710905857	
1367478687436853256	
1367354117384003588	
1367380540500807682	
1367301268134383624	
1367292811343777803	
1367471137622421509	
1367278618854838276	
1367270792736743424	
1367312593283543043	
1367282393770516486	
1367666201565011977	
1367648556480274436	
1367628240177811458	
1367841075251924996	
1367697629845483524	
1367758027902705666	
1367812134755852291	
1367807106972348422	
1367797035194146818	
1367773127464325124	
1367693854850351105	
1367892147597438977	
1367886373819215875	
1367871274358173699	
1367867502932398085	
1367935448631320576	
1367942998667976709	
1367950547303735300	
1367953063286251521	
1367916573252460545	
1367980745327861767	
1368177934322835460	
1368255052981370883	
1368247503330496513	
1368237438318034949	
1368276373643661313	
1368318332127113216	
1368300351485575168	
1368164455989805056	
1368159422875381767	
1368114124287213571	
1368059808566411264	
1368033601779011587	
1368043659979935749	
1367988301437825027	
1367999619846742018	
1367995846109888514	
1368007169573089286	
1368016094666035206	
1368476512211529730	
1368451346274390016	
1368395213006323713	
1368501684725370883	
1368486580751597570	
1368652677958172675	
1368676408436867080	
1368677838975549441	
1368692938151256068	
1368511744318918656	
1368602341545500673	
1368607374362222600	
1368708037750513676	
1368637578862239744	
1368992412207517699	
1369004995023081478	
1369015062103482371	
1369064134218637314	
1368984862342836224	
1368823800582836224	
1368728173152776193	
1368959696149696518	
1368954669574234115	
1368949629774163972	
1368939573422608389	
1368904331244797952	
1368879170697134081	
1368969769676771328	
1368979828603453442	
1369200030150782977	
1369188704896520196	
1369294403798376448	
1369317050624077824	
1369343475557146626	
1369347251898814469	
1369230228590108674	
1369234003371364354	
1369245328529096711	
1369256659063762946	
1369275527102484485	
1369120763819663362	
1369138373370257409	
1369140889956720641	
1369145923150827526	
1369150958391857154	
1369407649624842250	
1369411422677962752	
1369075461503000581	
1369374932237434887	
1369390031639515136	
1369418972651606016	
1369090561773211649	
1369105660130983938	
1369709638988554241	
1369715371612106752	
1369717188375031812	
1369719704588197889	
1369634144993558534	
1369649250162851840	
1369728512014303234	
1369446654928068608	
1369770037628833794	
1369520894519910403	
1369502019443027971	
1369490695170490368	
1369478111952273408	
1369468048579719168	
1369732287034720258	
1369513344332398602	
1370092158821273602	
1370109774512091137	
1370121099225145344	
1370087127589998600	
1370045601853898753	
1370072029223743488	
1369832950213214209	
1369826658589417479	
1369890832665378818	
1369913480761856000	
1369875732852322304	
1369970103924584452	
1369879506878562307	
1369840499939508230	
1369973880882933760	
1370128648661954561	
1370445737968947207	
1370460837530509318	
1370464618699653121	
1370394645902061569	
1370389306519523329	
1370200373344886789	
1370268322411864065	
1370241894853185542	
1370370240513769475	
1370369884828413959	
1370381567596490752	
1370434419849375751	
1370211696145362947	
1370676005761740805	
1370884881446735872	
1370604282580324354	
1370608057772773380	
1370615607121575939	
1370626931738181632	
1370592958454587392	
1370543884808380418	
1370842102423244802	
1370821966958104585	
1370827001876115460	
1370872300044623874	
1370706208458338306	
1371083696808288256	
1371189391369064451	
1371028326962331648	
1371038400501940225	
1371053498796711937	
1371058525867290624	
1371033359934222337	
1370977995796664321	
1370942762913308672	
1371214553929900038	
1371581974809305088	
1371579458231050240	
1371555550731845632	
1371347932641824777	
1371378132461162499	
1371264887549202432	
1371483829001674754	
1371468730257973253	
1371457404324483073	
1371510252479209472	
1371508239221809159	
1371506479505752064	
1371502702564233220	
1371415888973295617	
1371317734630391810	
1371295090329591809	
1371262368857079809	
1371872640567291905	
1371861318043455490	
1371838667535290379	
1371849991396806656	
1371857541349601280	
1371876416560623618	
1371804692536172545	
1371963237231566849	
1371959468825673728	
1371935303116615682	
1371808476888932358	
1371944364835020803	
1371902839866290176	
1371906614085750786	
1371748077996965894	
1371672574275510273	
1371740521471692802	
1371702773847326722	
1371621959386157057	
1371615949002993665	
1372167080427028486	
1372163308250263559	
1372159530604265477	
1372279068255645699	
1372148209057816576	
1372000985896259584	
1371985886431178753	
1372027410149863427	
1371976323623706625	
1372223704525119492	
1372174630186745858	
1372235029066043393	
1372099133000024068	
1372050059404091394	
1372055092350877705	
1372031184763383814	
1372034960773804032	
1372665363926720514	
1372670900189892614	
1372671655412166666	
1372685999873069056	
1372578543062773761	
1372618051804295169	
1372582317424840704	
1372576025243045891	
1372503050833760257	
1372635164686229504	
1372363373699026950	
1372378473294008320	
1372348274099773440	
1372382248020942848	
1372431321310638080	
1372412450880983042	
1372389799806472199	
1372408672131940352	
1372405004095655938	
1372371059643711488	
1373011394052915203	
1372956034176856065	
1373054176352219139	
1373050401310699520	
1372891856086917123	
1372876757133447172	
1372903182142210056	
1372714437187141637	
1372789937481736194	
1372782384794402816	
1372767285023289344	
1372759736198647819	
1372812583812567044	
1373325968719278084	
1373358682252136452	
1373328483305324552	
1373383847937667072	
1373343582669602818	
1373177488080216068	
1373212720305111048	
1373218361853808646	
1373140997631176709	
1373323449997795329	
1373140053678030850	
1373410915681513472	
1373096957502222342	
1373067869156749313	
1373118227493097480	
1373640539615150087	
1373544912956760065	
1373529810673135621	
1373519743404011520	
1373610340550725632	
1373746235719442438	
1373723586675019784	
1373695905929515008	
1373700937483706372	
1373705970510041088	
1373690871258963969	
1373680810381959168	
1373504643934920704	
1373933721573806081	
1373967696136650757	
1373981934221717507	
1373994119371034624	
1374012994452025346	
1373801602859995136	
1373826766427541504	
1373836832740241409	
1373960145701646338	
1373851932171722753	
1374035643173535745	
1374065841994600450	
1374133790470197255	
1374062067003494404	
1374398033018810377	
1374488628819267584	
1374409355861315584	
1374236969392168968	
1374220611745165314	
1374228161395748865	
1374345186004860932	
1374364057856176129	
1374367831945478146	
1374262135832854528	
1374148890388226051	
1374179088844328961	
1374386706661715968	
1374422707891105799	
1374465984107585536	
1374432004549218305	
1374715122229288967	
1374616973108113412	
1374605648638353410	
1374745320836501507	
1374733994609283073	
1374718894867312640	
1374677375775019009	
1374533927541571587	
1374845227459043331	
1374843465729593344	
1374809491808657419	
1374783077206138880	
1374858566725640196	
1375190756302979081	
1375144197523705866	
1374968036604674051	
1374979361091190791	
1375134131181522946	
1375039761836961799	
1375051084150960137	
1375054860568027136	
1375066183448285185	
1374888765748084747	
1374903863938007050	
1374915188424597509	
1374930287868604420	
1374937837552996355	
1374923996437770244	
1375466320762929155	
1375451221457305602	
1375443670451679234	
1375485198276521987	
1375481420043419662	
1375402152516968453	
1375266254815133699	
1375300225301028865	
1375243603950321665	
1375319099560001541	
1375315324808073217	
1375572016485568513	
1375579566106796034	
1375251158491664386	
1375304000086573056	
1375749436509392899	
1375834999153434628	
1375860165153595392	
1375632414207172611	
1376262821554450433	
1376071558024679426	
1376031292538556417	
1376106790023274501	
1376308118229983232	
1376187327018491904	
1376182287595896832	
1376297546943922176	
1376583682866094084	
1376572359461769222	
1376534609551319050	
1376481762650505222	
1376504413439762434	
1376545934138544128	
1376462886374113282	
1376595008459972609	
1376592490510229509	
1376625206517727238	
1376621431073611779	
1376637789006086151	
1376670507907551233	
1376678636884008961	
1376670147872763904	
1376659179918663687	
1376666729791811587	
1376734677365620736	
1376761104421036032	
1376764876190720003	
1376768652129628161	
1376770201551790084	
1376685610400944133	
1376697581494005764	
1376708957352423425	
1376904549009514500	
1376832824368451591	
1376847923573633028	
1376941339309408263	
1377038140708380675	
1377014017978294273	
1376985077347803140	
1376982560761208833	
1376957399882326016	
1376977528020160512	
1377115939435651072	
1377108393731624973	
1377104614911188995	
1377100840440197126	
1377086006260862976	
1377112164650127360	
1377399055089819652	
1377393444377686018	
1377355015258480640	
1377309717186363396	
1377313994684329985	
1377318217966751744	
1377348723433299969	
1377342432380084232	
1377334887154393092	
1377180112341307392	
1377149913574776834	
1377146140127232007	
1377263159778611204	
1377248060170964994	
1377236736984543235	
1377232960689119233	
1377221637049700359	
1377202761838645248	
1377210311388717059	
1377633097924161542	
1377726210780897282	
1377663296556441603	
1377667076882624518	
1377678395836833792	
