1240393792567398400	
1240413634506997761	
1240423991837261824	
1240377434928828416	
1240347235742670848	
1240608963235852294	
1240616510562975747	
1240639159343001600	
1240632936376000512	
1240632629105504257	
1240631609738629120	
1240624060771356672	
1240601411378765825	
1240518363367051269	
1240593863175294977	
1240462810389319680	
1240573087952797696	
1240563661845889027	
1240552279025029122	
1240548565358768129	
1240529688151244801	
1240597693052981249	
1240525913768505351	
1240506960132419584	
1240503264061186048	
1240500527009497090	
1240495714372902914	
1240490149190021120	
1240488164461924362	
1240480615041990659	
1240586311498596355	
1240524554310737921	
1240448928786657281	
1240442870139629569	
1240435387539107840	
1240435319800918018	
1240432327454531586	
1240427769986551808	
1240450415696547840	
1240712140803026945	
1240679424812404737	
1240646710243852289	
1240655796586909696	
1240669363134488576	
1240751511858266113	
1240659292203692032	
1240693774688366592	
1240697040767782913	
1240704590535942145	
1240707107059572736	
1240717173569409024	
1240747372524662785	
1240744857049509890	
1240742339439669256	
1240737308715954181	
1240729758352080898	
1240727209570172933	
1240686974740107264	
1240661810400780289	
1240749889107013632	
1240723465038110722	
1240782605705977863	
1240782373895180288	
1240767505099976704	
1240759956149657600	
1240765846470955009	
1240919080225452032	
1240903452735221761	
1240880751186292737	
1240873201506209792	
1240926053725396992	
1240865652220596234	
1241001549171576834	
1241016648166821896	
1240972512797884417	
1240986452634161152	
1240998460352012291	
1241009097421578240	
1240933599492390912	
1241054396311465988	
1240793646603079685	
1240804746451189760	
1241027277946793984	
1241028285498372096	
1241039296401797120	
1241061946327269379	
1240827902989496320	
1241049091553067009	
1240830283819233287	
1240844924859437061	
1240821759995150336	
1240819210193944576	
1240812803558199301	
1241050621169434631	
1241051479227674624	
1241056628721348608	
1241084595682062340	
1241069496296767488	
1241095105823617026	
1241095919204020225	
1241099694220042241	
1241133663158403079	
1241122346401853440	
1241122726401761280	
1241129893280116736	
1241067733392990216	
1241137444403085313	
1241141217548632064	
1241144191440355330	
1241146267692138496	
1241148767438540802	
1241111019197362177	
1241107767219367936	
1240858102167035904	
1241250688790695936	
1241265788314681345	
1241288440232038401	
1241295991569092609	
1241303537881092098	
1241308446277894144	
1241326473945980928	
1241348837043732483	
1241379035453837312	
1241390359302696962	
1241280887817453569	
1241509994505306112	
1241396221622857729	
1241507381088940033	
1241409235398860803	
1241413008485580800	
1241414692423294976	
1241424336222707712	
1241439434685337600	
1241440870668402693	
1241469632659283969	
1241477181621940224	
1241484732464070657	
1241489579292622848	
1241499831014694918	
1241182196536410112	
1241152542567890944	
1241156317181431808	
1241160092726071298	
1241167641894518785	
1241230284852465665	
1241228039918432256	
1241220490095665152	
1241198045242548228	
1241235589405515781	
1241190291069157378	
1241197842619719681	
1241186516086521857	
1241171416734666754	
1241206733231525888	
1241665067726364672	
1241711224653406211	
1241522480306515969	
1241530029839769600	
1241541507473178624	
1241545129724243968	
1241567778202456065	
1241569240076992513	
1241552679223971847	
1241714998507753473	
1241726325922181120	
1241837102884683782	
1241847119893286912	
1241849635569688576	
1241852152202407936	
1241827843908218880	
1241860721740263431	
1241861036023713792	
1241861096266489858	
1241862218653859840	
1241696124295098368	
1241689668070096896	
1241681025085964288	
1241672177545601025	
1241864735135498241	
1241874801444167680	
1241639603657998336	
1241643276144271360	
1241650827564990465	
1241620628131778563	
1241658375424770048	
1241860859858759682	
1241628176511631360	
1241732376826466313	
1241824469632430080	
1241741426276302848	
1241764297086324736	
1241767556546990081	
1241771625382645761	
1241783341894062080	
1241784765143044102	
1241786722595139585	
1241772912501284866	
1241783686535745538	
1241737647749509120	
1241925133150928896	
1241942749139447809	
1242156659079704576	
1241955332026519552	
1242058425472880640	
1242046247705423873	
1242043413844934663	
1242032867594690560	
1242024265211359232	
1242114491812319234	
1242115993092186114	
1242175533213011974	
1242164212463325184	
1242153045913415682	
1242152884395020297	
1242149109961760783	
1242145334186389504	
1242141560277553152	
1242137784233705472	
1242136544669921283	
1241960365044281346	
1241998114526986240	
1241917583378526209	
1241894934057234435	
1242002620312584192	
1242009157663850496	
1242018130559459328	
1242133242255421441	
1242134013130743808	
1241879834512502786	
1242066062843228160	
1242081162417377280	
1241927649645256706	
1242088711891771392	
1242185096095883264	
1242179308686172160	
1242086826531266563	
1242229639612858368	
1242224606334910465	
1242217056503607296	
1242214540097421312	
1242212023406071826	
1242209508937494529	
1242196168924434438	
1242194407287222274	
1242192645876789251	
1242092282733645829	
1242100035405266944	
1242103810819907589	
1242107585538424832	
1242107585748221953	
1242181069669097480	
1242586994255036417	
1242507748136321026	
1242415153364205575	
1242413350056689664	
1242404157807636480	
1242402040975962114	
1242390701729632257	
1242375577849470976	
1242492622372995074	
1242576927963168769	
1242417125051916289	
1242556795211546624	
1242571894748045315	
1242597060525740032	
1242553020895944711	
1242551927008833537	
1242549245745303552	
1242547312062345223	
1242545471358472193	
1242545470569734145	
1242564345537728513	
1242541695679361024	
1242420901909393408	
1242428450624937984	
1242451102328446977	
1242425540361048064	
1242429150994071553	
1242442731819020289	
1242443550182309889	
1242454873720807424	
1242496401235488769	
1242458648531492864	
1242473997767290881	
1242477523113349122	
1242488847717433344	
1242436003488354304	
1242534147295338496	
1242526598424924160	
1242519047628980224	
1242345402197782528	
1242249772137938945	
1242332306091773953	
1242330304129318914	
1242319022445801474	
1242315203552751617	
1242310170094579713	
1242307653822369794	
1242247255576342528	
1242300104343572481	
1242285005029535745	
1242254806909095941	
1242257321969037313	
1242259838454956035	
1242269905006673920	
1242277454498201601	
1242282487767851009	
1242287521045905410	
1242368051460206595	
1242360501633519616	
1242239707301335040	
1242511499806965761	
1242910375336706050	
1242914150050934793	
1242911633728512001	
1242909116781088769	
1242654942000590848	
1242919183123243009	
1242617193306689537	
1242657458549665793	
1242921210356338689	
1242687600084819968	
1242685141048127490	
1242677591041064961	
1242670041696354304	
1242667525290119170	
1242662491592720390	
1242624743708246018	
1242692692162863105	
1242627259476967424	
1242807737815351296	
1242637325961760769	
1242808353023242240	
1242902851996835840	
1242706527447912448	
1242715340116619264	
1242745540212744193	
1242753090651951104	
1242760638319001601	
1242763401828470785	
1242629776155672577	
1242766518083104768	
1242778254341214209	
1242783288046977025	
1242790837798318082	
1242802161991299077	
1242804052636897280	
1242805597445279745	
1242805936986542081	
1242904086049153024	
1242652425456095234	
1242768191308197888	
1242816003471323143	
1242602094269476865	
1242899050329821184	
1242888986655371265	
1242953157086343168	
1242956932316409856	
1242938057449451522	
1242817404943638538	
1242821036304781312	
1242824811337916418	
1242827328062816256	
1242828586064596992	
1242836137850232837	
1242839910869921793	
1242851236837117954	
1242855734288814080	
1242861301682012166	
1242864203305758720	
1242866336092520453	
1242872974434275329	
1242873885307162626	
1242881435716841472	
1242884193568333825	
1242843688725692416	
1242896533722259456	
1242804253804150784	
1243039978914893826	
1243236272430333954	
1243009781582852096	
1243013554887782400	
1243017330050793472	
1243060134152200192	
1243019022028939265	
1243026914182340608	
1243032429625053191	
1243233997754433538	
1243036204058071041	
1243055080170852352	
1243047528695762947	
1243024881022685186	
1243262696536993792	
1243258921667530753	
1243270246351302656	
1243002230543917058	
1243274021627506690	
1243183424849899522	
1243117705382768642	
1243118240395661312	
1243123026390142977	
1243138125620273152	
1243145675744768000	
1243152215214260229	
1243153225814921216	
1243160774932967426	
1243115478228168704	
1243255146974334976	
1243107927726022656	
1243104336605052929	
1243085277683314689	
1242964484429213697	
1242979581839077377	
1242983356045778944	
1242987131846320128	
1243070178696384512	
1243077727646670848	
1243175876851666945	
1243188093626310658	
1243190976585195520	
1243201166663651330	
1243209388539641857	
1243213624836902912	
1243217398070730752	
1243221177096720384	
1243228722708144128	
1243232497745477639	
1243251376546697221	
1243277796471791616	
1243247719843598336	
1243298153622888453	
1243311769923141632	
1243319319666151425	
1243324732512092160	
1243240047823843329	
1243293228683706369	
1243289121990287361	
1243281571383111680	
1243621310791548931	
1243613762784866304	
1243598661193306112	
1243593623767318529	
1243591857428455424	
1243587335700316160	
1243557500877758466	
1243586112339222530	
1243583560985923584	
1243668628060409857	
1243576012249628672	
1243355027944673283	
1243420897114873857	
1243341969322991616	
1243336785129869312	
1243334419072442369	
1243326872018210816	
1243440115499892737	
1243432567682015232	
1243427620697468929	
1243425016328445952	
1243553363935006722	
1243402516194185216	
1243394817050230784	
1243387268535955456	
1243385637014650881	
1243379717832691712	
1243364618178871297	
1243357069572550657	
1243456632908111874	
1243462766868025345	
1243466539698778112	
1243470314735939585	
1243447666379354113	
1243455926654337025	
1243417468262944769	
1243572236377657344	
1243568464876507137	
1243565338559762432	
1243564686588538880	
1243625084687765505	
1243628861658746882	
1243632634304978945	
1243545814254968838	
1243685482384379904	
1243681708324597761	
1243674158786961408	
1243659646507900930	
1243654724995420160	
1243651508945575937	
1243643960377118727	
1243636409753313280	
1243539017536323588	
1243579270783533056	
1243532100571201537	
1243538262641139712	
1243523163100774407	
1243529454430740480	
1243519388646404097	
1243515615475716098	
1243513713522552833	
1243500514286829568	
1243492965546250240	
1243490481952227328	
1243474089643106305	
1243512324696297472	
1243349518533328897	
1243734555703390208	
1243832702333263872	
1243840254534135810	
1243847801823510528	
1243852746048012288	
1243855351616864256	
1243783320930078720	
1243776079283683329	
1243719457802817537	
1243723231187611650	
1243726991255384064	
1243736519673884677	
1243779854153191424	
1243749655986540544	
1243742105681506305	
1243772304456212480	
1243956420405612544	
1244032770868785152	
1243968598525255680	
1243964823030738944	
1243961050044624896	
1243960476712779777	
1243945952068722688	
1243945076453265410	
1243976150331748366	
1243938400022880256	
1243930849126625282	
1243923300583198723	
1243915749682339840	
1243913971968729088	
1243911975136120832	
1243908200077770752	
1243903937419370500	
1243896875268243458	
1243893101359288321	
1243893014512140295	
1243934624159424514	
1244021448664133634	
1243991250375790593	
1243983697755475973	
1244010121534926848	
1243831133705506816	
1243764754750902272	
1243885551607922689	
1244044095930146817	
1244033742194311168	
1243825295746043905	
1243783629215416320	
1243823932383408128	
1243689258436767744	
1243695427175800832	
1243700582071840773	
1243708131709980672	
1243711906407305216	
1243714142403465216	
1243787403837333505	
1243789644929605638	
1243791178736287745	
1243791418101039104	
1243794954444582912	
1243802503478738944	
1243817603027464192	
1243810053582249984	
1243715681415073792	
1244225289992851459	
1244232841384378369	
1244338535622115328	
1244330986256519168	
1244323438312837120	
1244217740438593536	
1244318985723707392	
1244285688448798721	
1244313162721173515	
1244308339766378497	
1244300787439845382	
1244279061892956160	
1244270587750604800	
1244255488239271936	
1244081845261742080	
1244239080570998786	
1244247938622160897	
1244313306271232003	
1244089394199433219	
1244112042975354881	
1244293237583437824	
1244096943925669895	
1244210190120939522	
1244202641002913794	
1244200196306862080	
1244187541521268736	
1244185022166380544	
1244174778312929280	
1244166789778595841	
1244164891444801536	
1244059195428737024	
1244051647849889794	
1244352544299782152	
1244142242861690880	
1244353636215468035	
1244398935315275784	
1244390058012147712	
1244376284265951232	
1244368735105765376	
1244074294717460480	
1244498043614920704	
1244731124179275777	
1244634429039030276	
1244648077371133953	
1244716023619584000	
1244693374562496513	
1244689598904557569	
1244680666970820616	
1244670726407442432	
1244660349627924481	
1244497080112078851	
1244655625218322432	
1244640528249106432	
1244512180172709892	
1244504629850882048	
1244534829820956673	
1244542378574106624	
1244773149247328257	
1244435892737134593	
1244734897257758722	
1244427680445091840	
1244421583617179649	
1244489530411016193	
1244436682176221184	
1244429132416438272	
1244742447005081602	
1244746223996661760	
1244769971038752779	
1244761324380254208	
1244765166748741635	
1244753772238143488	
1244459332927774721	
1244474432019673089	
1244546168455147522	
1244549931068723202	
1244557478127435777	
1244560878256742401	
1244569134630866946	
1244574865237082113	
1244466881232285696	
1244576816158969856	
1244615538501959681	
1244619759930540032	
1244727347607207936	
1244734540863733760	
1244483428785012736	
1244481980688990213	
1244613019725901824	
1244604767990677505	
1245029841747001349	
1244904767588945922	
1245029337671368704	
1244908071022968832	
1245025562512502785	
1245018013763399680	
1245021787743834112	
1245131259770109952	
1245135033993539584	
1244912318284050432	
1244921086074064897	
1244924895814967296	
1244936659768160257	
1244942516735971328	
1244947199844397057	
1244952581786435584	
1244957614716280833	
1244967592277635077	
1244974602708754433	
1244978365901275136	
1244992847369011202	
1245033112574156800	
1244992858148536320	
1244997880462491651	
1245002915376508928	
1245011432758018056	
1245123710446518273	
1245115284144427010	
1245108612810199040	
1245062569041199111	
1245055762629419009	
1245054503411384322	
1245053250329600006	
1245051986736635904	
1245044436947656704	
1245082186291638272	
1245093513076723712	
1245096080079011840	
1245112384672256000	
1244783970564308992	
1244874567564185601	
1244814169855197185	
1244831109587894272	
1244825494287085569	
1244824465336406016	
1244821722802470913	
1244806619738841088	
1244792620083281923	
1244791522874265601	
1244836820233465862	
1244851919505559552	
1244867017750044672	
1244870792661405696	
1244871945029586944	
1244885892222910464	
1245340135434133504	
1245330069066661888	
1245326038948876288	
1245180332338327552	
1245176992162594822	
1245176557804482562	
1245172782830411779	
1245168021703983108	
1245165232915222528	
1245322519323836416	
1245153908907016195	
1245186643100925952	
1245138810259804162	
1245154742948560896	
1245191656858509312	
1245178632215109633	
1245236955635281921	
1245244506003234817	
1245248813721403394	
1245252055574261760	
1245199206999982085	
1245259606173122562	
1245278479303622656	
1245285878295035904	
1245289806411653120	
1245296093451165701	
1245304905780224000	
1245312453480607745	
1245317486121226241	
1245274704119762944	
1245378555220983808	
1245380402778382336	
1245389010673061889	
1245391725293490177	
1245393533013495809	
1245395501412798465	
1245400533549985792	
1245355234999726083	
1245403051646648320	
1245410601779834883	
1245463448990945284	
1245471000365580288	
1245405231795617793	
1245344808127868929	
1245455899851972610	
1245335103951298568	
1245414374501564416	
1245421924529864704	
1245425700653256704	
1245429474138742785	
1245433249280724992	
1245437023755718656	
1245440801594839042	
1245444574090276871	
1245444722270842883	
1245418151199887362	
1245375367671660547	
1245486098505072641	
1245489871893995526	
1245493647606308865	
1245497421972385792	
1245482322142650369	
1245527620726321152	
1245538945254838272	
1245542720136937477	
1245526568723718145	
1245523845793992705	
1245514592803000320	
1245520070932975616	
1245557819765428225	
1245560269457231873	
1245565369458331649	
1245569144214478848	
1245572919066890240	
1245599343916138496	
1245663516410802176	
1245606892916834304	
1245614442865287168	
1245616292536578051	
1245629542493900805	
1245637093969231873	
1245644642252554243	
1245650890469457920	
1245653654641577984	
1245659742053294080	
1245737755499548674	
1245747821820514305	
1245591795053936641	
1245833387232935936	
1245742795232608259	
1245675801892261890	
1245707556422549512	
1245677357475565568	
1245682392041283585	
1245692457066602501	
1245692500171505664	
1245697491653271552	
1245702523303923717	
1245712043073851400	
1245712592917725185	
1245713151280250880	
1245717435422060545	
1245732722431197184	
1245667293721432070	
1245840935193178113	
1245550269938597888	
1245546497703161857	
1245543816435847169	
1245844710209404928	
1245554044782784512	
1245818287335911424	
1245803187522633728	
1245810736154021888	
1245825836084756481	
1245754113159090177	
1245763553681903617	
1245799411613122563	
1245757892080193541	
1245795637364314112	
1245792690647769094	
1245825097233039360	
1245821310191595520	
1245784312194179072	
1245772991583203329	
1245769212691238921	
1245792359872413696	
1246158025527660545	
1246110209635782656	
1246110645818470400	
1246112726113550344	
1246120280335872001	
1246131600531894277	
1246188223916883969	
1246135378559397889	
1246137971167952897	
1246139150627229699	
1246150475155738624	
1246165576688398337	
1246173124082593792	
1246180675494875136	
1245889135832940546	
1245886234301550592	
1245871135138500609	
1246105180027998209	
1245865724112822273	
1245878684231389184	
1245863585814896640	
1245867899182440451	
1246188608454828033	
1246013594493427712	
1246197972049825797	
1245999483105808384	
1246012475604115458	
1246020456399998977	
1246029681926733825	
1246195776038060034	
1246037229442682881	
1246049811628986375	
1246095110284214272	
1246100618852302848	
1246198838089732101	
1246210872751452160	
1246218423543177217	
1246220890632851459	
1245976830680510466	
1246044886085885956	
1245936753787179008	
1245923983297568768	
1246054844751847424	
1246069944338583552	
1246074983014469634	
1246080010756202496	
1246080625720856579	
1246087560310521862	
1246090081875578882	
1246092593718538244	
1245991930611326976	
1245984381497495552	
1245893784031735810	
1245901333565145088	
1245908883538763779	
1245912657938354177	
1245916432602365954	
1245920207492853760	
1245927757252452352	
1246331670288052224	
1246339218705485824	
1246361867926171649	
1246370543449911296	
1246376968565583872	
1246460015747239936	
1246475115056906240	
1246324119445987328	
1246316569434587136	
1246392067099471872	
1246273275707240453	
1246444915568988165	
1246437368489480193	
1246422267711508480	
1246407168636661760	
1246434563422932994	
1246452467044421633	
1246225973214773250	
1246248622066409472	
1246249959428587525	
1246256172736196611	
1246271273107197952	
1246467565280546820	
1246482665311817732	
1246501538211610625	
1246493988246278144	
1246497765741350913	
1246490214953938945	
1246505313043279874	
1246509088063840256	
1246511593812373507	
1246512862941417472	
1246516637521436673	
1246531737221464066	
1246542238383067136	
1246543061624270848	
1246558162867675137	
1246561936453652482	
1246524187323203584	
1246573262991220738	
1246565711155212291	
1246578921295888385	
1246527962691907585	
1246633660389806080	
1246769554354663430	
1246784654398697473	
1246739358083764226	
1246737897962733568	
1246731805538934784	
1246905449552674817	
1246907494221447168	
1246611009600491521	
1246762005140127744	
1246654158893133826	
1246656307853053955	
1246663858636222466	
1246671407259344896	
1246595910223704065	
1246678957082079232	
1246694058585501696	
1246702353971019778	
1246709157098655746	
1246792203663560704	
1246943198313713665	
1246641208363016194	
1246807304118231045	
1246724258056855553	
1246845053244305408	
1246938003731369985	
1246814852519276544	
1246603461040443392	
1246882800650850304	
1246875252224917504	
1246860153141383168	
1246852601305395202	
1246935595135504393	
1246686506829283328	
1246930256646344706	
1246754456806383621	
1247069123336601600	
1247093175568695296	
1247094194235203585	
1247066802158436353	
1247048894724390912	
1247041345920864256	
1247011146802122753	
1247018696066756609	
1247169691761639424	
1246965847836459016	
1247116054221983744	
1247182271511179266	
1247116844265172992	
1247124393236533251	
1247125905383841795	
1247155848649904135	
1247162141506850816	
1247166200846548993	
1247184790253699073	
1247101743017668609	
1247192343209336832	
1247199891295797252	
1247200114717982721	
