1443777690893389847	
1443768063736823813	
1443742460962693122	
1443731134316101638	
1443808048217305098	
1443912328785895440	
1443814181321383936	
1444086542574698502	
1444065084452528134	
1443829280589426719	
1444178320325857280	
1444381670640021504	
1444416902529359874	
1444447101644152834	
1444708829661253634	
1444693731723161604	
1444683660850974720	
1444754126756143104	
1444498867161079812	
1444588036902334470	
1444472730158616577	
1444890022176444417	
1444874926628872192	
1444988167078113287	
1444819555759452163	
1445131616011968513	
1444820052415483906	
1445358115692552194	
1445527973793206274	
1445536781923799041	
1445441152354865156	
1445497774921764871	
1445460026139627525	
1445452476300279810	
1445251149620072450	
1445637445803024384	
1445712942490652672	
1445686519046443008	
1445777774157783052	
1445667644149882890	
1445618570713608192	
1445573272272261120	
1445575788938469377	
1445818640000065536	
1445792214844596224	
1445882812888797191	
1445846321672327170	
1446030033709981701	
1446092776865677313	
1446138449581338633	
1446226325950410755	
1446143932631560198	
1446158383686373376	
1446173481368899585	
1445924337513533444	
1445945726538706945	
1445988508326236164	
1445985992050024449	
1445954534388469763	
1445920560731471872	
1445918044442726400	
1445901689228300290	
1446018707222900736	
1446550965646209031	
1446615137633193991	
1446617653934624770	
1446539639926362114	
1446396194851364864	
1446275398992551938	
1446457125820059650	
1446296789749886979	
1446752291642658817	
1446628978601586690	
1446649112619741189	
1446651627843194880	
1446667985687511043	
1446712025770561538	
1446961167478366212	
1446938518316466176	
1447275745160704003	
1447342429787488260	
1447255607631925258	
1447149911170899969	
1447075672015327237	
1447094556395249664	
1447109646561464322	
1447154953471074306	
1447604154671583238	
1447683432490803207	
1447656896429690880	
1447445609561067522	
1447494684729745412	
1447504472540950531	
1447401569369182209	
1447456934559371266	
1447517339055017991	
1447566382476967937	
1448045161305583617	
1447943893035667459	
1447774027309727755	
1447778788742418434	
1447785348218580995	
1447864620547444739	
1447718871235022850	
1448242119232065538	
1448234558785159172	
1448193034600865794	
1448155447739957248	
1448411389790461954	
1448253432532398083	
1448117950557343744	
1448317610576289797	
1448378003348725763	
1448141947856728065	
1448298731145732103	
1448770598247677958	
1448758007450505217	
1448782267451576321	
1448506350112329736	
1448755157005750276	
1448562972394078212	
1448695100851118084	
1448683769053990914	
1448729067667148836	
1448498802961309696	
1449092712792092675	
1449031057194426374	
1449144302744088577	
1449149839275556869	
1449117883355648000	
1448827600084869122	
1448827213210701825	
1448804564031913984	
1448802042944839681	
1448830991552983043	
1448914035362045959	
1449187501160153091	
1449167069858172930	
1449384636572790791	
1449268873463799814	
1449872854275739651	
1449636294548758528	
1449782256977862658	
1449777223125377028	
1449528254075920396	
1450038955466838016	
1450078568260771842	
1450070961441607684	
1450050272303136771	
1450223916681613316	
1450242791527776257	
1450525906850574339	
1450412660718243844	
1450257890288324609	
1450367361668816902	
1450567438807011339	
1450574981184700417	
1450460683116683273	
1450431538068344832	
1450879094049103875	
1450725975247908865	
1450819387125084165	
1450822044162174978	
1450827896356966406	
1450809972019900423	
1450796358131232778	
1450654252364451841	
1450666835133845505	
1450663060302094336	
1451050614918615043	
1451038031033602049	
1450980652904419328	
1451002798787682305	
1451262015247290388	
1451288430852272130	
1451219672733466626	
1451252902979416064	
1451041050785689603	
1451322407692562446	
1451318629967048715	
1451280881344290823	
1451141219388731402	
1451204060527353861	
1451190285334052868	
1451552672415322114	
1451355120566890496	
1451394127300632580	
1451567771897286663	
1451682276010512390	
1451745197826658309	
1451956587527118853	
1451976716331753478	
1452044663888678919	
1451825721316298753	
1451779164491681792	
1451891152433545220	
1451760290018697223	
1452193142308950016	
1452203208676315136	
1452213281054023685	
1452283739531214849	
1452293805818974213	
1452318976130764802	
1452713176227799047	
1452553014875607043	
1452575662762430464	
1452444800536522759	
1452530367882088451	
1452777492792561667	
1452711560821022724	
1452710432364498947	
1452424673421979651	
1452658712645181444	
1453111697418309639	
1452877658623184897	
1452998461620621314	
1453011751805624349	
1452837890728230916	
1452873877772595209	
1453224606190477318	
1453391035908837377	
1453154979984850944	
1453821371792908289	
1453817596273303552	
1453828925784829958	
1453636402558771207	
1453708129376505856	
1453572233469771777	
1453527464421072898	
1453568417416597506	
1454017665853362178	
1453979924117721091	
1453953491748065280	
1453879755749539841	
1453915742869471236	
1454212346600112129	
1454217733336444933	
1454093162738176002	
1454167484458807297	
1454172434970468354	
1454112037324275721	
1454281907894554635	
1454242000107155456	
1454282437912145922	
1454427867400581121	
1454442967356350464	
1454317138207035393	
1454573829271928833	
1454563763080753152	
1454583903335944192	
1454835553904566272	
1454840594493231105	
1454855688497205257	
1454923635374936064	
1454654359858466817	
1454699658349973506	
1454644293478633473	
1454770122632085504	
1455263382085324801	
1455214299618623496	
1455176554737139723	
1455082180137209860	
1455059529595428871	
1455222783445803014	
1455031847239307265	
1454976485467443200	
1455007006075543557	
1455640863212818439	
1455410592836161540	
1455468563150540808	
1455372844251205637	
1455504972636848130	
1455626956867784709	
1455327545637969928	
1455965501939724296	
1455957951919706113	
1455945092116660224	
1456027155826024451	
1456010798543765508	
1455999457003294722	
1455686486985166850	
1455953255096258564	
1455833378742222851	
1455829605227634689	
1455818279193399306	
1455908876235120655	
1455890001913270272	
1456063648355561476	
1456064904675217410	
1456350536379232256	
1456375702282965013	
1456309012723535882	
1456237292872474634	
1456214644914212867	
1456108947601981442	
1456097620267442177	
1456150468275539969	
1456142918276849670	
1456543055012511747	
1456448683285823500	
1456458749456044032	
1456725015039250437	
1456697832178651149	
1456705376032755716	
1456577030527410177	
1456653767034785805	
1456637437732548615	
1456617956453101570	
1456780872686972928	
1456904184565993474	
1456801004729425926	
1457085378742009861	
1457045652551225345	
1457046019221372935	
1456964582422028295	
1456984720063991812	
1457477965504081920	
1457467906162188289	
1457452800544284672	
1457488031628218370	
1457291738293305345	
1457306837758267400	
1457316911646183424	
1457347108562890752	
1457357169523761159	
1457490549024313346	
1457337036872957952	
1457206174433038337	
1457216240754184193	
1457236373501480965	
1457135711677784081	
1457649101584183297	
1457842869872390147	
1457800087988486148	
1457611345743040519	
1457535846593277952	
1457596245615132672	
1457528297290702849	
1457985056740315143	
1458207779018133507	
1457930259119104011	
1457862247510839297	
1457951085247750144	
1457936508866994176	
1458449381665886214	
1458558837888364545	
1458253073978216448	
1458229209428598785	
1458224635296813057	
1458354994659438593	
1458362544029114369	
1458598045289955332	
1458660397192519680	
1458938807924006914	
1458593336885981184	
1458623010299170822	
1458747581102792705	
1458817699686096898	
1458932557374844928	
1459258950755368968	
1459098647874859016	
1459144157507764226	
1459198721225330696	
1458947652884656130	
1458970300238884864	
1458963804340072451	
1459283048474812421	
1459219446849937412	
1459325139712155648	
1459344627807440896	
1459377005322027009	
1459622094052868096	
1459551630530023430	
1459566737645576193	
1459384088251486209	
1459526463359635462	
1459445932643155973	
1459410700598595592	
1459491241502986240	
1459850447058055173	
1459692558083260423	
1459672429966630914	
1459757989007560711	
1459747925433585664	
1459971715174445058	
1459732825846870020	
1460178259534958597	
1460125412088971264	
1460166933819576324	
1460734423058423810	
1460578988523413512	
1460421108570603521	
1460819989179420672	
1460933236566147075	
1460974757579571201	
1461064095373930496	
1461328987733569538	
1461220124611026945	
1461246547920932866	
1461254097127018498	
1461257879613321217	
1461216348613214211	
1461174826261876737	
1461154692486946818	
1461474801579614212	
1461352244432060416	
1461378671344717824	
1461716124068896774	
1461628724751777798	
1461629660333322244	
1461658009248182278	
1461665559779545095	
1461739572191186962	
1461693744193982471	
1461816557886222352	
1461529669304565767	
1461809003718189062	
1461767480020455435	
1461498205758177286	
1461692923729395717	
1462123576518184973	
1462103444311916550	
1462053112508674059	
1462083311334051840	
1461860593682436097	
1461967550674128909	
1461898342217265153	
1461899602815119366	
1461944899478114307	
1461913441770172416	
1462196557227438087	
1462186493125009417	
1462182716242333700	
1462056648042766347	
1462083311334051840	
1462056648042766347	
1462053112508674059	
1461967550674128909	
1462103444311916550	
1462186493125009417	
1462123576518184973	
1461913441770172416	
1461899602815119366	
1461898342217265153	
1461860593682436097	
1461944899478114307	
1462182716242333700	
1462196557227438087	
1462405433570775042	
1462470864906113024	
1462440665850261510	
1462234306139459589	
1462214173518180352	
1462249405466267648	
1462267021593391105	
1462284637636415489	
1462324903135391746	
1462440665850261510	
1462405433570775042	
1462360146584080388	
1462465832231993351	
1462470864906113024	
1462234306139459589	
1462249405466267648	
1462267021593391105	
1462324903135391746	
1462284637636415489	
1462360146584080388	
1462465832231993351	
1462214173518180352	
1462644509011890180	
1462673449642434560	
1462616826530177028	
1462599674938986499	
1462688549225078787	
1462616826530177028	
1462810541500637199	
1462831994362994692	
1462798028067291148	
1462790472959729670	
1462780587752792066	
1462878277232697344	
1462644509011890180	
1462599674938986499	
1462673449642434560	
1462913084889124870	
1462743120723025923	
1462922283157184515	
1462918821379981316	
1462926368488841216	
1462737630185984005	
1462922283157184515	
1462913084889124870	
1462918821379981316	
1462926368488841216	
1462780587752792066	
1462790472959729670	
1462798028067291148	
1462810541500637199	
1462878277232697344	
1462831994362994692	
1462688549225078787	
1462737630185984005	
1462743120723025923	
1462949015759163395	
1463009417515962373	
1463013188249784321	
1463205710846517253	
1463228941620199424	
1462982989273575425	
1463020738491740165	
1462942947444506627	
1463024512845467648	
1463062977431617538	
1463092460645756928	
1463239680787374082	
1463013188249784321	
1462960340333907977	
1463020738491740165	
1463024512845467648	
1463009417515962373	
1462982989273575425	
1462960340333907977	
1462949015759163395	
1463062977431617538	
1462942947444506627	
1463092460645756928	
1463398225558192131	
1463409550757797893	
1463394450403733505	
1463307732577140736	
1463371803020173320	
1463657086756298758	
1463657903299211270	
1463337827396046851	
1463507706971525127	
1463598300322570249	
1463511471774654470	
1463854993182576641	
1463848057125195776	
1463843661557415945	
1463839888277585927	
1463735951017054210	
1463805912313860096	
1463922933693227035	
1463904059618824193	
1463896509292892173	
1463703993763254273	
1463696441335975942	
1463692665833369605	
1463690652240261121	
1463668517996269571	
1463768163108089863	
1463741739571761155	
1463956907488600066	
1463960689081556995	
1463821011577552897	
1463658691593482247	
1463708284582600710	
1464225485290938411	
1464251347449036835	
1464241995723980805	
1464236247791153152	
1464266446347771907	
1464164525117100034	
1464296645798113282	
1464293704395636758	
1464053040399495172	
1464052616460222464	
1464096580592553990	
1464342341603500034	
1464372318650654723	
1464353275344392194	
1464379692736200706	
1464377930985848836	
1464494197050912769	
1464443865583140864	
1464424689414160389	
1464524396207427588	
1464391018019647495	
1464389202221715458	
1464544529004990472	
1464614993224093698	
1464589827446353927	
1464579762689654785	
1464685461746581510	
1465093144249200641	
1464906916526706688	
1465036113316302850	
1464942157794463747	
1465062946128769032	
1464891817028059140	
1464755921616207872	
1464760956014059524	
1464776054212497409	
1464911958923264001	
1465463083455766538	
1465217714687909890	
1465171262582538240	
1465384838853185543	
1465143475507236868	
1465425332631130114	
1465410987578867718	
1465245401972449282	
1465270562914242560	
1465304546159185927	
1465365946340712453	
1465787724179419143	
1465795271405838341	
1465495797131214849	
1465742424223985664	
1465726479606681605	
1465666933399842820	
1465841827089682435	
1465873284218568710	
1465953822648512514	
1466112359571673092	
1466263354800939019	
1466477246416408590	
1466437013033439239	
1466308652961353730	
1466576669544747022	
1466587999622340614	
1466701240990154761	
1466723902672056322	
1466822035867418634	
1467025881705197568	
1466957932218699782	
1466947864970469376	
1467154227210379266	
1467592111444824064	
1467637408665583618	
1467418466164649987	
1467448672174624769	
1467584565766078464	
1467554363950383109	
1467928073798569992	
1467803505528225793	
1467950723123998720	
1467946951475879936	
1467980921903087618	
1467999796325662721	
1467818603961593856	
1467750661286629380	
1467743104878796800	
1467788406264586241	
1467712906540187651	
1467705360836354048	
1468011120984092673	
1468261804392468486	
1468273857517826048	
1468188540123107333	
1468055569995026434	
1468618876959158272	
1468373509005008904	
1468391281281929217	
1468490534725455872	
1468705966694846481	
1468728477050359815	
1468649074551185408	
1468626428367360003	
1468868028615905280	
1468762532856963083	
1468981264745070593	
1469041663263887360	
1469102061023203328	
1469432726835060744	
1469122819288141827	
1470155249222668291	
1470150590256881670	
1470148802048892931	
1470075982711341057	
1469849485614493700	
1470226977894199301	
1470430815779803139	
1470377966622420992	
1470332676175454208	
1470181673555824642	
1470793591320625154	
1470793203926253576	
1470800761617584138	
1470830960782430209	
1470740358770343942	
1470710166228193283	
1470695065483984905	
1470544063527014404	
1470565452166402052	
1470908965655498758	
1471170693333012482	
1471238646464454656	
1471132951979069446	
1471097234016112644	
1470981949460262917	
1471331751461019648	
1471294002582405121	
1471297777598492675	
1471525538732912650	
1471595992541642752	
1471837176900079625	
1471767122372030467	
1471948318909603841	
1471918122814697472	
1471653874767335424	
1471631230919757827	
1471650099428134912	
1472325802213744644	
1472152157466017792	
1472159707460739077	
1472167257329610752	
1472099312612089857	
1472037652757102600	
1472060301931593731	
1472240169289981953	
1472268234405650436	
1472665540111974401	
1472703293277175809	
1472642892674084874	
1472627795385856012	
1472688194487472140	
1472386203223744512	
1472371100780834826	
1472367325093535746	
1472363550962237444	
1472567397223600128	
1472454148130062338	
1472612696898125828	
1472899588570947590	
1472908314589773828	
1472959980718342148	
1472739779250950151	
1472854284211404806	
1472748591311589378	
1473032311809753091	
1473058127293521923	
1473070714689306631	
1473005284058484738	
1473411105993236483	
1473356342005927937	
1473367670883958792	
1473378592021168129	
1473397871974109184	
1473201583273897985	
1473246876895830019	
1473409282511155208	
1473092022315671553	
1473104609518489608	
1473798004113092612	
1473447702444838912	
1473521579824975877	
1473749339004678150	
1473607463152885761	
1473662107904270337	
1473669243589869570	
1473639466556293120	
1473870316304801792	
1473861233665355783	
1473986747004510211	
1474139320902684676	
1474137744771203087	
1474130192251686913	
1474092444023099393	
1473950518674403330	
1473821180834590731	
1473811755398844416	
1473820652411006977	
1474228339128762373	
1474288736414289920	
1474556509803667462	
1474543700625797120	
1474779470787747840	
1474817217912967168	
1474606489604173827	
1474613504359505920	
1475164511468462085	
1475089013182799874	
1475223887898161153	
1474922916785627136	
1474963538049474560	
1474983313916010502	
1475243134279893003	
1475119214113411080	
1475391003574116359	
1475345700959440896	
1475598616848830466	
1475504245185003520	
1475271206605627392	
1475285307394191360	
1475919485416607749	
1475949685328207876	
1475934587746492429	
1475964788241059845	
1475685439918915587	
1475617497432821760	
1475889291146448904	
1475798694075121665	
1475828885954592770	
1475843993468612610	
1475851534021775362	
1475760936392663042	
1476274321060347905	
1476327168875528192	
1476312069611741189	
1476055378399936520	
1476013852886196224	
1475992462111830019	
1476050343444287494	
1476168624180191235	
1476367432839151616	
1476387571626168326	
1476523471941292048	
1476374982716440577	
1476546111338782720	
1476670681077071902	
1476674461864763395	
1476833000696397825	
1476908499212795907	
1476916061505081344	
1476848100627025924	
