1314894698549403650	
1314962645720559622	
1314973974888144898	
1314981521397297154	
1314762577386246144	
1315072118124548097	
1315094766976208897	
1315117415475433474	
1315124969903403008	
1315140065807544321	
1315225628547842048	
1315104029849026560	
1315396425350512640	
1315403768268230658	
1315411857578979328	
1315240728168022017	
1315800667773075456	
1315502453715021824	
1315513894241173506	
1315601984288944128	
1315793118424375302	
1315555300875722753	
1315789346948218884	
1315687421409984519	
1315706297153593344	
1315701820178796545	
1315691196371484674	
1315683654488797186	
1315721395305811974	
1315775900571574273	
1315766693977677824	
1315751596148416513	
1315532651571355649	
1315736497186840577	
1315778255065165824	
1315725509511327744	
1316104215681470465	
1315834265834262535	
1315829151107092480	
1315822240173359105	
1316110207856959488	
1316112383773945860	
1315978089541722112	
1316121537452421121	
1316004511039676422	
1315970540587249664	
1316083784089911296	
1316080008675438596	
1316076238566424577	
1316053584698503171	
1315962988361322496	
1315955441021587456	
1315876165119340550	
1315864843090452480	
1315853516074749953	
1316115995438714881	
1315849746993610754	
1315898814390169600	
1315910143171686402	
1316095107922186240	
1315885718422597633	
1315804696674791425	
1315815767213043712	
1316181935203520512	
1316188340178366466	
1316193245639081984	
1316340475532578816	
1316329150534230017	
1316491471214710784	
1316495244771250177	
1316514120762445824	
1316521668852948992	
1316389549241561089	
1316400873241825281	
1316438624909627392	
1316446172907618304	
1316451959306502144	
1316457495712329735	
1316197030197293056	
1316276301712379905	
1316234623366635520	
1316223047154765824	
1316204745636315138	
1316242329716441088	
1316890071216185346	
1316880282310615041	
1316559419623104513	
1316555642866266113	
1316755966105452553	
1316789684714971138	
1316797234747371520	
1316816116220669952	
1316582067069620224	
1316848069422526464	
1316825420113862658	
1316631139923054594	
1316683988275134465	
1316733062777131013	
1316725516104159239	
1316721737711734784	
1316751935890882562	
1316710420170899458	
1316755717479698433	
1316616040336498688	
1316619819131629569	
1316691537871491092	
1316899157613793281	
1316904532140609537	
1316985977903157249	
1317061475849150465	
1317053926017957888	
1317016177072168962	
1317004854141669382	
1317001077439356929	
1316997302846853121	
1316908548148822018	
1317023727155118082	
1317125650155798531	
1317163399420129281	
1317178497022918657	
1317219791799787520	
1317231345341550594	
1317402472344899584	
1317404990827212801	
1317561017291788288	
1317595277742788608	
1317349624110219265	
1317343289847259137	
1317269098015895557	
1317305878433902592	
1317354657296109568	
1317440221479403520	
1317415055227408385	
1317425121699614721	
1317909702911627266	
1317933472087003138	
1317918375574732806	
1317913338689576963	
1317812678535020545	
1317837841267904512	
1317767377917005829	
1317953604104327168	
1317868040344817664	
1317957058239614977	
1317636514508132357	
1317691881829015552	
1318318510137774080	
1318216587216932864	
1318209037016559616	
1318224137349783552	
1318292084248309760	
1318270133148782593	
1318265660263325696	
1318016519658496002	
1318039170984542210	
1318095790825443328	
1318110890634448896	
1318144869681029120	
1318167513461518336	
1317986153199554566	
1318495927448014849	
1318446855164882944	
1318366323353661442	
1318367298005106689	
1318692220929740800	
1318461957591257089	
1318835666088845313	
1318730616410693632	
1318926264137256960	
1318914945971408896	
1319001760967557126	
1319054608631689217	
1318979112250191873	
1318963400240746496	
1318984474839965697	
1319175405241135104	
1319203590599131136	
1319209381326630912	
1319126850770247682	
1319086066331209730	
1319254679193354240	
1319424546433232896	
1319420773656719360	
1319356598653915136	
1319318849842565124	
1319269777618145282	
1319250902390288384	
1319571767405342721	
1319590641400098817	
1319624618613719040	
1319495010505674752	
1319730311001821184	
1319722762265657344	
1319481169415524353	
1319775609929764867	
1319760511169253377	
1319751198665183232	
1319762272177188864	
1319446248689205249	
1319756735549235211	
1319439390947610625	
1319439645889814528	
1319673689445728257	
1319458524280332288	
1319669917071835146	
1319455706072911874	
1320107798781292545	
1319881054262448128	
1319891372380475392	
1319916538112008192	
1319928080694116357	
1319931467502333952	
1319802033600385025	
1319956807104655360	
1320092701950312448	
1320007135292342272	
1320178262778130432	
1320432437613133825	
1320424891569635330	
1320462637981982721	
1320278926149799939	
1320201616688107521	
1320208461595070465	
1320161401936236561	
1320379596122976256	
1320480252691320832	
1320685354840510464	
1320674029628465159	
1320643830442381312	
1320693185711120387	
1320754343784652804	
1320757077598490625	
1320854588086538241	
1320859067343134721	
1320857022427004929	
1320565816446705664	
1320588465742884869	
1320590982182629376	
1320596015414714369	
1320606084906635265	
1320609856739545089	
1320550717179023360	
1320768402919665664	
1320580915928666115	
1320875356237168641	
1320791050856861700	
1321040192229158912	
1321043968881086464	
1321105420916789250	
1321059070455984128	
1321093040715563010	
1320962303450382337	
1321054639220002817	
1320900522459627520	
1320898005763907587	
1320963436373778433	
1320912929185812481	
1321006218920529920	
1321127015404195841	
1321160988373192708	
1321153438739292160	
1321153069057560580	
1321149663488155652	
1321221386363428864	
1321218869831159808	
1321234375489540098	
1321236485824225280	
1321213836549001216	
1321206287456227328	
1321207544996458497	
1321191187341053952	
1321595332162134016	
1321592582544093184	
1321429007821320193	
1321278010956238848	
1321293109490307078	
1321320047357382656	
1321527155449196544	
1321323308822880256	
1321542253010132992	
1321469845502857216	
1321478077701066758	
1321459205207810049	
1321878214495461376	
1321610198486675456	
1321868651553820677	
1321890340052361222	
1321859343873122308	
1321832916591255554	
1321855565044289539	
1321897091279499265	
1321900863577755649	
1321917221690609664	
1321923512819421186	
1321697020332150784	
1321659271533113345	
1321651721878171649	
1321806492383633410	
1321768748018065410	
1321753651807838209	
1321810266485530626	
1321821591550849025	
1321856476646952960	
1321817816320729089	
1322274575967813634	
1322322399338090505	
1322310563066793985	
1322191540664623105	
1322229279615320065	
1322210403670085635	
1322059408180797440	
1322153783296630784	
1322104706974494722	
1322127356019023874	
1322138680471953410	
1322078283572350976	
1322074507616477186	
1322051858609758210	
1322048976460414976	
1321995235371700225	
1322501069142896640	
1322563983245824000	
1322523726382968832	
1322338607588347905	
1322361398039662592	
1322402924799078400	
1322410471367024640	
1322414246051733505	
1322438153718956033	
1322634447141826560	
1322384798531334144	
1322684778718531584	
1322986768707293186	
1323012668677148679	
1323036149946998785	
1323004384922521601	
1323001868461756418	
1322961609413677056	
1322971669464494080	
1323029551870406656	
1322810608090292224	
1322845840239521793	
1322689816945815552	
1322743997241188353	
1322883588749168640	
1322770342679629824	
1322775376129519616	
1322855914345476099	
1322835773759098881	
1323083955390812160	
1323379355603464192	
1323087431944474624	
1323092465193259008	
1323369290444275714	
1323107564519936002	
1323146571584884749	
1323161671322533889	
1323388163709042689	
1323399494319411206	
1323203195934527488	
1323176770640760833	
1323389421929041920	
1323233399331573760	
1323334057418235908	
1323320215862562816	
1323313030839607297	
1323305839399178240	
1323418362525978626	
1323697703482757125	
1323625984554270721	
1323717836313751552	
1323452336337907713	
1323675054283149312	
1323444787102494720	
1323446548529860608	
1323441011809415170	
1323508959647588352	
1323875123850403840	
1323871347450195971	
1323950621695844355	
1324116714854916096	
1323992143896203269	
1324101615100469249	
1324104131603169280	
1323784696124346368	
1324051283053981698	
1323927972936515584	
1323916645891530752	
1323909096538558466	
1324029892745437184	
1324373407308288001	
1324358306652213249	
1324471554458046465	
1324464004312395776	
1324365862044790784	
1324229961566330880	
1324245063254204416	
1324199762267115520	
1324192212012314625	
1324418516188045312	
1324309233668481025	
1324226185505566724	
1324143138374668291	
1324705595375669248	
1324724469286490114	
1324614997780082689	
1324775303986774019	
1324679170807504898	
1324835701985284102	
1324852815051825158	
1324860364849176576	
1324818842904748033	
1324622553500078081	
1324777317885898752	
1324796192358891521	
1324603672970498049	
1324607450012475392	
1324596123038851072	
1324539500320624641	
1324588573492994048	
1325075535668637700	
1325105737572364288	
1325111351396753410	
1325005068064600064	
1324890563439521792	
1324894338149650433	
1325045334305722368	
1325156062899605506	
1325158580627058689	
1325201361328242688	
1325085598554714112	
1324964802758733824	
1325473152533753857	
1325498321394282496	
1325296991618920448	
1325322157262401536	
1325412754258325505	
1325432886938406913	
1325453028191858689	
1325241626969583619	
1325271831226429440	
1325739911433969670	
1325755015378694144	
1325822957260779520	
1325917329134399494	
1325939978254209025	
1325860711860461573	
1325874043946348544	
1325875805398896641	
1325892666391932929	
1325772861726990336	
1325649315197431810	
1325819182659719168	
1325694612011249664	
1326155147970555904	
1326124949237592065	
1326083423459442688	
1326170247804628994	
1326232405171040256	
1326223097855275009	
1326196670275706881	
1325985276603244545	
1325966403015303168	
1325960111098130432	
1326026802465177600	
1326041902806757376	
1326030575065501698	
1326300723487846401	
1326307902533955586	
1325968918830329856	
1326189120171909120	
1326362764093366277	
1326400512862932992	
1326408062652076032	
1326345651257401345	
1326328794202976263	
1326321850880843776	
1326321240265662465	
1326315452239327232	
1326570394220834817	
1326604356297224192	
1326630786007658496	
1326658953170866177	
1326660983645892608	
1326445811480190976	
1326472235759046657	
1326419388652728325	
1326611906010836993	
1326498660155330563	
1326513759918063616	
1326547733591814144	
1326600581604024320	
1326532633292120064	
1326964730498519040	
1326966744720625664	
1326925220884619266	
1326985619705225216	
1326987379886985216	
1326994929629888517	
1326947869685854209	
1326970519174963203	
1326770450245033985	
1326793099729793024	
1326883697635684353	
1326764110931963904	
1326887481749491712	
1326876146881925120	
1326868597583458304	
1326864825268449280	
1326740251453378561	
1326734339883884544	
1326723138781065222	
1326718156908466176	
1326956677736886272	
1327028796814487553	
1327019591969587201	
1327016463127949317	
1327012042327244800	
1326703761230737409	
1326701314454196232	
1326699076142895104	
1326686144902279168	
1327229726705020929	
1327385755082129408	
1327254893279600641	
1327262443517558784	
1327267475495522305	
1327275025590669312	
1327348006329389059	
1327378205150502912	
1327397079455449089	
1327290124640641027	
1327295158904258561	
1327300191544807424	
1327379852484337667	
1327151713611100161	
1327155487490523136	
1327166811973029890	
1327193236180385792	
1327178137260544000	
1327110189439348736	
1327095089693294592	
1327084510949863431	
1327078731693715456	
1327125288350846977	
1327038466891378690	
1327117738716794881	
1327215885434580993	
1327465027079704577	
1327453702958034950	
1327419781406928901	
1327480126842441736	
1327559399733399552	
1327555889822371840	
1327510325759938560	
1327502775857672192	
1327495226034798592	
1327491451861819392	
1327672645521793029	
1327403652089319425	
1327410160675983362	
1327758208929202179	
1327753175852589059	
1327722976851193862	
1327472576818536448	
1327677678422355968	
1327404240881545217	
1327616022392737792	
1327604699709706241	
1327632379863818241	
1328065236612521984	
1328084517911982086	
1328090397801918465	
1328095544791756805	
1328123251281825793	
1328062715324207106	
1328035036470276096	
1328004834625282050	
1327799952383291393	
1327833706367647745	
1327853841635635201	
1327894104458612736	
1327899143491133442	
1327823641938178051	
1327764082032865280	
1327772613918253058	
1328183045510361090	
1328359672617656320	
1328382324736745472	
1328397423018852352	
1328329475797307392	
1328465369019854850	
1328469143574626304	
1328477951550246912	
1328482229593444354	
1328435170916098051	
1328452030797590528	
1328261531293904896	
1328333248552787970	
1328145397819248640	
1328170932582588416	
1328787491323867137	
1328820212934828035	
1328845372811198466	
1328754775572107270	
1328757292406251522	
1328733385208909824	
1328740934977253376	
1328578618419777538	
1328657888001228801	
1328654164520554497	
1328714521540694016	
1328612588603793410	
1328695636171091969	
1328529541405548544	
1328508529980952576	
1328506892604354560	
1328586165025349632	
1328567290154115074	
1328601265773961216	
1328559740440383488	
1329185111355518976	
1329190146042863617	
1329196184636858368	
1329197696771506176	
1329093759603073026	
1328850411017539585	
1329020275858370562	
1329058024623796224	
1329129749235511296	
1329008950751084545	
1328907028899610631	
1328903255091503105	
1328895709907722241	
1328940247724429312	
1328882366413062146	
1329149879126351875	
1329152397315289099	
1329174038409736192	
1329158687085228035	
1328857956994179077	
1328860472070844417	
1328868776742359041	
1329206502402519041	
1329295841987706882	
1329292065814028290	
1329215310268821504	
1329229654910144514	
1329232926639321088	
1329233177794244610	
1329461935297892354	
1329469494473973760	
1329465710582640640	
1329288294585094145	
1329458160902475796	
1329435512055074816	
1329329814612930563	
1329367563793440768	
1329397762417250304	
1329405312286113792	
1329412861844742145	
1329390212921823232	
1329563856801304577	
1329571406602924033	
1329546744124719104	
1329557565508702210	
1329574174747205632	
1329624254808166402	
1329902337096298498	
1329865846953447424	
1329882204831322112	
1329888051598913537	
1329899821960839169	
1329775249693536256	
1329790349510725632	
1329801683216560131	
1329614188604375041	
1329607393701892098	
1329587764434587648	
1329904853741551618	
1329933794724364289	
1329930020324847622	
1329926244742283264	
1329922471366103040	
1329918695188008962	
1329604122157445122	
1329912403513929728	
1329930440359211008	
1329684652681031680	
1329584241164824583	
1329635579324076034	
1329695977335181324	
1329692202415611905	
1329643130065354754	
1329633314383257601	
1329965755379552256	
1329948893942075392	
1329955185460871170	
1329967773028651011	
1330024391296643072	
1329982869910024197	
1330293665839808512	
1330273533142949895	
1330184194694275084	
1330164065939779584	
1330153995827093507	
1330148964507607040	
1330229492975955968	
1330224463833534464	
1330005517159129088	
1330209360740556804	
1329979093023133697	
1330311281803399174	
1330317069905133568	
1330461018288427008	
1330333931170836481	
1330352806662955010	
1330609497392304129	
1330601950426050568	
1330591880908845056	
1330614530062356482	
1330346106853658627	
1330620821497290753	
1330647249278287875	
1330639696666513414	
1330360356443549697	
1330375454537166848	
1330546582467399682	
1330496254040698880	
1330487670036979716	
1330576781364002818	
1330657312046866432	
1330930287941971969	
1330923382846726147	
1330920946786586624	
1330927813675917313	
1330820890322460672	
1330903939336704001	
1330832214725185538	
1330941685635813376	
1330943447302365190	
1330936694179323905	
1330798246940184576	
1330938458634936321	
1330775591495360512	
1330737843321274368	
1330881288450949123	
1330794465951440896	
1330790692491149313	
1330684994805698561	
1330900162584068096	
1330979439753138176	
1330906406971715585	
1330843539815624706	
1331009636720209922	
1331003845288226817	
1330988745940627456	
1331130432327274498	
1331137979503415296	
1331145534048911360	
1331153080491020289	
1331171953093185538	
1331094442367807490	
1331096455600214017	
1331275636342603778	
1331252987021455363	
1331247450796007444	
1331209702185680900	
1331336034320347138	
1331335027590799361	
1331332511012687872	
1331258775379046403	
1331358683540844544	
1331362710035042305	
1331032283344629760	
1331041553712812039	
1331043607655149569	
1331058706713341958	
1331062481666469888	
1331080021772001285	
1331085132325904384	
1331088905848848385	
1331051157075083268	
1331692885595582470	
1331628712983457792	
1331632487957622784	
1331736253931393025	
1331739314695376897	
1331739442432733184	
1331401271400656896	
1331408008383926274	
1331432422869782529	
1331392908889473025	
1331572089690542081	
1331539684309209088	
1331489042266017799	
1331470100881416194	
1331745733880516609	
1332086730611068928	
1332077479268331522	
1332081697513467905	
1332069114618077184	
1332088818820853761	
1332064584702648322	
1332104348449591296	
1331762200881606658	
1331754541667160065	
1332021301326725120	
1331938254732492801	
1331926927741947905	
1331919377931722752	
1331911828352458759	
1331923152679694337	
1331968453905879040	
1331791032317472768	
1331775933263523840	
1331817456680235008	
1331896728916725760	
1331757059939786753	
1332439050519781378	
1332383694078816257	
1332225142773084160	
1332211305701384192	
1332296865396772867	
1332300642258354185	
1332357263277707266	
1332304415110283266	
1332439052180664320	
1332338398447583233	
1332259116740452352	
1332469251068858368	
1332315739714367488	
1332114413004832768	
1332160969888329730	
1332157200991662082	
1332134820542025730	
1332134545920045056	
1332454151670796288	
1332311964811288576	
1332179844155600898	
1332821577348435968	
1332600113420673024	
1332660511498932226	
1332723615536701442	
1332680644166520833	
1332715876177629184	
1332763691326922752	
1332694912651964422	
1332746080518172672	
1332579981172617217	
1332583755744047104	
1332474290483187712	
1332493158593294337	
1332557332262367235	
1332530907513712642	
1332529649058938880	
1332508258360303617	
1332504484975558656	
1332591305461952512	
1332957471837728768	
1332967534488932353	
1333017866103296000	
1332881972880760833	
1333037999014223878	
1333085814993997825	
1333180393705664512	
1333152998680383489	
1333168863387607040	
1333153765327855618	
1333353829811822594	
1333429327501824002	
1333523700906418179	
1333467076552376326	
1333357605465579528	
1333425563357249538	
1333361380242571281	
1333399128508919809	
1333451976764375049	
1333323631200411651	
1333308531357802496	
1333300981736456192	
1333236809577459718	
1333395353857613827	
1333444811223937028	
1333503261496778758	
1333433103717597184	
1333516150425214978	
1333512375182495744	
1333489725504589824	
1333670919231975424	
1333693568485978118	
1333806815155404800	
1333708668030824449	
1333761516340989954	
1333595421956927489	
1333689793557966848	
1333591651453870080	
1333588306714636288	
1333597557755359234	
1333897412029468672	
1333587872147001345	
1333901188316663808	
1333861676437753856	
1333618070976421888	
1333621848509198337	
1333655819821322240	
1333599197027856384	
1333583621597368322	
1333568999767027714	
1333870989705437184	
1333993076742819841	
1333957809625436160	
1333995558495727618	
1334006883540144128	
1334018207699533824	
1334105035299454977	
1334116354656497665	
1334120131497254913	
1334040857155133440	
1334195629606703104	
1334188079884677120	
1334284997835026433	
1334276404519854080	
1334265589997723649	
1334256024878862337	
1334139004283809796	
1334144859607883778	
1334150338861993984	
1334204938126127104	
1334218277443301376	
1334240925137166351	
1334244700547506176	
1334225833393840133	
1334384370262503425	
1334569339744366592	
1334563802986102784	
1334629737575038977	
1334622187517513728	
1334610863177822212	
1334610485459738627	
1334608346905718795	
1334607087989473280	
1334399469727735809	
1334482520344129538	
1334552226556219392	
1334642823455518733	
1334641063114379270	
1334295049434181634	
1334293773648539648	
1334365495995236353	
1334331523487596544	
1334342846820868099	
1334305098290368514	
1334320197625212932	
1334327747339030528	
1334918640777523203	
1334941290023235584	
1334956389609865216	
1334924177300590592	
1334705234690510850	
1334984642680811520	
1334984575731167232	
1334977025837211649	
1334969475884609543	
1334923786538323969	
1334712784441864192	
1334718320986222592	
1334719157871529985	
1334727883831427072	
1334735433737986049	
1334688121888403456	
1334652386808266753	
1334663714994348033	
1334678811414151169	
1334761858927038464	
1334914614518308865	
1334871329376493570	
1334648615386562560	
1334909077776781314	
1334893979507286022	
1334999675259248643	
1334993383257989125	
1334841130295418881	
1334911091256725504	
1335037423483580416	
1335297894681772032	
1335124246524293121	
1335120470832766976	
1335052522969554944	
1335109146048299008	
1335192196375515142	
1335050509665722368	
1335242525188091909	
1335202259781685248	
1335156961185312768	
1335499216324587520	
1335707551808229389	
1335484116993593346	
1335544514862256128	
1335479087066804224	
