1279397260456050688	
1279540490145275904	
1279560622741401600	
1279550557259214848	
1279882748316889088	
1279817314444156931	
1279877712446799872	
1280230038294671361	
1280146986461691904	
1280176132017598467	
1280003543362080773	
1279953209713295360	
1280038773523230720	
1280068972617105408	
1280265266056790020	
1280343279863652355	
1280572288891412483	
1280533199148519427	
1280630170261417985	
1280370962295373824	
1280523101760106496	
1280496791444545536	
1280461559425167360	
1280325663917060097	
1280303014633336832	
1280646619638255616	
1281014377701924865	
1280985009491308545	
1281000111401603072	
1280803819794739206	
1280856663722000387	
1280879312456028166	
1280849114855608323	
1280924615741603840	
1280954812117291008	
1280841565301141504	
1280834016220811264	
1280698121576579072	
1280713218541969409	
1280716992639467520	
1280748449634320385	
1280768582310387712	
1280807589719261185	
1280969912173854730	
1280657654671646723	
1280662885845401607	
1281362497702895616	
1281356596870815745	
1281075607565037568	
1281241701873401857	
1281196403486633984	
1281105804611842049	
1281120906555928582	
1281146069611687936	
1281171235779555329	
1281176268696936450	
1281056731003531264	
1281298322905395201	
1281646314707509248	
1281573893468090370	
1281543697167839233	
1281468194650124289	
1281518523987062784	
1281747533849600000	
1281961442757865472	
1281996674957803521	
1282011775181914113	
1281865812303728640	
1281770182625488896	
1282031906897326080	
1282082238545321984	
1282163140067758082	
1282389264660082691	
1282414427128631306	
1282328870377549824	
1282348996359405569	
1282318797102125057	
1282313765770244096	
1282219528261435392	
1282555358905372672	
1282464758789107715	
1282659900435435522	
1282600655144853505	
1282671119015661570	
1282789397981618176	
1282781850121928706	
1282766750153498624	
1282731516578037760	
1283172472351858691	
1283114037748862978	
1283109770669457408	
1282868545945313281	
1283068741497036800	
1283063705651916800	
1283038544441806850	
1282830781287673856	
1283009704935989248	
1283395894625198080	
1283265034307567616	
1283335496412868608	
1283325435565178880	
1283320397023207424	
1283413510773325825	
1283448742645886978	
1283261249351028738	
1283214700407390209	
1283204634119680003	
1283773382098468869	
1283697792230273026	
1283687821094641664	
1283693052062834689	
1283869013118873600	
1283583005446078466	
1284137028473384961	
1284121929025073154	
1284118154617257984	
1284260228364730368	
1284201203992338432	
1284085438085500930	
1284268318476701697	
1283970933670072320	
1284004909054976002	
1283952059780341761	
1284623987146981376	
1284385217218830338	
1284442797861306370	
1284470373216669696	
1284503196870692865	
1284533389614149634	
1284795114347352064	
1284850483669004288	
1284755248557568000	
1284880678371426304	
1284895778364784641	
1284679351426936832	
1284639087828312064	
1285117236659867648	
1285107198171983872	
1285102137244913664	
1285011540274319360	
1285054323018412032	
1285212869756239873	
1285219204564746243	
1285303465661526016	
1285311014737784833	
1285268231712735233	
1285430182199865345	
1285509823832879105	
1285469558766047232	
1285685984391299072	
1285635653783388160	
1285378324232048641	
1285625586568716290	
1285722475003772933	
1285967848741826562	
1285971617022083072	
1285806780400824322	
1285883505113694211	
1286081088142663680	
1286013145199370241	
1285736316081037313	
1286023206382559232	
1286103739611385857	
1286107511809085440	
1286126387045306376	
1286432298884304897	
1286173202121711617	
1286145260524109824	
1286274865171959810	
1286294997541634048	
1286279897900412929	
1286374241470947328	
1286310096897630210	
1286098703825215488	
1286320163223150594	
1286214466791768064	
1286800830365040643	
1286715268257832960	
1286518973891145728	
1286471157970079744	
1286451025377820672	
1286526523063906304	
1286881361291128832	
1287150467890524160	
1287070104660762624	
1287518056466526209	
1287296598414954497	
1287362028273831938	
1287351962090926082	
1287185867476537346	
1287201186320453633	
1287653951807029253	
1287669051364442113	
1287689188670808065	
1287578454389489665	
1287794882791313412	
1287798655789830144	
1287719387630198784	
1287806205050720261	
1288248062411001856	
1288081771565907968	
1288232767390703619	
1288222699643232257	
1287925742735482880	
1287918193030373380	
1288128980751704064	
1288585087534022656	
1288278066893131776	
1288268050748366848	
1288280968281894912	
1288418992932052995	
1288569988014649344	
1288378727483809792	
1288622559790018560	
1288519662125408256	
1288514623436709888	
1288328395919507457	
1288736082276777985	
1288933543192809484	
1288952508426027008	
1288949991688421377	
1288942445238071303	
1288845854879686656	
1288866945333260288	
1288957667197816832	
1288751181842354178	
1288731050185613312	
1288685750557368320	
1288695816836665349	
1288690783638495232	
1289269598026493952	
1289184040092868608	
1289199135715807233	
1289201650394001409	
1289239398668673025	
1289329995744079872	
1289216749674651648	
1289305835210825728	
1289302313279074306	
1288992773752815616	
1289038072081010689	
1289450791607115776	
1289480811096481792	
1289355161601576960	
1289496090253783040	
1289511189555433472	
1289655893106339840	
1289697418695577602	
1289395429054885893	
1289561522860109824	
1289576621280604160	
1289591726902935552	
1289599271134789632	
1289606821896810499	
1289380330311385093	
1289879812476215297	
1289818213388181504	
1289788015565402112	
1289772915760791554	
1289724143244464128	
1289742715148578817	
1290044707557576706	
1289989340508983296	
1289933975692156930	
1289889142860591109	
1290271204566118402	
1290416467834482689	
1290399545201836032	
1290381927342436352	
1290205766389915648	
1290175567422160896	
1290142851729301505	
1290349211599417344	
1290339145894658050	
1290251064847949827	
1290542991069913088	
1290437292524539909	
1290467491710296064	
1290482591951249408	
1290477557188399113	
1290766964294479873	
1290784580232867842	
1290726699102023680	
1290736765297287168	
1290668817543122945	
1290666301061464064	
1290756898052923393	
1290749348171505664	
1290865110936768513	
1291094120883040256	
1291056373535473669	
1291048821460328449	
1291043788358467584	
1291138817441890304	
1291504322929242113	
1291499289731125249	
1291466574113787906	
1291474123781058560	
1291202333074833408	
1291212438600396803	
1291237566134595584	
1291836511848030210	
1291841544954183682	
1291785847788969986	
1291705656857317376	
1291680921700257792	
1291730815425171456	
1291883193772183552	
1291880750296555521	
1291599953110937601	
1291549621311827968	
1291625118750388224	
1291937175118835712	
1291917045794082816	
1291896909741907977	
1292193866490081280	
1292178767004262400	
1292088678874046465	
1292241682818142208	
1292201867066441728	
1292575634510798848	
1292521022063652865	
1292588971042770946	
1292329244505321472	
1292385131265585152	
1292415326706008064	
1292510955998310401	
1292450558171725824	
1292641818673217536	
1292634268313595905	
1292626720760172547	
1292679567354802176	
1292762614104068097	
1292943848868646913	
1292952628050239490	
1293029371700158465	
1293045722665889793	
1292989106381680641	
1292979040446328832	
1293106549804675074	
1293104758639788032	
1293240764869173248	
1293120592825274368	
1293130035637784576	
1293190433124880396	
1293197583322615813	
1293170302571048960	
1293145134708797440	
1293268447086837760	
1293281030120636416	
1293298647241637889	
1293263413980753921	
1293567920463917058	
1293638386150830080	
1293396793439510531	
1293447124546252800	
1293442095617904640	
1293432024959717376	
1293498714330484737	
1294030893242253314	
1293713884704960512	
1294042679303692291	
1293834681721319425	
1293920242087886848	
1294267530635292673	
1294376067931811846	
1294368193708883968	
1294218000002953218	
1294650057409597440	
1294619857762172928	
1294584619686297600	
1294564487136186368	
1294559453833056259	
1294478923296903170	
1294665153779126272	
1294730581436018690	
1294755749017468928	
1294763297036816385	
1294770848142852098	
1294921843170828288	
1294816147758612480	
1294838794550566913	
1294881576527040512	
1295246480748552198	
1295269130023702529	
1295278596232290304	
1295213717878169601	
1295148335934976001	
1295500655801405441	
1295495622510837760	
1295188599504359424	
1295455357259546625	
1295456180731600896	
1295462906964905984	
1295465387753119744	
1295399992421736452	
1295594705997246467	
1295596455848288256	
1295821496422666247	
1295847944189407232	
1295852977220067328	
1295556022766116865	
1295757347357208577	
1295666750185504773	
1295681849776209920	
1295665530653810691	
1295651650820960257	
1295691920140713991	
1295699466842972165	
1295661720153751565	
1295888212397821952	
1296157483715592192	
1295968740073508866	
1296137351069143040	
1296129801296777217	
1295943574228434944	
1296594111034621952	
1296590584250085380	
1296829240340619266	
1296920008421978114	
1296935107731718145	
1296681436771229696	
1296752655730192386	
1296726232403345410	
1296599769939193857	
1296955240399491078	
1296631227571740672	
1296965306699542528	
1297040804200902661	
1297022019519815680	
1297086102667505664	
1297448490562465792	
1297390609594855426	
1297534057228562432	
1297480742755336193	
1297647242183168010	
1297624651523190784	
1297503858017488896	
1297483722669740034	
1297330211915288576	
1298024789471371264	
1297800812098285571	
1297810878432124928	
1297941746169475072	
1297906508487962629	
1297707699392532480	
1297747303546204161	
1298068676894240770	
1298047438360653824	
1298081583501582336	
1298085186798645248	
1298406050123546625	
1298349428072275968	
1298138035599663104	
1298407616306196485	
1298389692337909764	
1298392209130233856	
1298724397826662401	
1298470222966460416	
1298684132659085312	
1298933274320891904	
1299119502907514881	
1298877910338506753	
1298862811603275777	
1298855260463812608	
1298961501609512966	
1299069169573359617	
1298847228157669376	
1299266721329549315	
1299406392978178048	
1299325861355716609	
1299444140514500608	
1299449173503143936	
1299461756453105666	
1299688072829902850	
1299677361915518976	
1299674824000798722	
1299655534824640512	
1299632884819599360	
1299703348304719873	
1299844279527972869	
1300191566712074240	
1299889577411239938	
1299874037263368192	
1300211698037649408	
1300217530280275969	
1299904677543202816	
1299985205499957248	
1299980172955918336	
1299949974067834880	
1300000305036144640	
1300048121762902016	
1300025473783623680	
1300085874894368769	
1300074083158286336	
1300463360660692995	
1300433163236200448	
1300428124094636032	
1300333852385255427	
1300362692994068480	
1300387865478590464	
1300531304195383296	
1300550642042392578	
1300715014437756930	
1300594218482585601	
1300869581179936769	
1300875515075665925	
1300745213435162625	
1300928923908354051	
1300931442109591552	
1300936837096185856	
1300938990292434945	
1301303617870270467	
1301092501898567682	
1301121247053578240	
1301067336359632896	
1301037136855076864	
1301296918119755776	
1301261113045037056	
1301201615253319682	
1301256079632789504	
1301486964030476289	
1301434757004374022	
1301565622392950787	
1301615950958137346	
1301628579256692737	
1301399526918336512	
1301348072971214848	
1301599593541574667	
1301701517075009536	
1301862576129748998	
1301902841921941508	
1301938073572241408	
1301963239400505345	
1302280328745230338	
1302360859306610688	
1302285361931059204	
1302362798807298048	
1302240063292489728	
1302224963957477377	
1302179665398898688	
1302073968795451392	
1302199799706390528	
1302139401636442112	
1302068915858792448	
1302451456298098689	
1302411191801741312	
1302682985679015938	
1302597418236731392	
1302456491576786944	
1302501790693244929	
1302506821144342530	
1302753446093750273	
1302471590664450053	
1302723247239081984	
1302637689020219395	
1302643976391069707	
1302662849320214534	
1302756112840749058	
1302939678895681536	
1302813844197212160	
1303056694390321153	
1302773578706882560	
1303099979507011585	
1303099572131110912	
1303105771350167554	
1303113318220009474	
1303068018923040771	
1302988746678128640	
1302788679555936256	
1303328485365096448	
1303332261060894723	
1303324711166844929	
1303366234407415808	
1303237888348426240	
1303305836094132225	
1303460535577477124	
1303460606654271489	
1303468157898756097	
1303241666657050625	
1303143517405970432	
1303151068554170370	
1303411532542271490	
1303388883753762819	
1303390643407007747	
1303396433052262406	
1303405241145069568	
1303407682464952320	
1303641801698480128	
1303694650235121664	
1303698423036678144	
1303702198056960000	
1303619152616321024	
1303573851964542982	
1303543653294456832	
1303536104340107264	
1303715924344700929	
1303622925413617664	
1303719058945331207	
1303508420868399106	
1303766371252219905	
1303705973505380363	
1303736171948838914	
1303483255363002368	
1303883392736309248	
1303936240849485824	
1304143858243117057	
1304180348604080128	
1303955114420568064	
1304083460039073793	
1303850676485750784	
1304321232964399107	
1304328828332830721	
1304493159657869312	
1304496014062161920	
1304540222798008322	
1304719649662173184	
1304751614104748032	
1304776778922196994	
1304729086930104321	
1304668565933568000	
1304862342266593280	
1304857313665323008	
1304585518454321153	
1304630819307352064	
1305053604567379969	
1305048569267838977	
1305034728114802689	
1305098902689865728	
1304932806842343425	
1304968038614142977	
1304969520289849345	
1305149232945356801	
1305264998558478336	
1305174400342175750	
1305483940157825025	
1305510362930765824	
1305629571971194881	
1305614800441892864	
1305389566187061248	
1305360625787256833	
1305345526188183552	
1305404665711013888	
1305472613561634818	
1305295194334662657	
1305325394879565827	
1305672683762470913	
1305669490345213959	
1305880299943927808	
1305925598322266116	
1305955797227118593	
1305876527502901265	
1305823681176690689	
1305738112958513155	
1306367263772114946	
1306344610495512576	
1306333284872392706	
1306319946801086466	
1306318185164046338	
1306308622297649152	
1306363483731107840	
1306197389116690434	
1306159640913141761	
1306136991474442240	
1306110567871119366	
1306246464104873986	
1306238912843542528	
1306038844572262404	
1306065273359794176	
1306727129896247296	
1306716308587728896	
1306721944453120006	
1306691899068051456	
1306676798114148360	
1306725871844171776	
1306435206841131011	
1306642824348270593	
1306608851345575936	
1306597526125019136	
1306612626189934592	
1306623960230969345	
1306631501845467137	
1306514478813544450	
1306567327693991936	
1306510705567428609	
1307076937395785728	
1307024088540438529	
1307018298517667840	
1307060577177538561	
1307088259449675776	
1307086246179561472	
1307083226125660160	
1307038225513484288	
1307042960836448256	
1306963691557060611	
1306880642274140160	
1306861766916403200	
1306824018348199936	
1306918391765061634	
1306948590422626304	
1307326078914981888	
1307318531206381573	
1307356277236924416	
1307405348907614208	
1307205282074894346	
1307144883401035777	
1307193955717705728	
1307190181506641923	
1307333627097669632	
1307390249677590530	
1307352500744445952	
1307265678353797120	
1307460659018436613	
1307537469768830977	
1307499723859820547	
1307494687352160257	
1307469523805634560	
1307529919518273538	
1307756412685049856	
1307801710379675649	
1307816811300151296	
1307732392522776579	
1307736279556083712	
1307635621905661954	
1307937609570631681	
1307956480184905728	
1307862111213760513	
1307967808257622016	
1307975356041670656	
1308107475254538241	
1308103703967272965	
1308013107986477057	
1308073509373898753	
1308062176893120512	
1308156548548448259	
1308182972764499969	
1308235820881514496	
1308201847509770241	
1308466089467080706	
1308345292870352896	
1308307543446388741	
1308311318441549825	
1308315094653300736	
1308239597491585024	
1308516923395596288	
1308424099157475332	
1308509121713508354	
1308498048901951488	
1308847350841040899	
1308890635676524545	
1308911523574632449	
1308696355536216070	
1308820926444769281	
1308837787702001664	
1308798283309965313	
1308786953014439938	
1308579334341369856	
1308568009766658049	
1308564234901417986	
1308617084335616006	
1308677484838367233	
1309238658072031232	
1309115371551518721	
1309005895368675328	
1309058743422709760	
1309239937833807877	
1309261328452812800	
1309232387746799616	
1309202188938477568	
1309583451293724674	
1309563318437163008	
1309578417717739520	
1309455106425806848	
1309447558574505985	
1309394708490141696	
1309360733285744642	
1309511728904904704	
1309319209831129088	
1309633782547390469	
1309638815695409152	
1309726896909774850	
1309719346206318592	
1309734447940395010	
1309745770363584513	
1309775969364910081	
1309648882071031808	
1309925705937907713	
1309685372754911232	
1309991139257323521	
1309840146557067265	
1309859017037025281	
1309874116737015808	
1309862791562424320	
1310051538824429571	
1310043985327656967	
1310161006866309121	
1310210079942225928	
1310595127602065414	
1310655514942959616	
1310697038493827072	
1310715917983199232	
1310678164897628161	
1310670279102869507	
1310459222652411904	
1310421473090183168	
1310549825990144000	
1310564920136736772	
1310572470903033858	
1310581276282204160	
1310519625625477120	
1311068783184932864	
1310770390151684097	
1310776310852128773	
1310781344344084481	
1310821609578606592	
1311025454854283264	
1310976379358388224	
1310983928996679684	
1310991478748057602	
1310753662059319297	
1310731016168828928	
1311135989751046147	
1311128632622870528	
1311163864608903168	
1311233070679416832	
1311115409517621249	
1311116049874653184	
1311116262949429250	
1311312345872961540	
1311118094690070529	
1311402942092775430	
1311424102322892804	
1311410494448771072	
1311633207192776704	
1311557709842407425	
1311606790300282881	
1311621885101301760	
1311754003101806592	
1311750228224204801	
1311727581457080320	
1312137782123323392	
1311998150798970881	
1311961622429208576	
1311950296516423680	
1312015229371461632	
1312069593402408960	
1312063543563317248	
1312059776864485376	
1312052218657296385	
1311848800403763200	
1311833276538068994	
1311828304467460097	
1311819193797488641	
1311836109530427392	
1311901223243538433	
1312131321213317120	
1312175530729377793	
1312171499013373954	
1312167489531342848	
1312145331669405696	
1312141200468504576	
1312135267772518401	
1312094556716822528	
1311923876033519618	
1312097516893151233	
1312160431293652992	
1312112618048499713	
1311893675119710208	
1311894639910309888	
1312128780559740928	
1312114877192839168	
1312527856698785793	
1312515225233420288	
1312509107211915264	
1312505202919043072	
1312220829103476736	
1312215796010160134	
1312192517983543298	
1312187604041830402	
1312180566251446273	
1312388182068006912	
1312225395828289538	
1312432222125735936	
1312417122614640645	
1312301364345810945	
1312472487549038592	
1312278711186710529	
1312293810685190146	
1312256062909812737	
1312250123158728705	
1312339109558460419	
1312772704626528256	
1312667879897288710	
1312675072264622081	
1312693950164037633	
1312761896358027264	
1312588250117275650	
1312616956919513093	
1312899438784983041	
1313026140764684288	
1313041243237122048	
1313169580882374656	
1312964268489310209	
1312958187746652160	
1312907228249296902	
1313075209075712001	
1313150706702925824	
1313145245492805638	
1313048785048596480	
1313223915859259392	
1313247594966065155	
1313233753976774656	
1313222429028814849	
1313218654167805955	
1313248927806873602	
1313262694242295810	
1313177135641579525	
1313184680846389248	
1313097858543955969	
1313142619778801667	
1313128057784467457	
1313116733612470273	
1313109183445692416	
1313101636047269889	
1313581042247315457	
1313313635922579463	
1313318059181060101	
1313307992771584000	
1313313027761078273	
1313452696419139587	
1313464021299888128	
1313353291271753728	
1313358326571372544	
1313399848096477185	
1313272760618033157	
1313501770799251456	
1313596141632536576	
1313629496336097280	
1313569721929719809	
1313601577601687557	
1313539523037458437	
1313516871593811969	
1313555629559222277	
1313565942648115205	
1313543293683331074	
1313950979646054400	
1313947208849321984	
1313934949171552266	
1313985758487871491	
1313973629260947458	
1313717554981015552	
1313720714013241344	
1313700579630215168	
1313901909586001920	
1313665347522686977	
1313698480179871745	
1313678102044839938	
1313630115197267969	
1313867932800151553	
1313766014748778497	
1313890217003307009	
1313796210294226953	
1313799984853131264	
1313807534344466435	
1313826411157876736	
1313879257395810305	
1314098200224190465	
1314192571707486208	
1314181246944120832	
1314057934297391105	
1314271844959047680	
1314309594655662080	
1314279398208679938	
1314324692002508801	
1314347341453963265	
1314249198775271433	
1314011377560891394	
1314025956659601408	
1314021130911571973	
1314015152430354434	
1314037806868492288	
1314415383160422401	
1314504016936742912	
1314615357462773766	
1314566286903566338	
1314494561935220738	
1314445492185571328	
1314490791381917698	
1314604035329019904	
1314539860036788224	
1314687082644664320	
1314653106207162373	
1314381315500724224	
1314392640083955712	
1314395156385280000	
1314410256085078017	
1315057017547968512	
1315041918070394882	
1315019268723884032	
1314898472974204933	
