1256308659761659906	
1256017995111051264	
1256044418609541120	
1256048193243983873	
1256376607435943936	
1256403031983132673	
1256705023565877249	
1256708798095536128	
1256720413259956224	
1256727188612755456	
1256387932103024640	
1256504149933424640	
1256508727915659264	
1256513761210499073	
1256387849676623875	
1256519448577572864	
1256523829565812738	
1256493630610706438	
1256614426117132289	
1256484751948632065	
1256470979154333696	
1256478530344550402	
1256614941227995137	
1256599329713733635	
1256689924289359872	
1256697473336176640	
1256565103450820610	
1256738733702987777	
1256757869883674626	
1256765419328729090	
1256772969197531138	
1256780519003414528	
1256805180982648834	
1256803168345866240	
1256896281844215810	
1256906347955621889	
1257093946192416773	
1256931515583401986	
1256946615673331715	
1256956679700099073	
1256961715360731138	
1256971779488329733	
1256976815286939648	
1256984362416926721	
1256991912021630976	
1257022113187196928	
1257025885640650752	
1257067410802331653	
1257085607089704960	
1256876149088505864	
1257082511571644416	
1256850983067561986	
1256833366994882561	
1256825817348231168	
1256849991831879681	
1256916417657499648	
1257208337923543042	
1257377074827927555	
1257392049290125312	
1257399598919761920	
1257414698217046016	
1257429808083955713	
1257430930580475906	
1257441247561744384	
1257358075230662659	
1257223437392609282	
1257233504900837376	
1257258669613428736	
1257273769283866624	
1257278802691936258	
1257298935099473921	
1257314034543505414	
1257329134272786432	
1257354302026330113	
1257361850444009473	
1257248603200016384	
1257097609501487104	
1257112708089962496	
1257120257484845057	
1257127807404199936	
1257180655785406464	
1257142906973900801	
1257158007252635648	
1257203306427846662	
1257746887723155462	
1257459998780604416	
1257558143204089856	
1257590858502877191	
1257575758869827585	
1257570725788971008	
1257550593540812801	
1257544097528676359	
1257605958127271937	
1257520394841600001	
1257482646340370436	
1257580793414615040	
1257463771217506304	
1257616877368545280	
1257475097494867968	
1257807287416172548	
1257777086774870016	
1257765761025744899	
1257501519777353730	
1257497745314787329	
1257496946144665600	
1257651256396591104	
1257656289716400130	
1257661322839416834	
1257641193288040448	
1257636156948299777	
1257731791860817924	
1257621057659301888	
1257686331083407362	
1257676422400716803	
1257681455783612417	
1257724238858842112	
1257720462848724994	
1257712912740712451	
1257628607431667712	
1257709138194432003	
1257871457352368132	
1258158347750199298	
1258177221958631424	
1257845033186635776	
1258028744071143424	
1257837484383313920	
1257833150933237760	
1258165897610424320	
1258071527297175555	
1258094176891265025	
1258082850357817344	
1258075300652437505	
1258063982289539073	
1258053909857234944	
1258048877644652545	
1258043843380985858	
1258147024735735808	
1258154572855590913	
1258131924511571969	
1258010299367665667	
1258003580939886594	
1257993511967883264	
1257982704672481282	
1257968345829330946	
1257933113713459205	
1257918014202101766	
1257912981641293824	
1257909206155276289	
1257905431151882241	
1257897881714831364	
1258033781786570753	
1258109274380734465	
1258101726017708032	
1258120599089618950	
1258456563720884225	
1258464112524181504	
1258422589862469633	
1258516964533850113	
1258415039360331778	
1258418814221336577	
1258498086495834114	
1258528285564129281	
1258539611007135747	
1258407489445322752	
1258184774113325058	
1258343317705719809	
1258392390622048256	
1258199873272213506	
1258192322786988034	
1258403714580115462	
1258396165814595584	
1258313117555134469	
1258347091606278144	
1258365969363238918	
1258358416684150784	
1258388615048114176	
1258305570655948800	
1258293073815261185	
1258237620024377347	
1258244079185428483	
1258245170555838466	
1258222824814252033	
1258596233062432768	
1258547159693094915	
1258762327903465480	
1258846633372114949	
1258811403097591809	
1258803855887720448	
1258607558501138434	
1258584908693417984	
1258569809010270209	
1258562892854673409	
1258558484301467653	
1258689951115476992	
1258684301572476930	
1258678210339930112	
1258660406781935616	
1258656631115710465	
1258637758123241473	
1258800076526202880	
1258866765846794246	
1258871800034820099	
1258886899357356034	
1258853059670749185	
1259056268171493376	
1259181339657424896	
1259231773495627776	
1259221603713298432	
1258969946748583937	
1259069840813371395	
1259171272287633408	
1259166243333931013	
1259115907386798082	
1259151143697080322	
1258917097255698432	
1258914236396449792	
1258943521484144641	
1259419094530621440	
1259353476359913474	
1259332333447966720	
1259414230912118785	
1259543925557268488	
1259542987291361280	
1259463195812605954	
1259446970038530049	
1259422932868177921	
1259624069122711554	
1259619224810594309	
1259438033142775808	
1259357499188273158	
1259477377173852162	
1259608308987674625	
1259604125605560320	
1259932538421817345	
1259924422951133184	
1259921215461797888	
1259943863659171841	
1259947637999980545	
1259970287212298245	
1259894790461808640	
1259887240227909632	
1259853268450111488	
1259845717742542850	
1259841818818228224	
1259740022166568960	
1259833346454061058	
1259811742542188544	
1259804795596136449	
1259770219154702337	
1259828739690692609	
1259750086227095556	
1259962737527910400	
1259674116044525569	
1259974062987567104	
1259906116500086784	
1260213137573322753	
1260148453604278272	
1260074277560295429	
1260067725885538309	
1260156173191450625	
1260164830318731264	
1260172387519209476	
1260257177521893376	
1260203071210020864	
1260193009272045569	
1260186044693196800	
1260179914923401216	
1260107440810455041	
1260114752912621568	
1260060884027822081	
1260127573427847168	
1260053334360297472	
1260117509081985026	
1260329742429032448	
1260325125527928832	
1260314999198830596	
1260283602002206721	
1260310025840529408	
1260276052225556481	
1260345836787191809	
1260344732905082885	
1260268506324643841	
1260132607666388995	
1260344000969617421	
1260264727550320640	
1260030985736867840	
1259996714116673536	
1260013058216189952	
1260011811828613121	
1260006777438928897	
1260001744374968324	
1260653539161853958	
1260574266786869248	
1260572253755977742	
1260566717287129095	
1260544068184137728	
1260585593643270144	
1260591128237142018	
1260615794666463235	
1260608243312672770	
1260596916930310145	
1260593141393940480	
1260718970467999744	
1260645990727430144	
1260382733777412099	
1260359100891688960	
1260528968480030720	
1260695063035772928	
1260679963415506944	
1260671155523866624	
1260661089714475018	
1260521419089145862	
1260459762577268737	
1260371522172137472	
1260464796597538816	
1260469828692750337	
1260479897471840256	
1260489961322643456	
1260494998656577536	
1260498769457623050	
1260419498735263750	
1260396848012914688	
1260423271901573120	
1260438371345862656	
1260442146705899521	
1260837249807155205	
1260796985864597504	
1260925331306885120	
1260932882538786818	
1260944204928290816	
1260947984809934850	
1260959304074625027	
1260966853737877504	
1260970629974630400	
1260801247696883717	
1260822150585348096	
1260842229968637952	
1260847315990052864	
1260857382545977349	
1260751687184027650	
1260747911190609922	
1260724003565703168	
1260729037250375680	
1260731553170092032	
1260731698133770240	
1260736587907792897	
1260852349263679488	
1260774335855411201	
1260863941653286913	
1260876257119485956	
1260880031951265792	
1260891356496568322	
1260902683935936515	
1261076326179577858	
1261073808691286018	
1261071292071059457	
1261068775195058177	
1261053677118164992	
1261046127077609472	
1261023478662270978	
1261012152787361792	
1261008378018648069	
1260764912206385155	
1260906456091590656	
1261403480884838401	
1261209704237162496	
1261204673475874823	
1261192006883254272	
1261150447332712448	
1261405997739933696	
1261219772991025152	
1261287720086716418	
1261283943791210497	
1261280174353481729	
1261265071814008833	
1261261293878575106	
1261257520577798145	
1261416066216890369	
1261436196431056901	
1261086954944434178	
1261385865336586240	
1261370766949564416	
1261363216048812033	
1261359440940290050	
1261351890807226368	
1261431165837283331	
1261348117762449412	
1261336791484956672	
1261325470760493057	
1261321692225269760	
1261389639660658689	
1261308354145722372	
1261438712891805697	
1261340567239155713	
1261253744072839170	
1261234873387401216	
1261083875712909312	
1261092908628873219	
1261095199721377792	
1261106524069519362	
1261110299005825027	
1261140501853601795	
1261132948092444673	
1261117846748356608	
1261114073904807936	
1261484011706253317	
1261476463842258944	
1261473086945341445	
1261463878900371459	
1261448536345817088	
1261454538025902081	
1261702957873025029	
1261641771701977088	
1261657657770831873	
1261647589411221505	
1261564158937628672	
1261627457741996033	
1261682821695000577	
1261687859934830594	
1261597257553506304	
1261602290710056961	
1261607323962707968	
1261617390518845441	
1261637523140276224	
1261718058730582023	
1261642557924114433	
1261763355427115009	
1261778452778307584	
1261551958986559493	
1261536859605221376	
1261748255290871808	
1261940959949930497	
1261914347154165761	
1261906797121732609	
1262022049805012992	
1261899248259354624	
1262103091291099138	
1261947062670831617	
1262072891488657408	
1262037043841912834	
1262057792149483520	
1261997394209669121	
1262012495440441345	
1261853950707486723	
1261845216820150274	
1261825246040076288	
1261823751747973132	
1262378656837652480	
1262461704014712832	
1262457928784785409	
1262435279719276544	
1262442829558808579	
1262467995244400640	
1262427733910589440	
1262420180552032261	
1262405949349924866	
1262171039389429762	
1262186138254495744	
1262193688349827072	
1262484963179585554	
1262490778523369479	
1262505743820951552	
1262483094839451649	
1262513293714849793	
1262529651718541313	
1262512838058356740	
1262412632872693761	
1262327067103752192	
1262367335836499970	
1262488128557912069	
1262359782700261379	
1262231436783845382	
1262363556948750336	
1262274218198065152	
1262283052337827840	
1262300642422358018	
1262306935262625792	
1262311966992990208	
1262317525490114562	
1262330215214321664	
1262348457488113664	
1262790118915465218	
1262810250614198272	
1262815283346960384	
1262786342901002242	
1262778793556467712	
1262590049281024001	
1262885747864014849	
1262737271507296256	
1262556075880067072	
1262654224212660225	
1262661772508491776	
1262665546845220864	
1262775019207299073	
1262699523694084096	
1262729725136506884	
1262624023839719424	
1262552300700209152	
1262563625220206592	
1262593825530236928	
1262608925347610624	
1262571175659450369	
1262684421452451843	
1262744823229935616	
1262835417898004482	
1263069460325453825	
1262990186213859328	
1262931046514872321	
1262976344692011008	
1263056875463024645	
1263051842365222912	
1263046809934606340	
1263016612795256832	
1263006544003645442	
1263001512617353222	
1263102930367864836	
1263092109000794113	
1263228004840456193	
1263212903705964544	
1263202837317611520	
1263190254879571968	
1263177671753773057	
1263143834059509761	
1263250653112971266	
1263172638467330049	
1263175156064608256	
1263358865258819584	
1263348800447320066	
1263352170289692673	
1263278334697287681	
1263484698917048321	
1263582841381756929	
1263585358018576390	
1263586592729391107	
1263590395209900038	
1263595424180572160	
1263570258377523200	
1263504714358042624	
1263524959764262913	
1263537543515115521	
1263273303743049728	
1263269520581459973	
1263565225426649088	
1263479661197053952	
1263303502593433600	
1263288877034409985	
1263298467453005825	
1263449298110423041	
1263371448728473601	
1263398967070654464	
1263419263429292035	
1263447252372279298	
1263454837343215616	
1263459528697233410	
1263469598680047616	
1263363898947796992	
1263288401572384768	
1263439399729192965	
1263869731775209478	
1263655822153756673	
1263837016132902913	
1263731319604822016	
1263696088944558086	
1263620590558216193	
1263888606025920517	
1263626403175636993	
1263670921916583945	
1263675954695675905	
1263682725409689601	
1263801786441388033	
1263811850220830721	
1263899931162509313	
1263915030996811779	
1263645755673198594	
1264186821673725952	
1264057194523365377	
1264174238098952192	
1264133973346680832	
1264093707583713281	
1264088677019291649	
1264089097439793152	
1264047150654160899	
1264050932377157632	
1264032050987667456	
1264235640742436865	
1264035826209415173	
1264229602844688384	
1264219536707842054	
1264214340330291202	
1264209956020068352	
1264209474094428162	
1264290000733999104	
1264254769654366209	
1264016951610732544	
1263994302490914817	
1264340332390445057	
1264009402077507585	
1264427474752077824	
1264440995732762626	
1264446382074724352	
1264456491781799939	
1264476227965870083	
1264405764858236935	
1264466161430859777	
1264496363921907714	
1264521526293954560	
1264345367124094976	
1264511465010032640	
1264350398615375872	
1264365254093537281	
1264587775539662851	
1264581924380704774	
1264566825154744323	
1264541658991001600	
1264551725475733505	
1264622189828923392	
1264642322446389256	
1264632258335576074	
1264662455088820230	
1264670746019803137	
1264602572167528450	
1264536626027528192	
1264654420891045888	
1264710891246845952	
1264707755652284417	
1264715303457456128	
1264760601777025024	
1264819352764809216	
1264906563526877185	
1264851253898731520	
1264798350358065156	
1264790801105645568	
1264926667702706176	
1264783251245133826	
1264964445094023178	
1264953120343261184	
1264949351731748866	
1265028617681039361	
1265005968804454401	
1264990869221806080	
1264983141900574725	
1264979546648064001	
1265032393561341958	
1264971995424280576	
1264968219745382400	
1264960669939494912	
1265127288930283520	
1265092791086039041	
1265085240869105667	
1265251336704016384	
1265259117473681408	
1265266437624479745	
1265273759960911872	
1265283274609393667	
1265292859453964288	
1265236238208053250	
1265226169487626241	
1265185904206831617	
1265281535625687040	
1265357032028340224	
1265319284328271886	
1265349484214509569	
1265422462939828224	
1265417431733895169	
1265414913238974476	
1265392263909142528	
1265379682427400192	
1265296634289827842	
1265542000712933376	
1265598627180711936	
1265572199550894080	
1265575974671917057	
1265587299175280641	
1265591075017801728	
1265689221508984832	
1265685445922308097	
1265677896087146503	
1265659026194354176	
1265651126310973440	
1265726969347403776	
1265719419713585153	
1265513059881230336	
1265789883886579715	
1265681670943895553	
1265708095222673409	
1265783483898761218	
1265774784329072640	
1265613723667968000	
1265625047701438464	
1265625946280910852	
1265606173228781568	
1265784850914705409	
1265446100640698371	
1265437562400890880	
1265497960370094081	
1266127108323057667	
1266112006450548748	
1265830149301231619	
1266040284271398912	
1266085582326784000	
1266076019447836673	
1266028960246194176	
1265961011518955522	
1265964786342416384	
1265968986673623042	
1265998761399996416	
1266002535355043840	
1266017635105415171	
1266021413397430276	
1266025263198081033	
1266105564859416577	
1265835182445088768	
1265870415806771200	
1266032734398545921	
1265905646702116864	
1265885515519156224	
1265800950415069184	
1266225252796755968	
1266240353000022016	
1266273067665436673	
1266285650845642754	
1266406448470257665	
1266421546882646018	
1266444198246584327	
1266459295610286080	
1266466845340532736	
1266353604128104450	
1266361149575979008	
1266398898509225985	
1266756242581737472	
1266829233625501696	
1266765059621105666	
1266731087012773889	
1266580504482123778	
1266595191554785280	
1266630422508662784	
1266693337928527873	
1266722714234105860	
1266549893394554886	
1266529323164610560	
1266521103201112064	
1267214270888017921	
1266965128328724485	
1266979270280318976	
1267024683112726528	
1267508709921439745	
1267604339914309632	
1267629505595596800	
1267614406105423873	
1267682354622939138	
1267957919682682880	
1267897522229567489	
1267907084726620160	
1268303949871886336	
1267980568932671488	
1268094370911223808	
1268067391616905218	
1268215869676675075	
1268014546083631105	
1268291366938988545	
1268117090378096640	
1268659802013609986	
1268584513778733056	
1268569041486086145	
1268658787986157568	
1268528725995421696	
1268386996877234177	
1268469200378568706	
1268754419736346626	
1268996013655764995	
1268971502411677703	
1269028899188596747	
1268870504561205249	
1269373500378107904	
1269363430919507969	
1269338265108152320	
1269318132515999745	
1269147005487419392	
1269197336561025024	
1269066474196471808	
1269771117331460097	
1269756017719599107	
1269514425884688385	
1269592440106860545	
1269615090204119040	
1269625155648499713	
1269685553579978753	
1269655354545025024	
1269912045920546818	
1269951052847050752	
1270083175918628866	
1270098275928948736	
1270019000634707968	
1270000126862471170	
1270034100154482693	
1269846614639706113	
1270256638474280961	
1270188871528177666	
1270219070462472199	
1270234170430763009	
1270143571476144128	
1270460664193011712	
1270290791521452041	
1270536158427021312	
1270570132184719361	
1270589006414217220	
1270596556664774657	
1270525646402355200	
1270521059859591168	
1270615430646738946	
1270740003019091968	
1270807826353487874	
1270890996583157761	
1271147688231350274	
1271091064703578114	
1271155238205034496	
1270969575149109248	
1271016522102853633	
1270963977254694912	
1270944620403462144	
1271225701845401600	
1271296166144225280	
1271482393422004224	
1271492459751751683	
1271562925266866189	
1271545307822612480	
1271740342992359424	
1271839748064190468	
1271645971127173122	
1271641190073536513	
1271668622163709952	
1271864917155557378	
1271854847638323200	
1271919848424177665	
1271900146100469772	
1272086373063962624	
1272066240488460293	
1272015910551711744	
1272008358933827584	
1271963061666975744	
1272141738136809475	
1272166909459521543	
1272408496625991680	
1272373468198244354	
1272345362087501825	
1272343064409931777	
1272473926988206081	
1272594722838712325	
1272670220298194945	
1272572073613963266	
1272559492513792000	
1272555716226813952	
1272672737509519360	
1272677770053562375	
1272579623336005635	
1272699160936972289	
1272754195779723264	
1272763334316756998	
1272848897669357568	
1272744459260833793	
1273037641361928192	
1272964660338155520	
1272974727364083712	
1273033718748323842	
1272921878395568130	
1273106847134887938	
1273055257422188544	
1273060290532261888	
1273065325320220672	
1273178570978807808	
1273212543725563904	
1273165797427417088	
1273220093460140037	
1273246517541781505	
1273384929934508033	
1273118173752107011	
1273397512599212033	
1273704535626842117	
1273457911587418113	
1273666787100332032	
1273742284253810693	
1273753264903897093	
1273495661560938502	
1273562009209012232	
1273597580753039361	
1273569476122939392	
1273578707660107779	
1273420162570620928	
1273982618044899329	
1274058115437101057	
1273930970618630151	
1274351297312014339	
1274326135887679488	
1274210368659701761	
1274780398686547969	
1274834481040384000	
1274557656905256961	
1274537526284259328	
1274963584431165440	
1274940177471823875	
1274884813850152962	
1275194352520753153	
1275077331242156032	
1275126408574976001	
1275572909243858945	
1275500117475446784	
1275515216579588098	
1275428782183235584	
1275288112059559938	
1275388129285771267	
1275832306557767680	
1275827611009265664	
1275802107447296006	
1275873829923913728	
1275888930508943361	
1275906545277075456	
1275851184708947969	
1275598263840899072	
1276153174370529282	
1276119196754014210	
1276183376450351104	
1276228672056225792	
1276002176125599744	
1275990512726609920	
1276096547160240128	
1276202243692220417	
1276598606657511424	
1276606160116858885	
1276440060653637632	
1276538207786729476	
1276647678596861955	
1276657968495431681	
1276319267168944128	
1276573439650697217	
1276798206060294144	
1276811474472665088	
1276792382193876994	
1276817553285738496	
1276830005197185024	
1276847747405152258	
1276737017376899074	
1276684739181793281	
1276730432512458752	
1276857813424377856	
1276963509771710466	
1276923244365279235	
1277275566043881472	
1277346030808227841	
1277349564383670272	
1277182512280854529	
1277089339407810561	
1277376229491060736	
1277149737729155074	
1277368680574324736	
1277371196133302274	
1277522632544604160	
1277528136670986244	
1277591663192530944	
1277598946723074049	
1277446693475229697	
1277712193035702273	
1277681994013405184	
1277685770526920704	
1277592098959753217	
1277625371647713282	
1277976434766536704	
1277844316862377984	
1277934915829424130	
1278058223145082881	
1278053190186029058	
1278050673398026241	
1278040608209170432	
1278020474379939840	
1278257033305874432	
1278221801470849025	
1278134019323035654	
1278440745221984256	
1278443821886554115	
1278348133404041216	
1278835847077322753	
1278825780651450371	
1278609354803916800	
1278604321442222080	
1278693660213706753	
1278671011429277697	
1278483525830946816	
1279173069786034178	
1279112672366047232	
1278946579492352002	
1278956643120820225	
1278961676419829760	
1278966709441847296	
1278986842105196545	
1279012007946137603	
1278951610006171648	
1279334590721806336	
1279238500395544577	
1279341394260361221	
1279419694298984448	
1279364845989761026	
