1215118296489611270	
1215841379013857280	
1217502396424822789	
1217857797305655296	
1218469650176118784	
1218400411880689664	
1219004100601401344	
1219475515867910144	
1219660928679141379	
1220113913372561408	
1219872321332301826	
1219803071666171904	
1219809382030028800	
1220183622906523650	
1220352031283609601	
1220351275268739074	
1220340405818077184	
1220319169935220737	
1220365572166184961	
1220264908471717891	
1220420941219450881	
1220415903365398529	
1220400803812446208	
1220383584030199808	
1220471268048351232	
1220853788648460288	
1220621238709649408	
1220626534291124224	
1220680405138976774	
1220521599813570560	
1220707828823801859	
1220730476303962112	
1220847511507734529	
1220771999867228161	
1220821762264444929	
1220843727243091969	
1220848755844382720	
1220566898305224705	
1220551798798213121	
1220818556427870208	
1221080281404149760	
1221095380583993346	
1221065181700206594	
1221160813135679488	
1221029949424967681	
1221105446997590018	
1221207863634296833	
1221110480003006467	
1221216176400789504	
1221216505569914880	
1220960903098748928	
1220939352642973697	
1220897706169847815	
1220970030403346432	
1221543332460916737	
1221568498016620547	
1221487967455170563	
1221577154502283266	
1221394853717823488	
1221285990335242240	
1221397370451025921	
1221348943193432069	
1221338947261009920	
1221335045891416064	
1221407930920198145	
1221435119459807232	
1221407436793245696	
1221622668547497984	
1221603730258321408	
1221651474188513280	
1221872249646379010	
1221910753361350656	
1221913967049822208	
1221933823635722240	
1221684260681211905	
1221701917597978625	
1221716140315029505	
1221821414556217346	
1221836514038030337	
1221787440748355584	
1221769824608641026	
1221802541568184325	
1222177510970077184	
1222289499029307392	
1222182544197681153	
1222163669938659334	
1222161600427319298	
1222232877963862029	
1222240425722834944	
1222235392583389190	
1222051683632467973	
1222017074828136449	
1221993851352702976	
1222107046729998343	
1222127180726984704	
1222152345254916096	
1222149830702592000	
1222323472703139840	
1222449302129332225	
1222454335084224512	
1222514733049401344	
1222444303580049408	
1222368771928514560	
1222383034571292672	
1222666986301186049	
1222651887058440192	
1222648111824363523	
1222602813567619080	
1222552481671966721	
1222557517294686208	
1222975485858275331	
1222970691496136704	
1222959332431728640	
1222962485218758658	
1222965202142007299	
1222932486000300033	
1222856724157206529	
1222862021957279745	
1222880162070646786	
1222887187345051648	
1222892220618948615	
1222902287280099328	
1222851956680613888	
1222796590332682240	
1222815129894555648	
1222839152619794433	
1223002449386123264	
1222797809927303168	
1223199246607843332	
1223226009065000960	
1223269707672776706	
1223195830095634432	
1223380440599486464	
1223143878724898819	
1223128779142389760	
1223116776369606657	
1223372887958028290	
1223223925318017025	
1223158977950777347	
1223292356927066112	
1223048250325778437	
1223321683429330945	
1223302423323656192	
1223380594605854720	
1223077486508085248	
1223325072892428288	
1223214343803805696	
1223085997178675200	
1223591830715031557	
1223429510735024129	
1223418185971568640	
1223410723805704192	
1223401436358356992	
1223399311746224135	
1223481123998748672	
1223586797118058497	
1223526917854433281	
1223699385407672320	
1223700396302118912	
1223720175817510912	
1223667449112952832	
1223657261349761026	
1223717659444940800	
1223732758737903616	
1223723117622808576	
1223722692513189888	
1224115279212363776	
1224064947908378624	
1224044815790178304	
1223783090427809792	
1223823355784171521	
1223924019889606657	
1223903886425174016	
1223876225447481345	
1223878721834299394	
1223871772484939777	
1223979383926312963	
1223949184803278852	
1223848522824503296	
1223838458256343040	
1223773025704775681	
1223793156988264449	
1223807595552657408	
1223812449226383360	
1223813289492336640	
1223814726758604800	
1223757925212131339	
1224054881406935042	
1224049848095129600	
1224004550199332864	
1224344288521121794	
1224351838440321025	
1224356871429074944	
1224359388049104896	
1224446713181675520	
1224439163732119555	
1224445738253344771	
1224429858056548352	
1224326562612436992	
1224460943767240707	
1224382037437534209	
1224120313908211712	
1224145478230495233	
1224195810880974849	
1224226009156857856	
1224210909695922176	
1224205876396994561	
1224190776701325312	
1224231041994330113	
1224293956843905028	
1224279570351902720	
1224246997332516864	
1224261241176236032	
1224124309817503744	
1224477667178598400	
1224716744478068737	
1224823603113447424	
1224811114602647552	
1224786452040634368	
1224837734034038785	
1224549215096971264	
1224608529463463936	
1224613815410708480	
1224678997700661248	
1224675668472074242	
1224655334356275201	
1224618595734474752	
1224699126677430278	
1224517932677390336	
1224527998801461249	
1224553164814409728	
1224538065491910656	
1224507866163212289	
1224502833225043969	
1224600387992391681	
1225202443589431296	
1225184009170358273	
1225177278021283840	
1224894631185408003	
1224935685129416709	
1224950786536476673	
1224960850978430977	
1224998599831904257	
1225031315382099969	
1224875287114133505	
1224928148392960001	
1224935249265688577	
1224885353602932738	
1225459134465593344	
1225456619900850178	
1225543439858585600	
1225546779330072577	
1225262840900136960	
1225237674996355072	
1225212027649626112	
1225293039779876864	
1225851721261424642	
1225836621909487616	
1225816489459998721	
1225894503124365314	
1225891986751860736	
1225603837941018624	
1225781260477501440	
1225585759127822337	
1225909409563410432	
1225644814080724994	
1225771190892941312	
1225680593792487424	
1225970000780881920	
1225977586309791746	
1226044653419552768	
1225942318269784064	
1226073180411842560	
1226063530329300993	
1226034597613506560	
1226009687012913152	
1225947353154232321	
1226083249845239809	
1226283797580275712	
1226183910071132162	
1226098346223235074	
1226334905094823936	
1226385236549754883	
1226365104020549632	
1226423733604233216	
1226440601500966912	
1226634469047754754	
1226636894819229697	
1226596632101359617	
1226581533013598208	
1226495966502473728	
1227016483995291648	
1226826896983244800	
1226849546098991106	
1226707359210192897	
1226787889721356288	
1226767757187801089	
1226802989622595584	
1226974118299545601	
1226928819115679746	
1226657029554671617	
1227313855899955202	
1227376770204106758	
1227336507280764928	
1227346571366260736	
1227223260124680192	
1227238359757664259	
1227249682746728449	
1227145244594114560	
1227185510738780161	
1227140946120323072	
1227110012302036993	
1227388129688145922	
1227588163016593409	
1227598229627211778	
1227442201157758976	
1227414518789070848	
1227668696732225536	
1227437167967817728	
1227663660471873536	
1227502600372785152	
1227681276800503809	
1227713995101986816	
1227703926092369921	
1227698895150432256	
1227547897765519361	
1227568030676217857	
1228071347005394945	
1228096512883904525	
1227885119878373379	
1227938302570967045	
1227940487685758976	
1227749224348995584	
1228363270823669763	
1228373336939474954	
1228131744982929424	
1228333075190337537	
1228267640361144320	
1228398502692057089	
1228297839513669633	
1228390295710183424	
1228622173637632001	
1228683037547941895	
1228685393119371264	
1228509232258924545	
1229113211871326208	
1229017581903732737	
1229062475695427585	
1229186193184698369	
1229178645643550720	
1229148444213694464	
1229118247884161025	
1229088046814986245	
1228977316455280640	
1228962751537647616	
1229498249087717376	
1229513348850561024	
1229525932874043398	
1229284339499880448	
1229319571758141440	
1229349770885554176	
1229223942411280390	
1229899412568145926	
1229669223196233731	
1229661262168166401	
1229826482249379846	
1229858123315154946	
1229963817762750465	
1230025295169671168	
1230152560524136450	
1230043592946786307	
1230083686441406470	
1230095937525231617	
1230119844982296576	
1230558760403259399	
1230581808259117057	
1230585567135531008	
1230606051474628617	
1230391635785043968	
1230396668878741504	
1230432903097724934	
1230469763849228288	
1230330978507395072	
1230789255888195584	
1230658393909522434	
1230748992239284224	
1230760315282956289	
1230765097003429888	
1230942767410372615	
1230935217864617986	
1230925151669227520	
1230969621265756164	
1230834554321002498	
1230839589771894786	
1231004007923159040	
1231327323842019329	
1231073629632221184	
1231028331308515331	
1231126478332424192	
1231413418067886080	
1231579465425117185	
1231559084035407872	
1231541715028197377	
1231526614992711682	
1231687539964207104	
1231662509871943680	
1231658735178616833	
1231649834836295691	
1231379074347606018	
1231473767630692355	
1232060787625254912	
1231964501622317056	
1231941853890695169	
1232036685816438785	
1232013493500600322	
1232048773234331648	
1232044453227061249	
1232002249347473410	
1231753107064799234	
1231783305864867840	
1231889002569048066	
1232190992456962050	
1232232137044189184	
1232096509639958528	
1232270662733090816	
1232404146889928707	
1232417485325885441	
1232432586401644544	
1232385915764473856	
1232334442892410880	
1232341988818792448	
1232353311874928641	
1232760998542618626	
1232812921610260480	
1232807774008020994	
1232807262319783936	
1232681730848501761	
1232643979025321986	
1232700600770551809	
1232725000228147200	
1232606229186236417	
1232738349040857088	
1232734575815561216	
1232727024340475906	
1232581215384985601	
1232569824297000960	
1232500533157486596	
1232477882573676544	
1232470334592430081	
1232469065886617600	
1232603606248980480	
1232613779281567745	
1232651531578675200	
1232545830298693632	
1233091434741403649	
1233107409159249920	
1232861213589229569	
1232841848986767360	
1232948483436445696	
1233055771446972417	
1232928350932332545	
1233051665026207744	
1233152327084838912	
1233006931331231744	
1233044117715709952	
1233035791766560777	
1233534848242831360	
1233500873470271489	
1233542354545598465	
1233399796712583169	
1233485773833302016	
1233463125229395970	
1233459349827309569	
1233421601556910081	
1233422737315713024	
1233338633215791105	
1233406507083014144	
1233187558793924608	
1233202659190071297	
1233259117797691398	
1233403384633446400	
1233432104555421697	
1233813662009348096	
1233821737579450369	
1233815031587930112	
1233869818455109632	
1233889685425930240	
1233874586258698240	
1233855711563669505	
1233855057524908032	
1233571356937277440	
1233678293355782144	
1233582889125777410	
1233640543575392256	
1233620018228793344	
1234185916211703811	
1234151236615770112	
1233980283109568512	
1234000415102046213	
1234018031459717120	
1233942533501341698	
1234141343628320768	
1234429887513010178	
1234511300560113665	
1234405632687706112	
1234584264697577474	
1234610686304669696	
1234576657643704320	
1234567904479318019	
1234599363697049603	
1234542738839830528	
1234525231210954752	
1234531414420312064	
1234550288712753152	
1234471016170229760	
1234469752929693696	
1234890026980343809	
1234637473164206080	
1234637111048851457	
1234682409062297601	
1234961752615505922	
1234818305912954881	
1234861952037462021	
1234867377763827712	
1234705059151261696	
1234697508292399104	
1234795657887649792	
1234882477153345536	
1234946651678281731	
1234905127225524225	
1234901353119399936	
1234723932462174208	
1234652211176603648	
1234991948403863553	
1235032213881638912	
1235293183510183937	
1235339240621240320	
1235145327830798336	
1235113067811352577	
1235195791712583686	
1235164639354376192	
1235042280224043009	
1235296134635147264	
1235335462606139392	
1235253722550284289	
1235258117790797825	
1235259964626788354	
1235267514289909760	
1235052348206206976	
1235034730329829376	
1235429834878148608	
1235406740893638656	
1235380081436045313	
1235369437361885184	
1235364642177900545	
1235452483486408704	
1235543081518325760	
1235541750170648577	
1235505334690680832	
1235660267306041344	
1235475132904132609	
1235702218587656193	
1235623647752134659	
1235603478086594560	
1235943222716710913	
1236064014372876289	
1236064496856293378	
1235920567334813696	
1235928122186440705	
1236055842774044672	
1235752275546640387	
1235877187938652160	
1235781048782532608	
1236144996409016320	
1236433950446194688	
1236355264024064001	
1236265143899688960	
1236350725866864646	
1236254580251545603	
1236282955938455552	
1236294868781187072	
1236306889727713280	
1236313154931417089	
1236328253947666439	
1236354160804663299	
1236275409366351873	
1236283402350989312	
1236229050185719809	
1236116860963131392	
1236086662544805888	
1236085118067970049	
1236645345121243141	
1236622694889766912	
1236615144043675649	
1236607597907599361	
1236592496651776000	
1236564422686113794	
1236501897860743168	
1236698095943024640	
1236698191287840769	
1236783124882874369	
1236751040487337984	
1236747264715976704	
1236732165460762636	
1236722099370287106	
1236720841586434049	
1236708901812350978	
1236704879189655553	
1236701966190796800	
1236465431977824257	
1236758592386031616	
1236495644707127297	
1237120978666139648	
1237146552453541888	
1237073562579722242	
1237071588232757249	
1237150060678389761	
1237037931845607424	
1237065612439912455	
1237039475278131201	
1237151176732205057	
1237098328967360519	
1237078348330938368	
1237090781858385929	
1237074424731447296	
1236886935097864192	
1236909585706782720	
1236954882713608195	
1236961042611273728	
1236811437395177472	
1236813545569951744	
1236826537195753472	
1236841637130665984	
1236985083115929600	
1236992631458025479	
1236977533414854657	
1237207935626940417	
1237435549977362433	
1237362568970170368	
1237417934068371457	
1237428459967782915	
1237460716853968896	
1237465749125345281	
1237521114022260737	
1237513564853686272	
1237511753774350336	
1237498465405423617	
1237473298906316800	
1237470782218842112	
1237332371357102082	
1237328660249686021	
1237287073045983239	
1237275117488652289	
1237240962763706369	
1237238503265783808	
1237335512383459331	
1237347473330524162	
1237400318239014913	
1237392768462446592	
1237385219155603456	
1237377670435852291	
1237373893943234565	
1237883501611008000	
1237868402095644672	
1237866147225067520	
1237850494871035907	
1237848605601349632	
1237845754238177280	
1237843236598607877	
1237838222421565441	
1237792906259378176	
1237770260968804353	
1237777806521774080	
1237772772018802689	
1237795421805850624	
1237780021298843649	
1237830657784655872	
1237825620475871233	
1237820587403350020	
1237811779192971264	
1237810521199513602	
1237610641998753792	
1237611050934996997	
1237740060188880896	
1237595305312309248	
1237641909729820672	
1237589062300532736	
1237556133847371776	
1237558863362248704	
1237712213210783745	
1237709862550683650	
1237724958739935232	
1237562510703611906	
1237713046409220096	
1238075559822929920	
1238079796355178496	
1237918814211366913	
1237915543564410880	
1237909081580593153	
1238049597358059521	
1238055907172454400	
1238047835280596992	
1238034496563359745	
1238026949823320064	
1238011912400535552	
1238004297872203777	
1238064695904436226	
1237921250313416704	
1238112510667939840	
1238175425446187009	
1238181946662010880	
1238223242051162115	
1238211855165857792	
1238208143483482112	
1238188008186077184	
1238185851022123013	
1237923606304370691	
1237935489107275778	
1238136869965176832	
1238140193791565824	
1238152776108011520	
1238153710083112960	
1238300072502341638	
1238269995211280384	
1238294348330139648	
1238277937679532032	
1238283392271122433	
1238593177977749515	
1238586885792022529	
1238532780792971265	
1238535296465199104	
1238545362882891776	
1238549109021302787	
1238550396097957888	
1238552912638251008	
1238555429392781318	
1238570532360069122	
1238555924995981312	
1238581853545811970	
1238578078860763137	
1238488747546742785	
1238492727244922880	
1238495031998078976	
1238495952228548608	
1238505097719619588	
1238506375074000898	
1238506828516012032	
1238512647403900934	
1238476269848854529	
1238328937215860736	
1238331166001897473	
1238336533775736833	
1238359183919058945	
1238376949787041792	
1238519652675915776	
1238609761765150720	
1238608277803540485	
1238398913779990528	
1238471674552606721	
1238457282935042048	
1238419536946184193	
1238415463434129409	
1238391678660235267	
1238598832105144325	
1238359332225527809	
1238870281197936640	
1238872518502412288	
1238874118281400320	
1238897684557238272	
1238900252306014216	
1238868144275558401	
1238904202597990401	
1238906492415143936	
1238948015911473157	
1238917819024076800	
1238910267154501632	
1238941506242850816	
1238834770311704578	
1238819670259429384	
1238812123410677762	
1238777963140784133	
1238724648642252801	
1238713418628116481	
1238851119180386307	
1238857420857913346	
1238864968990130176	
1238932917063163910	
1238920319991242757	
1238940466244136960	
1238625698958450688	
1238634701499367426	
1238651637088038912	
1238676844121128960	
1238690771865415681	
1238706423980318720	
1238623377809534976	
1238967150242643968	
1238955565793120256	
1238973818577793025	
1239000982073335809	
1238978216410431488	
1238985764760727553	
1238993315212726272	
1239008413897478144	
1239032279097323527	
1239038613540700160	
1239061262408929280	
1239319858820644865	
1239309277501718534	
1239311577209339914	
1239317954203770881	
1239325504580096000	
1239333053232791555	
1239337073615781890	
1239114112694534147	
1239132984894042114	
1239136759616876545	
1239157440450527238	
1239189610351063045	
1239192054607032320	
1239197158659637249	
1239212257671663619	
1239087243609997312	
1239068355488821249	
1239094908725714944	
1239250007686934528	
1239265106237644802	
1239257555844493314	
1239299259087945728	
1239272655259230208	
1239536897548005377	
1239431201355517953	
1239423650295619585	
1239416100191952905	
1239415199800721408	
1239408550922731521	
1239380166046027776	
1239484047962697728	
1239492216881582081	
1239574560611147777	
1239559545590091776	
1239551998912917505	
1239545979117895682	
1239544445957218304	
1239438750070919169	
1239372050634063872	
1239567098189357056	
1239635043934523399	
1239461400608555009	
1239661467479298054	
1239529346622160896	
1239653917383892996	
1239651520410456066	
1239650143684546560	
1239647773189910531	
1239646367695454214	
1239645689489100800	
1239642593971048450	
1239640263473184768	
1239584208017715201	
1239582195519455234	
1239578419999858689	
1239574646351106049	
1239468948455698432	
1239462200290553857	
1239453849498390528	
1239521798934405120	
1239514248864120832	
1239668271437303823	
1239507163778887680	
1239505291198283776	
1239518022051573760	
1239672792620118019	
1239631268272386049	
1239619944620253184	
1239618225761136640	
1239616856232730627	
1239616168727642112	
1239612468105826304	
1239612395783413760	
1239610207560445955	
1239623316224249856	
1239606508742205441	
1239599307625381894	
1239597294233649152	
1239594777743634433	
1239588537823092740	
1239586081886044160	
1239585969671737350	
1239631099338403846	
1239604843943256065	
1239630583996846085	
1239695441198845952	
1240031404760719360	
1240035180657557505	
1240042029729681409	
1240046504326332416	
1240050030595186703	
1240054054061047809	
1240057300586565633	
1240061603849965570	
1240027630889578499	
1239831821195632642	
1239808687461535744	
1239800588889702400	
1239793588554219520	
1239786038165245954	
1239816236839497730	
1240020082459152384	
1239861536690061313	
1239876635987337216	
1239884186208493585	
1239891734894649344	
1239907225868648448	
1239914386707361794	
1239872736568184834	
1239937032899530752	
1240012530996711424	
1240004981366730753	
1239967233532514311	
1239959684582236160	
1239955907313831938	
1239948357780385792	
1239940808314368000	
1239939817917550592	
1239980581347364865	
1239982331596857345	
1239989884439252993	
1239993656351825920	
1239997213625004032	
1239997431741157377	
1239997657894006784	
1239998848132669446	
1239976721392246784	
1239741218185232384	
1239740739879186433	
1239725640007417856	
1239720173491425286	
1239718091023663104	
1239702992661569538	
1239772684835336193	
1240171074949492737	
1240178625347026946	
1240306972265795584	
1240310696665067520	
1240312003794624512	
1240314521534656512	
1240322071030366208	
1240328539003588610	
1240291873010225156	
1240286838092451841	
1240242994063736833	
1240209820831158273	
1240216375836037120	
1240223923297341442	
1240231474244263936	
1240239023651581954	
1240247171053740032	
1240304454055768064	
1240303715728461826	
1240301937762975744	
1240299421167837185	
1240309487283638275	
1240296904405078018	
1240169293762961411	
1240105132945219586	
1240155975983628288	
1240254124211335168	
1240103127795163136	
1240140876447449089	
1240144245996036096	
1240148426039250944	
1240118060423487488	
1240099637987590146	
1240091802981588999	
1240077148490260480	
1240069318706106368	
1240065381059837952	
1240163525756141568	
1240342202796003328	
1240269325635850240	
1240273393469009925	
1240270032971628546	
1240352271495499776	
1240357302521085952	
1240359359198134276	
1240362335497097218	
1240365315583807489	
1240369885030596610	
1240372401726205959	
1240344719798022145	
1240339686364717058	
1240374918950371336	
1240329620487987205	
1240332136319602688	
1240386243323551745	
1240388119637229570	
1240388560429162497	
1240390018599809024	
1240393183068065792	
