1215001118545252353	
1215155239378202624	
1219750304310349825	
1219822613679300610	
1220051998122397696	
1219892146796482561	
1220413638491746307	
1220347200766525441	
1220270193345212421	
1220707309539688449	
1220741727411195907	
1220590302555181060	
1220674104639905792	
1221069781912162306	
1221041791971024896	
1220995928389312513	
1221448267608875011	
1221959826676375557	
1222257302138499073	
1222238896895012865	
1222126927957225478	
1221947102873444353	
1222597025474072576	
1222544591708217344	
1222388386108973056	
1222414824719749122	
1223012643566428161	
1222680324192251904	
1222821977179725824	
1222776707981234177	
1222925187634561024	
1223264705495683078	
1223304184864350208	
1223329161089048577	
1223174928989671425	
1223180505752985600	
1223201430758133760	
1224033230887772162	
1224014945290985475	
1224332964047335424	
1224374437837000706	
1224262416978141186	
1224202534992142336	
1224814376756088832	
1224537955773100032	
1224579582944272384	
1224658979902631937	
1224648720974798848	
1224561436527075330	
1225017282910466054	
1225057490053758979	
1224939258181570560	
1224902865757659136	
1224856413052252160	
1225162179948605440	
1225299762930503682	
1225255821929566210	
1225489342103203849	
1225348629285756928	
1225376590420467713	
1225475211144900610	
1225864807502503941	
1225758859500769280	
1225857509728178176	
1225649055444783106	
1226151224162082816	
1226196241656287233	
1226143896767361025	
1226129300492963840	
1226461480524054528	
1226476337319120896	
1226846275087273984	
1226821612118237185	
1226785876606218240	
1226746617774002177	
1227103894402150401	
1227287069988442113	
1227233073831366656	
1227359154710482944	
1227475420234207232	
1227443460082470912	
1227651580863762432	
1227499076150685696	
1227529275026395136	
1227555950933901312	
1227709851788349440	
1228045539729645569	
1227854377131630592	
1227830193181593600	
1228064534180528135	
1228245997853253637	
1228303627913170946	
1228166473769635841	
1228151878610894849	
1228422845316902916	
1228332610574782464	
1228368996824690688	
1228624764803145728	
1228706021675237382	
1228738263906734080	
1228474371540385793	
1228500292112723968	
1229032468256370688	
1229280562591997953	
1229383931134447618	
1229352441344352257	
1229432672407244801	
1229677178264027137	
1229557711316160514	
1230000013016735744	
1230749140000202752	
1230860464889921537	
1230868276793794560	
1230910753655468032	
1230945454118113280	
1230730888436015106	
1231042933320822784	
1231211035132035072	
1231227141234147328	
1231711237622452224	
1231615198164729856	
1231585659636285442	
1231518223755022336	
1231596563895590914	
1232086894533644290	
1232017851776741376	
1232042241453121538	
1231995705633509378	
1232379006223294466	
1232318671562969088	
1232294372760309765	
1232273010305961985	
1232120788721029120	
1232108193033093120	
1232233021522292737	
1232711421537898497	
1232816090222354434	
1232669394700029953	
1232644860949258240	
1232610853972783109	
1232904489063022593	
1233009763790839808	
1233109582286852098	
1233166028772958210	
1232868333437046784	
1232913236187545600	
1232961897625989126	
1233445199600324609	
1233427732043849732	
1233326031974608897	
1233202168607526912	
1233283029520592896	
1233299097458794497	
1233792042263814155	
1233655643795578880	
1233813432958377987	
1233738942379384832	
1233548225656885250	
1234242802223132674	
1234157330213806082	
1234176190132424710	
1233959935534342145	
1234319284748288000	
1234286058340306946	
1234542235305181184	
1234336404077006848	
1234576832495783939	
1234583758893875200	
1234462207989121024	
1234546707712675840	
1234986833940905985	
1234917992745635841	
1234635197452300288	
1235203593470263304	
1235194776783392768	
1235252666466369537	
1235124475655589888	
1235012182137589761	
1235062311997468672	
1235099696957468673	
1235385750394466304	
1235413766545735680	
1235564261927202816	
1235605931658022919	
1235555984749322240	
1235536952977432578	
1235824937329254400	
1235833493587812352	
1236032912325296128	
1235978875324203008	
1235901441442799616	
1235995561637154816	
1235919875685703680	
1236089681659310080	
1236152998218182656	
1236338571864199168	
1236315419125956608	
1236271882355142657	
1236304951434977280	
1236246968155770881	
1236673528948240384	
1236704734574047232	
1236610154696716288	
1236581212455686145	
1237093798204694529	
1237062090185031680	
1237040535916986370	
1237117064600526850	
1236902115743870977	
1237189770243010560	
1237414212110073857	
1237406576606052357	
1237379553540087809	
1237361889388175360	
1237334870852079616	
1237334869119840258	
1237329833488719872	
1237315446216540161	
1237300172054507520	
1237259268639854592	
1237259267033444352	
1237259265447989248	
1237259262059057152	
1237259260330901504	
1237259258288377856	
1237259256887468033	
1237240617442234369	
1237514005079396352	
1237259263719997440	
1237779290831405056	
1237773343346081792	
1237782834124898306	
1237801059923484674	
1237792653175111682	
1237815050875867136	
1237838706632830984	
1237890983041175557	
1237702203294523392	
1237694664028950528	
1237716652369707008	
1237687063346065409	
1237747858041794561	
1237687926818922496	
1237667057841340421	
1237625785671966720	
1237540083529437184	
1237676032657932288	
1238156047946309634	
1238140444921348096	
1238128938897027077	
1238110749182083073	
1238084761572311040	
1238069560424742913	
1238063523256770568	
1238057385043861505	
1237982412484882433	
1237967807251390465	
1237952553620344838	
1237935647991554048	
1237927162537283584	
1237913357421699079	
1237909580094427137	
1237992476159467523	
1238229188861218818	
1238215953558548480	
1238201598188359680	
1238194048101306369	
1238183790075314177	
1238437940554018816	
1238423017727897606	
1238414527546490881	
1238384341450883073	
1238381866312437760	
1238358388251267072	
1238362257064628224	
1238456275920400385	
1238350124859998208	
1238341519649591298	
1238307952454336512	
1238373100686901248	
1238294414709030912	
1238480644105216001	
1238301166297063424	
1238287169363390464	
1238281224386490368	
1238490639521718272	
1238467097300099078	
1238261624202551296	
1238255992879620098	
1238270751658008577	
1238276450618200064	
1238525482192097283	
1238533283677437955	
1238548734927085569	
1238557191017246725	
1238564955785396226	
1238581913729859585	
1238589392710746113	
1238604810288369664	
1238509209433579520	
1238861948869128194	
1238876545306984448	
1238619542101692416	
1238698622520344576	
1238690857110265856	
1238675486680571904	
1238656739660058624	
1238648512180441089	
1238710702208098304	
1238639266231660544	
1238788968042422272	
1238847352850407424	
1238825458541694976	
1238810862309314563	
1238781669815062528	
1238773801736982528	
1238719761892212736	
1238632156055781382	
1238832756496297984	
1238946685146902528	
1238953209369997313	
1239006710439739393	
1239020362714607619	
1239012830671597568	
1239052261323493377	
1238982950110330880	
1239339966838321167	
1239333989577404417	
1239220310425178112	
1239306365337661440	
1239211753839497217	
1239206469355966466	
1239196845554970624	
1239183065081090054	
1239175515275251714	
1239159157300723712	
1239152362654138368	
1239143554477207552	
1239137011476451329	
1239113103700365314	
1239377706959044608	
1239616572353806336	
1239634013096116226	
1239667317669335041	
1239675575423266817	
1239691452726181888	
1239699870283378689	
1239597607183237124	
1239584233850576897	
1239588472593186819	
1239468602241277958	
1239504490740494336	
1239552437180080130	
1239560044955545600	
1239572640362307584	
1239423901840453633	
1239431199690354688	
1239438497888509952	
1239353859379609601	
1239347528803307520	
1239796355851149318	
1239736836412420096	
1239760107317219328	
1239819334735876096	
1239837096195563526	
1239847442721406981	
1239787799454396416	
1239988739281223688	
1239966987108769792	
1239958675659374596	
1239948347785580544	
1239914132108787713	
1239988871305129984	
1240002715457028098	
1240020332007829506	
1239872105161859072	
1239890476511014912	
1240027881625079810	
1240336062117023746	
1240358609344749568	
1240284451806076929	
1240221349215379456	
1240236002838564868	
1240243301191544832	
1240250714145914880	
1240258149166145536	
1240265447032807424	
1240273500180492288	
1240345567445876744	
1240295930936594433	
1240148677458616323	
1240155976998633472	
1240139289700315138	
1240314772182237187	
1240417284910452736	
1240410045034053632	
1240390269482102784	
1240365858570088448	
1240125385154625536	
1240117878847873026	
1240185167752421378	
1240177869680189440	
1240325958244188161	
1240080538624356352	
1240536482907148288	
1240529184616783874	
1240514588749291521	
1240484563941392384	
1240731266741415936	
1240722458669285376	
1240714908817375233	
1240579742811729920	
1240587066121093120	
1240608960408727552	
1240616258493530113	
1240507276848435201	
1240660047169867786	
1240692511062003713	
1240707358935994372	
1240558377253474306	
1240438140369661952	
1240444845946056704	
1240462207281958914	
1240667345334546435	
1240677663393513473	
1240745611177140225	
1240762344155668480	
1240772927416459264	
1240783844459941888	
1240968582118375425	
1241149452510883840	
1241110737428381698	
1240989715454668800	
1240970760677724161	
1241082067540115458	
1241071110118158339	
1241062258530234368	
1241025053103456256	
1240976086655209477	
1240845494433107968	
1240909691968000002	
1240916990190964736	
1240942857759985667	
1240949957374251008	
1240964586129494016	
1240902393820110848	
1240887797784797184	
1240793397801013249	
1240818949480050688	
1240832007363596288	
1241504645840691201	
1241163619196211201	
1241187420709756928	
1241199904795398144	
1241223267353907200	
1241315797403873284	
1241173620367314944	
1241338517751509003	
1241482820456873984	
1241413260177321985	
1241360411984723969	
1241353113954631684	
1241375008175218688	
1241212236544147456	
1241661451246407685	
1241844228562403329	
1241861508436393985	
1241876980120707073	
1241578440697864193	
1241529684342353920	
1241783963905134594	
1241770566975193088	
1241764652020838400	
1241720777277399046	
1241708203366326272	
1241696595793641477	
1241683252982812672	
1241667356084109312	
1241593946700046336	
1241783701303934976	
1241636751921369089	
1242226251638554625	
1242198685821341696	
1242189493937098754	
1242178692090081280	
1241920702745178116	
1241952093709033478	
1242170500144664578	
1242163956770164740	
1242122684965826561	
1242114462221586432	
1242104671797477376	
1242084788217024513	
1241937682462208005	
1242068293458018304	
1242055183779213312	
1242023820510277632	
1242015405377556480	
1242003782361382912	
1241993511668498432	
1241979633593192449	
1242260452215685120	
1242362766826115074	
1242420144946794497	
1242412846647930881	
1242405548559077377	
1242398250511949824	
1242376722294718465	
1242318978049081351	
1242317911085084674	
1242311805638045696	
1242304108024881152	
1242291543001554946	
1242279597086924805	
1242451517782872064	
1242464949219155968	
1242333574235381760	
1242473055835680768	
1242588989346836480	
1242572046254530561	
1242552827827945473	
1242543715920510976	
1242514090452570112	
1242498731666223106	
1242488847914549248	
1242832679512477699	
1242847460625494016	
1242854567550861315	
1242879826597380101	
1242909620038799361	
1242916918266417154	
1242924216401330176	
1242763851965378561	
1242846987164299269	
1242766345017622530	
1242780729014194176	
1242744063348084737	
1242732956075974656	
1242718359810007040	
1242703260210860033	
1242695458885185536	
1242675112475652101	
1242788572601647105	
1242796374090899456	
1242803672356028417	
1242954918517854208	
1242961712216567808	
1242668138891579392	
1242636651781746688	
1242627493611196416	
1242619111680573440	
1242725909485867008	
1243157563220414466	
1243188064182296576	
1243196708688998401	
1243211358423764994	
1243148443859570690	
1243088800835760133	
1243110946693951489	
1243051295503761408	
1243060363270197249	
1243068164608581632	
1243229783858786304	
1243255398548848641	
1243269994928103428	
1243277800724934657	
1243297498346573824	
1243304227616608256	
1243319823117025281	
1243225954878717952	
1243218656609177601	
1243080747591720960	
1243103145372180480	
1243139914075496448	
1243284590967414785	
1242979329287417856	
1242971437314396160	
1242993681512062979	
1243009276576182273	
1243015912011083778	
1243031170977280004	
1243039267783184386	
1243393055450959872	
1243370229457027073	
1243334670982488065	
1243376613867155458	
1243583812782653440	
1243433262296506369	
1243447357997551617	
1243498425439727616	
1243514928251703297	
1243578916557729800	
1243401415332003845	
1243643959731093504	
1243636660887224323	
1243606461944492034	
1243621058000740352	
1243627438237716480	
1243591865838055425	
1243659310250577923	
1243666108323774464	
1243681959303315457	
1243910716756602882	
1243852615865204742	
1243862570081058816	
1243868087058866176	
1243881524304531457	
1243896120335650819	
1243903418521042946	
1243932610709139456	
1243948278175186947	
1243888822326366208	
1243764184807964673	
1244022262698655745	
1244011409647611906	
1243952944707493888	
1243695045515137027	
1243717413457121281	
1243743971345461249	
1244281323453394944	
1244295250627055616	
1244378688361074688	
1244287868211810307	
1244408852516179968	
1244088581573840898	
1244201885155786754	
1244216481384148992	
1244231077444456448	
1244238375697047553	
1244252971849986048	
1244260266856067073	
1244102837098795009	
1244111567127339013	
1244149897994973184	
1244159050654203907	
1244165884320444417	
1244187412043116544	
1244061338390818823	
1244474195204923392	
1244464242591281154	
1244444939108278272	
1244432842207068161	
1244492932008366080	
1244528538402926594	
1244753621457068032	
1244762036195561472	
1244545658138382338	
1244566609567666178	
1244603028507971585	
1244619555676327937	
1244637429014892545	
1244654115000586248	
1244670578914734089	
1244696303302578178	
1244700166134923270	
1244627616914706432	
1244611333510791174	
1244742997062770688	
1245109767938457606	
1245130399769956354	
1244812166231801856	
1244821092406947840	
1244829918355062784	
1244836583838060545	
1244851414972710912	
1244858713090830337	
1244873309340069889	
1244984290573770752	
1244910051397074944	
1244917349691453440	
1244953840203345922	
1244961389707395079	
1244969191066808321	
1244975734432518144	
1244999893514473474	
1245006436545040385	
1245014992954355713	
1245033867645349888	
1245048967127162880	
1245057020039843845	
1245074384223600645	
1245424748764561413	
1245410739533332480	
1245397726558388224	
1245394493651562496	
1245388717977735168	
1245367990469775361	
1245222610893451264	
1245357284118736897	
1245352970423762946	
1245343921812770816	
1245434507693441027	
1245275239623393280	
1245237207100727297	
1245229909099909120	
1245312230918324224	
1245215312972263424	
1245465463045283840	
1245140256564736002	
1245149142822711296	
1245170868486995968	
1245189466635079686	
1245198297481900032	
1245482802583232513	
1245475892891009024	
1245455069283119104	
1245743292295401474	
1245726430916497408	
1245709821292273664	
1245642376753942528	
1245649674901602304	
1245664271159222272	
1245856480416288768	
1245847012353826816	
1245838226914447362	
1245828522045845504	
1245798944057278466	
1245773239512686593	
1245508233432674304	
1245515895901847552	
1245524442022694912	
1245535232796659713	
1245550846814728192	
1245671569227157505	
1245678867408437252	
1245686165606408192	
1245694242191814656	
1245620482591752194	
1245613084820951041	
1245563993239867392	
1245757636630335488	
1246193714587934722	
1246204228022009857	
1246218931800547328	
1246135878927282177	
1246143931953209344	
1246150726679547906	
1246158528177491968	
1246166329708761089	
1246186013430611970	
1245975941395951616	
1245945580544757760	
1245924517299367938	
1245919412336484352	
1245908423805370370	
1245891751572836352	
1245882514100674560	
1245873891232415746	
1245866631957491715	
1245983373597839362	
1245990671992918016	
1246034460388274176	
1246056354864824322	
1246063904498696194	
1246049056712822784	
1246086805369360385	
1246094606980337665	
1246102408289288195	
1246118766053744640	
1246019864214601733	
1246012566435819520	
1246005268154126336	
1245997970077544448	
1246460517927071745	
1246422517624930306	
1246438295569158144	
1246446676757315590	
1246539629429321728	
1246548326171865088	
1246559345032093697	
1246565688942067712	
1246573886696652801	
1246580813962964992	
1246467816246534145	
1246453723456401408	
1246287251685900289	
1246253499110830080	
1246232425593790465	
1246265925294309376	
1246362623110606848	
1246377219137712130	
1246354569782648837	
1246791951820582912	
1246800508477526017	
1246807806289645570	
1246830204347088898	
1246908332238991360	
1246897063188525058	
1246903842609889280	
1246785912236675077	
1246922793460977665	
1246923016774094849	
1246890461295329280	
1246777766508404737	
1246728533839212544	
1246744640079839232	
1246713061173612544	
1246667632637599746	
1246652775531810821	
1246598508729098240	
1246591984791195648	
1246762256437637120	
1246822905737932800	
1246928206659117057	
1247263307720990726	
1247018368307269632	
1247033040267816961	
1247076828881145858	
1247062232661250050	
1247084126995447811	
1247091425260388354	
1247104266671710209	
1247122040861179905	
1247255506252476419	
1247054934509486080	
1247129928774139905	
1247284106607489024	
1247309000909021185	
1247137226883887107	
1247181663387426821	
1247189591888707584	
1247208729243779073	
1247219724532035587	
1247230171943522311	
1247243355052036097	
1247172049484877824	
1246957245394497541	
1246966766313426945	
1246975983971749888	
1246984270729502720	
1247607187490451457	
1247443750281981962	
1247457722255228928	
1247468692893503490	
1247476207140179968	
1247492064943767553	
1247484261613133824	
1247400713002422272	
1247378478930034688	
1247519256377356299	
1247551631866109953	
1247559168980144130	
1247568002729598983	
1247585178882461701	
1247436736646520832	
1247429905295593473	
1247422607244365825	
1247362705163292672	
1247315189738778624	
1247330959193595904	
1247336036843257863	
1247350300974829568	
1247356672651046913	
1247365487756861440	
1247415309318799360	
1247371772359512065	
1247386117038411778	
1247659526473449472	
1247666956032864256	
1247674265438015488	
1247877229465518081	
1247868294113222659	
1247886161877430275	
1247859989529735168	
1247909817911521282	
1247918985003315203	
1247927685453475840	
1247944798163460097	
1247952599594254336	
1247968705994272770	
1247976758676041728	
1247984560081489921	
1247993896723828736	
1248003261619007490	
1248031594360659969	
1248013821437829120	
1247688358500937730	
1247741401527283713	
1247749007906086912	
1247756306045440000	
1247770902445477889	
1247778200467341322	
1247799994960113664	
1247807140984532997	
1247838094981816320	
1247696348926754818	
1247852691092578306	
1247763604113367040	
1248111899264208900	
1248133793476558848	
1248126495224139776	
1248119197260898304	
1248171285172989952	
1248190485337911296	
1248338894912880640	
1248323227690176517	
1248315023950336001	
1248306431058685953	
1248290019015622657	
1248264907763507200	
1248257106186096640	
1248217802097463296	
1248203878920830977	
1248355042664394752	
1248365322010124288	
1248393887044915204	
1248384464335409155	
1248375896701939716	
1248226038078898178	
1248069004414971904	
1248079550623301632	
1248090183645327361	
1248097550445338625	
1248104601171013633	
1248041113664905216	
1248155687735230466	
1248759953596145664	
1248572937080356864	
1248587533346201600	
1248488631444090880	
1248495929704865797	
1248612196264759296	
1248620249177456640	
1248630724292268032	
1248648967702949891	
1248654726155157506	
1248662527497498627	
1248679581554532357	
1248687441705422849	
1248703296384069632	
1248711097667981313	
1248736903911755776	
1248510525744402433	
1248517823879696384	
1248539970010112000	
1248481333526933505	
1248421291171799041	
1248437406904111113	
1248402991230533640	
1248445484852641792	
1248814809568575488	
1248787407555551232	
1248823272281497601	
1248980412648558592	
1248897105164480519	
1248931921540845568	
1248941475569827840	
1248949417954205696	
1248961377361973248	
1248988638937067521	
1248992901297778689	
1248999279936573443	
1249008054244446208	
1249078586876645376	
1249104825096081408	
1248889351943135232	
1248767960128217088	
1248795947234033664	
1249269275468140544	
1249140891618549760	
1249154139801690112	
1249164224796004353	
1249185717483442177	
1249246915876839426	
1249253672732823552	
1249261474343604224	
1249276322662076417	
1249284626633363456	
1249291673294815234	
1249298971442331648	
1249176030016942080	
1249321117312933891	
1249329170385076224	
1249359621032161280	
1249352323106770945	
1249345024690618368	
1249477599887155200	
1249305694932742144	
1249448904682139649	
1249459040008060928	
1249467796221603840	
1249572271993376770	
1249586868288544768	
1249608762509479936	
1249616060552273920	
1249630656587599872	
1249520939831721985	
1249511225639096320	
1249637954684928000	
1249660100798709761	
1249815872417361920	
1249807584749445120	
1249778450732388354	
1249761011487453185	
1249704550488997889	
1249692033440256002	
1249674696829874177	
1249750579552886784	
1249966368755154944	
1249922580095676418	
