1386202815241064449	
1386311028384976896	
1386187464071544836	
1386148205381967872	
1386132351265087488	
1386140152402268162	
1386338207596351490	
1386116999940476935	
1386456990252093440	
1386449188771278849	
1386441387294355458	
1386433585985560576	
1386345254098440196	
1386395082509586434	
1386402632407949316	
1386519149841575944	
1386592634022494208	
1386607985254752256	
1386616289888587776	
1386662091952558081	
1386685495955005444	
1386733814370635776	
1386749639634784256	
1386752209824600068	
1386769549886853120	
1386785655989153795	
1386777602732421120	
1386792271203368965	
1387179249262465024	
1386975726067462148	
1386950240297758722	
1386933040274890755	
1387053672031346693	
1386905193422409731	
1386892610409701376	
1386879272867045376	
1387161381703766016	
1387144520463171584	
1387128414373511170	
1387037817688104963	
1387030016316387328	
1386913749773152256	
1387261038165250049	
1387278151231754240	
1387288720697552897	
1387297025247612936	
1387304655345049600	
1387357291444322306	
1387546670477369349	
1387520750056247304	
1387495583921868803	
1387470921154322435	
1387427384371019779	
1387382337801883653	
1387374403290337281	
1387487278889590790	
1387538113891913730	
1387867534683037699	
1387699331139002369	
1387616379595943938	
1387608326591164418	
1387599015248744448	
1387734777130848257	
1387742460693020682	
1387885654428819459	
1387876845974999041	
1387851682135093252	
1387836077684129792	
1387820474600763398	
1387812673107021824	
1387804871676420096	
1387781467426729984	
1387765864582242315	
1387828275901198341	
1387750262371098630	
1388073642739781633	
1388066092891975683	
1388041971747405824	
1388033880888725507	
1388026046616936449	
1388016018463858688	
1387995228217520128	
1387979019329540098	
1387951840113963019	
1388058291604008963	
1388134544188928002	
1388141842353557508	
1388241247161098240	
1388249803356741632	
1388258359728541701	
1388224386000248832	
1388391990509801473	
1388504985047011328	
1388341155322949634	
1388314227857772549	
1388520587664842755	
1388536190605856774	
1388575197595422722	
1388582998921162756	
1388567396294737921	
1388441567182999555	
1388917704489193473	
1388925505928237057	
1388948910031265792	
1388972314276945926	
1388886499156889604	
1388902102341201921	
1388878697520791553	
1388856803425800193	
1388772750920011776	
1388756074082222081	
1388730722182119425	
1388713861272903684	
1388782769585668097	
1389332264962646021	
1389313562829492226	
1389079268873969665	
1389235800471113728	
1389056252852858880	
1389048070709547011	
1389070964315463680	
1389092353797918721	
1389227747554304000	
1389168104442322944	
1389192011933048832	
1389176157489176576	
1389370689291882497	
1389554283457228807	
1389605234880565254	
1389568744360497157	
1389722507649945601	
1389516902637076481	
1389644745211797506	
1389534273535889410	
1389674692454195201	
1389629394004504577	
1389447054070452224	
1389457633292156934	
1389428318806609924	
1390003358547812356	
1390024223981252614	
1389991530270760961	
1389868972510781440	
1389899926499315712	
1389883806312800256	
1389853118792232960	
1390033407623716873	
1389984484276285442	
1390089173542084613	
1389785925262233600	
1389745408553807873	
1389770322728132609	
1390118869176668161	
1390134472234917892	
1390166684070203395	
1390179770483187713	
1390187320330964992	
1390313653056860165	
1390298553524883456	
1390245705214791680	
1390237651916234752	
1390329833004097543	
1390338063604269061	
1390345537594007552	
1390386381935943683	
1390399971476791297	
1390408528137912322	
1390445270022959115	
1390453071361318919	
1390791588398387206	
1390587205161295872	
1390571602354401282	
1390555999694692353	
1390634013723877378	
1390532595574661127	
1390517075127390212	
1390509694532390915	
1390501893495877636	
1390610609406976003	
1390626212439941120	
1390719829145964545	
1390746102903812102	
1390706743018070018	
1390691121513353219	
1390680822215110660	
1390548198532567040	
1390460872741429248	
1390649616731820033	
1390815962446778369	
1390856227832307713	
1390886930217197571	
1390879632203857926	
1390871327247118340	
1391029620233760788	
1391004202881757186	
1390996149759213574	
1390945818157346816	
1390920652308111362	
1390904546143227905	
1390937765055909891	
1391048262497484800	
1391075170442428424	
1391166774327054336	
1391142139501895680	
1391126472006512643	
1391108155636072460	
1391092535028813825	
1391100336367038466	
1391378167433138179	
1391371372266287110	
1391472287363305472	
1391324815508791298	
1391340166778740737	
1391409875956109315	
1391189675092504579	
1391294616532574213	
1391287318581891077	
1391257622980956160	
1391519095556694017	
1391503492838158336	
1391272722483789829	
1391441081758208001	
1391433280101109763	
1391425478888546308	
1391226669201952770	
1391448883100733444	
1391556844238168065	
1391828635284291588	
1391812277595082752	
1391804979380432901	
1391796591242141697	
1391625295392772103	
1391852261069004801	
1391865727607574540	
1391880647514501126	
1391728978864508928	
1391699283020234758	
1391677388665364484	
1391655494356451328	
1391648196191870976	
1391772303390875653	
1391897589688111106	
1391868163730587683	
1391965034050244613	
1391972835313258502	
1391980888414695426	
1392068377334718469	
1392087340512800772	
1391928795322458115	
1392141195250388995	
1392180201912770566	
1392191526462050304	
1392207129302339584	
1392222732239114247	
1392261990928719872	
1392375237237514241	
1392321633990418432	
1392336733367279618	
1392382535284387841	
1392342269597003780	
1392506099710840839	
1392576563804246016	
1392592166376013825	
1392702575393136641	
1392719014003019776	
1392727055146438656	
1392944739670966278	
1392842827386793990	
1392858924404072448	
1392866725662642181	
1392913534003007494	
1392936938118713346	
1392929136721633282	
1392742657995296768	
1392734604864405508	
1393352677673684994	
1393261577520828416	
1393212504189272065	
1393277646683967495	
1393253775931056133	
1393246009812295680	
1393238425101168643	
1393197404866826241	
1393174503795081220	
1393152106052288513	
1393001754388688896	
1393025619131211776	
1393048926056448001	
1393056727470415876	
1393073840247373835	
1393136755126145024	
1393506692726288384	
1393484294987808768	
1393432201778274307	
1393455857317208069	
1393408545777926151	
1393641833230708739	
1393665992102924288	
1393650137646440451	
1393574646042304518	
1393392775660392449	
1393705754088050691	
1393746019351896069	
1393939544505036800	
1393923942113546243	
1393982326770737152	
1393955650846085124	
1394005982683013120	
1393845927576842248	
1394030644909338625	
1394014287006425096	
1393838126284656640	
1393791317751255041	
1393738217929814021	
1393900537540603909	
1394112433736802313	
1394127281644351489	
1394135083079016448	
1394142884455198722	
1394167570350022657	
1394267958642307086	
1394174341797978114	
1394337668214009859	
1394291362896367621	
1394378184905342978	
1394404312797925378	
1394731459194273792	
1394670125635317768	
1394688983007854592	
1394759951105593345	
1394561643737075722	
1394585047957590018	
1394531223247081476	
1394538239579459598	
1394553842545565696	
1394512570330066950	
1394647459586928642	
1394865898775793671	
1394873448460013569	
1394929316551561227	
1394949700915236865	
1394958005674946560	
1394835951491244032	
1394921263441670152	
1394805500961775618	
1395102960695201792	
1395043569568686085	
1395236339549884416	
1395213942541242374	
1395175689989640193	
1395523733285113856	
1395516435267395589	
1395381775686328325	
1395491269481222145	
1395414014285418497	
1395363180168232961	
1395499070664286208	
1395819683253686275	
1395874293158924288	
1395788477757681665	
1395683033059975168	
1395677244908003331	
1395850889332731907	
1395653140490371074	
1395637231176478720	
1395621628600541187	
1395605522464735233	
1395546382497316865	
1396140547769839617	
1396148348927709193	
1395927392896626689	
1396156150433845251	
1396109341887975426	
1396124944858157057	
1396383146128646145	
1396277953038721024	
1396495637269594114	
1396423411396612101	
1396341119156371459	
1396581829004640265	
1396745284428963841	
1397231234611253250	
1397317049915895809	
1397337434317213696	
1397172849702408194	
1397200028943409159	
1397635061130932226	
1397694834597453827	
1397596642304462853	
1397428031048847361	
1397542284086841351	
1397580930521477120	
1397911466691293189	
1397895863888977921	
1397928831030218758	
1397970354581098496	
1397963017371930629	
1398025216119369728	
1398062461492858885	
1397763491428241411	
1397794445580439552	
1397810803517104130	
1398426894492524549	
1398100965123756032	
1398236105753907200	
1398220251347697665	
1398108515089088515	
1398392133921513472	
1398368981564678144	
1398316708394323974	
1398385087469670404	
1398070263015686148	
1398458068137041920	
1398495816931758080	
1398557725039210500	
1398643540629110787	
1398661817564635143	
1398678366547492864	
1398708468484382731	
1398718031413587976	
1398612334889693188	
1398635739143880705	
1399101810170863621	
1399145452721766401	
1398909291604504586	
1398839582175596548	
1398808879723581443	
1398801078376931330	
1399087214085214217	
1398886138962657280	
1399025809457700866	
1399269917648642048	
1399160194957922306	
1399181585661018112	
1399221347566424067	
1399243745174904832	
1399509999760470016	
1399614941259304961	
1399846462016692230	
1399692955334545408	
1399700756618305537	
1399677352515309570	
1399653948131188740	
1399708558304845826	
1399810227986386944	
1399795631980376064	
1399773738078515203	
1399832122429476870	
1399583735511617541	
1399568636206063616	
1399575934215196677	
1399554040132866052	
1400068178072399877	
1400099383488618496	
1400184947256791052	
1399913659544096772	
1400060376796995586	
1399922591943430144	
1400523427350515712	
1400531228940402693	
1400302220097245186	
1400310776146055168	
1400344749928816641	
1400430314086862851	
1400468817743015945	
1400452712093868032	
1400799748882407431	
1400793205507981316	
1400822649421393928	
1400673164024242176	
1400918027831443458	
1400610753548374017	
1400620315940585475	
1401154838105309187	
1401109539538149383	
1401086890594418689	
1401071035588415488	
1401176228867018758	
1401216242669830150	
1401208441650040838	
1401326116124565508	
1401148043907330051	
1401389635323011073	
1401456827984908291	
1401431913735155716	
1401405702116024324	
1401449278460026883	
1401652366596784140	
1401589955286081536	
1401525531011604484	
1401597756544847875	
1401983548576481281	
1401792791634644993	
1401835999622307841	
1401917362941554692	
1402396268316565507	
1402148133291892736	
1402070622256058368	
1402055271183118336	
1402153418135846912	
1402493911348699136	
1402485159492874243	
1402453142927597573	
1402586018851733506	
1402666865516765192	
1402682906800181255	
1402879703556317184	
1402867623914733573	
1403035731690504195	
1403080922442911749	
1402918710566862848	
1402788351640547333	
1402926512043606022	
1402998488288268295	
1402959479730098181	
1403355589477076998	
1403163734185431044	
1403168947516579840	
1403147216173162496	
1403452477702250501	
1403256687478247424	
1403295694820048901	
1403428318632984581	
1403316582374387712	
1403339987454545923	
1403412464381857794	
1403685261540724737	
1403725275473448968	
1403525741099159552	
1403611022514999300	
1403573514808958979	
1403782150265004037	
1404078538316255236	
1404203425777131523	
1404104855329902592	
1404537376559435777	
1404369772113010689	
1404443759681544199	
1404881393352679430	
1404840376976887808	
1404735483544936451	
1404714834164289536	
1405160880359215108	
1405172813795758084	
1405198231173177345	
1405084481388564481	
1404955129057398785	
1404970480252116993	
1405038427964383239	
1405068878644981762	
1405081776863813632	
1405371588359319553	
1405322801825808384	
1405662540659580935	
1405418180223258627	
1405480591848402945	
1405503241006297088	
1405518843917783040	
1405540989905915904	
1405962689298448386	
1405886013118025730	
1405870410210680832	
1405702805713670145	
1405718408495312900	
1405776793148084225	
1405800197670637570	
1406294454126981122	
1406204360476999685	
1406092624361107458	
1406139432743411712	
1406372468646985728	
1406395872397578243	
1406682008080818177	
1406549384007987203	
1406564986818863106	
1406580589633970177	
1406616118912032776	
1406502575617110020	
1406433621188268034	
1407096802520834055	
1407080320847990785	
1406823942988439552	
1406954805566738441	
1406931401396477955	
1407242702362656771	
1407127443379560458	
1407234901015883776	
1407266106834931717	
1407328518288117762	
1407297312540536840	
1407312915221393411	
1407320716538572804	
1407336319366336521	
1407370041570566151	
1407439109010952198	
1407612640109621248	
1407564321782079491	
1407501910400139264	
1407524559725776898	
1407813966789713922	
1407712296978288647	
1407704664854908938	
1408184408130084868	
1408107654015111178	
1408000460838027264	
1407875119607783438	
1408370901503074307	
1408517351624953860	
1408526411384733698	
1408455192257961991	
1408305203787538433	
1408447391494193154	
1408237507418882050	
1408297402306416640	
1408612478343282690	
1408691498837843972	
1408644438914592769	
1408808458346921985	
1408792162330886148	
1409187014000267275	
1409195570695127045	
1409203875056218117	
1409279121100722178	
1408965051395055617	
1409042058833240067	
1408946428869808133	
1409107592815812610	
1409632449215139844	
1409412248276193280	
1409370472773558274	
1409344300517838850	
1409308062637195265	
1409433398863618049	
1409616846362402825	
1409546633893879811	
1409508381749035014	
1409495152394227713	
1409442210307792897	
1409593442087235588	
1409640250431836163	
1409472582546509826	
1409680012668669954	
1409670449487745025	
1409888385590833152	
1409732860639121409	
1409826541345726464	
1409740913715253249	
1409811126532071427	
1409774980938698752	
1410238442139574275	
1410152626742644739	
1410078137782734849	
1410121999389630471	
1410279900058206208	
1410375240396337157	
1410267827983028232	
1410052215176417281	
1410650490820513798	
1410633797335339013	
1410607373362814976	
1410576167514542082	
1410521557697396737	
1410529359069421568	
1410714084220227586	
1410544962026999808	
1410731440724189184	
1410466192834416645	
1410450841627103236	
1410791838735290371	
1410822289147432960	
1410761136174100481	
1410878912695963654	
1410814487972691975	
1411067907983904775	
1410933019133763588	
1410957933094084615	
1411021099257589761	
1410939813738516481	
1411268731007909892	
1411297420122542083	
1411316797907738630	
1411372162489847811	
1411201538161209348	
1411355050086072327	
1411126787925413888	
1411309248341020675	
1411792683534667780	
1411633887298547715	
1411664337895264258	
1411580032145887233	
1411530410232664066	
1411699569927213057	
1411671384523112458	
1412080077915910153	
1412006341300785154	
1412091877654990852	
1411838609758384128	
1412115057719189517	
1411923837172686861	
1412330225459863553	
1412210412267864067	
1412449763337801728	
1412685315332927493	
1412580515522043907	
1412906522854580225	
1412728864766410752	
1412968179157004294	
1413087465146044418	
1413080166977478658	
1413065570795196419	
1413404442855190536	
1413411515823185920	
1413426197141200905	
1413313705899663364	
1413630040265396226	
1413551020748144646	
1413735484921090049	
1413935973835186182	
1413676093538586626	
1414044487928532993	
1414198032892104705	
1414226973782470657	
1414336696603271171	
1414455730841788416	
1414668761861349381	
1414629878423560206	
1414578288735911943	
1414547083021914114	
1415069823101452292	
1415035522867683330	
1414982451743444997	
1414858635772010502	
1414905444292874240	
1414874238771552260	
1414960053971423232	
1414944451361972232	
1415359184682426369	
1415438458332516359	
1415386639753486339	
1415344085196591108	
1415147036190597128	
1415281806744633344	
1415214228936478723	
1415187553079205888	
1415180003327709187	
1415687346519822342	
1415710247272992769	
1415598511048036352	
1415500991055626244	
1415494158752518144	
1415540377944211460	
1416011985662083073	
1416043191325757443	
1416079563290038274	
1416098807528386562	
1415974493931991040	
1415875501726461955	
1416004184113958912	
1416242804469108739	
1416272175548362752	
1416337128359796736	
1416457787681517573	
1416401049347182593	
1416487782705471494	
1416780046430203904	
1416619921153220613	
1417248885798490117	
1417225481481424911	
1417209878762905601	
1417088291694858242	
1417067571896111109	
1417040764341669894	
1416993704406130690	
1416940467808194567	
1417566981830623232	
1417582585534980101	
1417520173695881217	
1417470093718560780	
1417590386160062467	
1417303248139132928	
1417358608770248705	
1417659088796717056	
1417681486837288967	
1417886587891953664	
1417894389490257922	
1417912508552208388	
1417928111417528320	
1417974919812554758	
1417689539494092801	
1417735592700354560	
1418250620998504449	
1418103517860929539	
1418068033298333697	
1418013172078944257	
1418150776959086592	
1418321453099851778	
1418438572286222337	
1418361467330600966	
1418577137959833609	
1418510951750389762	
1418614886599380997	
1418658675267444737	
1418680569400119298	
1418695165691170816	
1418869816543236096	
1418814200151908353	
1418987089421422592	
1418806398624825347	
1418948585501065216	
1419012506710802432	
1419134309575757832	
1419118454695677952	
1419110653390991366	
1419266430122532866	
1419178852769832960	
1419304178669678593	
1419327583221469185	
1419444352221286401	
1419436895428222981	
1419382192652828674	
1419350987022770177	
1419335384308363268	
1419228681109753860	
1419718659749027844	
1419513558153326598	
1419560366766317575	
1419765971447844866	
1419483610843779073	
1419505756710256641	
1419452908714790918	
1419498710292000773	
1419940370448793615	
1420107471671209996	
1420087842311741440	
1420067458312916992	
1420006063298924547	
1419991457633472512	
1419820832906522642	
1419866634714419214	
1419912436648497182	
1419984159439687686	
1420176174479720454	
1420309553376284672	
1420273062730248194	
1420221221124419587	
1420442429593956353	
1420581093191806982	
1420838067800363011	
1420819664410578944	
1420872009550942210	
1420880062388133895	
1420611040086200323	
1421116118131830785	
1421100515107110915	
1421077110798520331	
1421061508012855299	
1420980725885587460	
1420933487226355713	
1421206629538795522	
1421173496193945602	
1421156131687190532	
1421359722947506179	
1421367524369784832	
1421437737123475457	
1421468942770458624	
1421375325703974917	
1421534877107720194	
1421607103429480448	
1421383127205916680	
1421275669527470083	
1421476744146546688	
1421313921202507786	
1421897516878991362	
1421907582919270402	
1421919444679397379	
1421858761300340743	
1421871344354877440	
1421825794301566977	
1421763382865235968	
1421747780046016512	
1421647077017219072	
1421655673301966848	
1421700971693019137	
1421817995563782149	
1421794588415647749	
1421693170241376259	
1422019319253413888	
1422207308084383753	
1422233316871348224	
1422297904937504779	
1422327852473610270	
1422158486478204929	
1422150902580924417	
1422088021936021506	
1422311972670935041	
1422500490030436352	
1422686968698318849	
1422678995276111873	
1422390263486550016	
1422373402355159042	
1422563922159312901	
1422571206054612994	
1422786876767752192	
1422987448468926468	
1422971342463324162	
1422891340258480128	
1422963541041041411	
1423217967525883904	
1423130641999306753	
1423163169212559361	
1423401426613522434	
1423619362557149185	
1423725562137174017	
1423709231778131971	
1423684038754127875	
1423442404909096960	
1424096003011989509	
1423864729248976897	
1423849881463005185	
1424007427238727684	
1424145327989403652	
1424120665523822594	
1423937206725447680	
1424498404735037441	
1424280217254653955	
1424311422528327689	
1424319223975878663	
1424349422998020106	
1424389185100685312	
1424220322279026691	
1424680605346779143	
1424672557454745608	
1424639333269532673	
1424592776537141253	
1424769440672059392	
1424855256152920070	
1424878995544317968	
1425238580985663490	
1425116793396400131	
1425143404745437188	
1425283074972073985	
1425643197955407878	
1425711900759838722	
1425728510019215360	
1425883596980686855	
1426014142301827072	
1426082089913356296	
1426123327656005636	
1426528531614511105	
1426473921834938373	
1426372269048164354	
1427015917444153348	
1426749236087906309	
1426772136824352768	
1427231413208686598	
1427272433636020236	
1427552174788157442	
1427790971723390982	
1428123038432727040	
1427910890708512768	
1427869115293831171	
1428342736281694210	
1428845549403377669	
1428584823082209281	
1429011643514580992	
1429065498440835072	
1429421091554922509	
1429534902660239369	
1429919123564204206	
1429804529881600004	
1429936991022485507	
1429693385791533066	
1430219351601213442	
1430063575448662038	
1430315233206280192	
1430203882878214151	
1430545741483761664	
1430466983129092098	
1430573938002862082	
1430398028746133507	
1430353485204267010	
1430682889696415745	
1430825848098205699	
1430771489641480192	
1430779290900066309	
1430955891906469891	
1430847994459561988	
1431052088683864069	
1431059405462654982	
1431129493851160579	
1431351310121459712	
1431392527836344324	
1431764029572202496	
1431709168403050496	
1431681737592082432	
1431635345200738309	
1431563458110238722	
1431655816822620160	
1432110814643752960	
1432057714943926274	
