1275048642240557058	
1275101994080849920	
1275066184954638336	
1274908153381941248	
1274899865672138752	
1274854617587675136	
1274941939146567680	
1275077539556282369	
1275040840910503936	
1275221195894296577	
1275462116816744449	
1275275735012265984	
1275293757580206080	
1275301810312364036	
1275320705241014272	
1275390897597878273	
1275329241157111809	
1275237696349192193	
1275431061888151552	
1275439216030334976	
1275561614196924417	
1275532137039421440	
1275358426403672064	
1275507678542991360	
1275607685518356480	
1275832557930778626	
1275866527850430466	
1275880945304944640	
1275823888165941253	
1275799087376289795	
1275783736467087360	
1275618757398851584	
1275921684864708608	
1275633496208351242	
1275640290976714756	
1275664953249325056	
1275745232454369283	
1275776941510086658	
1276000443877830657	
1275985817467383810	
1276155435251167232	
1276181607695568896	
1276251628597903360	
1276063328507359233	
1276085474323398656	
1276009976746606593	
1276289820923441152	
1276282271062822912	
1276198394055327746	
1275993115598479361	
1275945093531176962	
1276595082100117504	
1276587280929562625	
1276579193950801920	
1276550266083577856	
1276478061320343553	
1276470511527051265	
1276463213257916416	
1276417663300853761	
1276409358189039617	
1276395014055251969	
1276314483221135360	
1276682087936913408	
1276795652341727232	
1276807481688240128	
1276826356144377857	
1276889920943132673	
1277011073141551106	
1276836131930333185	
1277041523826110465	
1277355844892422144	
1277385540573122560	
1277215221329940480	
1277185325798952961	
1277077510983999488	
1277250400035450887	
1277522442777268224	
1277514892904407046	
1277560191643348993	
1277645314539704321	
1277735345497321472	
1277444680452583424	
1277452733499314176	
1277482916881235969	
1277787942170193920	
1277894896951734272	
1277909996483883008	
1277932645821722624	
1277957056494997504	
1277861978665558017	
1278003122376491009	
1278044885249978368	
1277872738267467776	
1278257352031043589	
1278230881824579585	
1278120130979827713	
1278475413820342273	
1278414440422047746	
1278396647266009094	
1278384890631933954	
1278374809148121093	
1278499035188359168	
1278814519381258240	
1278763872900362240	
1278800614999437314	
1278807373344206848	
1278597705904861184	
1278526823781896193	
1279135823955460101	
1279084737223507968	
1278846806533660673	
1278857451698139136	
1279017292672745472	
1278912926720626688	
1279048246745128965	
1279407614837714949	
1279423014141034496	
1279264846446391296	
1279226169045520384	
1279908745720459265	
1279883736952135681	
1279584278729424898	
1279576846288351233	
1280046323174162432	
1280082813757292546	
1280104707948609537	
1280016124071927808	
1280149754907774977	
1280154399797633024	
1280157304730472448	
1280179953796071424	
1280209008343859200	
1280172404157931520	
1280284967814103040	
1280473890771197952	
1280562223555870721	
1280571154902777856	
1280582426687754240	
1280466592661266432	
1280597958069633029	
1280523046630154240	
1280336495539179522	
1280343783289368578	
1280614819213819906	
1280633129095454720	
1280647211525697537	
1280416009212461056	
1280676786532016130	
1280692459324837888	
1280732092054159360	
1280768582448754688	
1280775880512503808	
1280797774720593920	
1280805073249923075	
1280812371011911680	
1280932412222918657	
1280710198756167680	
1280997088134868995	
1280925365695909889	
1280879816053424129	
1281369793967218688	
1281347648348393473	
1281242455266873344	
1281021499021746176	
1281044399657451520	
1281079631978942465	
1281227607514607619	
1281199673093419009	
1281185076961775618	
1281162651398221824	
1281152613094813698	
1281341608517140480	
1281533875127230464	
1281570365492228096	
1281652406170730497	
1281660207664443392	
1281667757260582914	
1281482788395458560	
1281468195405094912	
1281526577126203392	
1281504682662404101	
1281497384577531908	
1281439000100655104	
1282079992478748673	
1281887203472429057	
1281993906456899584	
1281915389169958912	
1282241474013401088	
1282339684975128576	
1282322823768412160	
1282264439291404290	
1282225047558598656	
1282355539159191552	
1282315022673358853	
1282502507634339845	
1282541514808332288	
1282493294073663488	
1282694019592716289	
1282672125413691392	
1282614769283932163	
1282720208239693825	
1282734788336656384	
1282756682724937729	
1283176951687950337	
1282862436496752640	
1283166885987495941	
1282907929071345664	
1282969837203939328	
1283102657545220097	
1282948949700161538	
1283077546909806593	
1283027718439763968	
1283334489855287297	
1283513589370781697	
1283467816730071042	
1283374000203165698	
1283568561143730177	
1283725818678706177	
1283777660158529537	
1283718520962838528	
1283620625349701632	
1283627671700877312	
1283913655520641024	
1283763063863181312	
1283755768441982981	
1283599092271050753	
1284261347136602114	
1284041397834846208	
1284254300877643776	
1284230755963400192	
1284050961288368129	
1284020761871753219	
1283989556023492608	
1284186856616194048	
1284164962190008321	
1284157663966707713	
1284201452697575424	
1284102958502813697	
1284143256633249792	
1284617696659640320	
1284451200969179138	
1284458395794395136	
1284595192922660865	
1284602990729375745	
1284625074595622912	
1284404792270499841	
1284291546024513536	
1284322752099319808	
1284648610802528256	
1284663245303959552	
1284678073313488896	
1284772968489316353	
1284794862655635456	
1284818133895782400	
1285360841957793792	
1285313781866868736	
1285299512588873728	
1285283834716708866	
1285268224741912576	
1285252629023436803	
1285220668502495232	
1285018838384488450	
1285167139553521665	
1285107333618708485	
1285061116880617472	
1285026891464933378	
1285159133176647686	
1285422022483251200	
1285507810659164160	
1285477359756484608	
1285470565139177477	
1285368895180869632	
1285385252882571264	
1285416710338564097	
1285455214179311622	
1285668368251531265	
1285712298003185665	
1285721153080905728	
1285619915353972738	
1285659920570949633	
1285640182998249472	
1285684227598499840	
1285576365316681728	
1285568418721210373	
1285538009396285445	
1285735948794433536	
1285744116895109121	
1285840668376653824	
1286065972130877440	
1286047114091352064	
1286021444955070465	
1286014901782114304	
1286087379309273089	
1285794449264537600	
1285813726449467393	
1285987750748004352	
1285877487537393664	
1285942898526224384	
1285912477184778240	
1286317898651152385	
1286309593686126592	
1286216210569474051	
1286125127973761024	
1286250705561370626	
1286268573250465795	
1286284931837067264	
1286449767137120258	
1286293009710157829	
1286377841333075968	
1286195684312403968	
1286401952130240513	
1286688008591351810	
1286764340025032704	
1286738963072417792	
1286728604559130626	
1286537176516382720	
1286586175382331393	
1286593715633438721	
1286613093384990721	
1286670220136980488	
1286703438831718401	
1286487516086902784	
1287133270870642688	
1287053201158680576	
1287158185204125697	
1287165986714423296	
1286858662997135360	
1286874487648956416	
1287024634551062529	
1286945222295982083	
1286867057296826368	
1287392584105701376	
1287361125437394945	
1287401144076193792	
1287408333503123458	
1287320923356434432	
1287534665893588992	
1287188872414130176	
1287306751709261824	
1287211797548691457	
1287219457773858816	
1287199692296577024	
1287181085961408512	
1287887490745905152	
1287543977067950081	
1287768959907819520	
1287786072676749319	
1287809979785912320	
1287841689135063040	
1287879186187726849	
1287736906588073984	
1287643729579454464	
1287663704272711681	
1287624011116142592	
1287599845537021959	
1287712840149737475	
1288026657643728897	
1287994445367930880	
1288085294072377347	
1288093347177996288	
1288074472843546624	
1288057611766493184	
1288208606744252418	
1288248368989437953	
1288240567206514691	
1288232770972442624	
1288225216758534146	
1288198288655736832	
1288190487309025281	
1288149720917917703	
1288135970538356736	
1287939204702298112	
1287957200162287617	
1288127572958683136	
1288279322973765637	
1288309858291179521	
1288362873094156288	
1288331164344676352	
1288355323326103553	
1288419747751657478	
1288428412739227648	
1288445920405676034	
1288467815041658880	
1288405151707885568	
1288482411005784064	
1288290204172705792	
1288690280447619072	
1288705571244261377	
1288807864258224128	
1288910106227290113	
1288925580914614272	
1288846057221140481	
1289288220434456576	
1289266326200971266	
1289161706996928513	
1289002766065471489	
1289010012036055040	
1289023454847500289	
1289101238500495360	
1289142760419844096	
1289396685324595200	
1289381769385402372	
1289373532644835333	
1289490805237964802	
1289576872737677313	
1289548183476019200	
1289568064611082244	
1289711257935917056	
1289843630023348231	
1289892703522770944	
1290058043107893248	
1290046215011348480	
1289780715756892162	
1289939512525590529	
1290288631073054721	
1290308342603304961	
1290076414172004352	
1290122719074193408	
1290196455223951362	
1290188396774604800	
1290179583124410368	
1290157593613262850	
1290566896027222016	
1290507001206681602	
1290532922060152833	
1290550286436585477	
1290498193285877760	
1290575200728186885	
1290609401200553985	
1290629940854108160	
1290740540367990784	
1290936551766142983	
1290866435942756359	
1290841203420753923	
1291061146624155648	
1291103934854111234	
1291146477364842496	
1290992701790285827	
1291282370574848005	
1291502058114351107	
1291188603511480320	
1291549325714046976	
1291779184994455552	
1291715007391182850	
1291575689393532929	
1291624172041523200	
1291668656007442433	
1291647768025423874	
1291829465300062208	
1291937232677294080	
1292117110856937472	
1292090537646927872	
1292196861281890304	
1292059229272956929	
1291893951394275328	
1292220039483887617	
1292456346139471872	
1292295033492656128	
1292371713699848193	
1292813700773158917	
1292891463236366337	
1292962285971939329	
1292649871296671744	
1292695924628574209	
1293143373075931136	
1293253599456137217	
1293170552484462592	
1293303176100225024	
1293472479583834112	
1293437042358190080	
1293338894339960834	
1293445111305474048	
1293578490399268868	
1293600384393469953	
1293617235521687553	
1293419095262728192	
1293871168730968064	
1293837774601236481	
1293791419224723456	
1293758425629827072	
1293766391250726912	
1293975103550652418	
1294055634086887426	
1294237079745028096	
1294253185851371525	
1294270854369619973	
1294296219536130048	
1294311319110406151	
1294245132938539008	
1294351080848072704	
1294412485613690881	
1294403929254445056	
1294366859551059969	
1294261919948382208	
1294764071900729344	
1294773363404156928	
1294624130218696708	
1294662885390659587	
1294471122029670401	
1294465333768552448	
1295088341373743105	
1295020240431185920	
1294998346214465537	
1294930649921531905	
1295098183853281280	
1294908813359931392	
1294822436848852993	
1295392419828113408	
1295184419058118657	
1295192419466534912	
1295328018152304640	
1295376085551419394	
1295824255498690560	
1295548470921592833	
1295539662858133511	
1295769426747437057	
1295754830527438849	
1295725638238851074	
1295711042186616834	
1295580286869274624	
1295644352493101062	
1295652153927688192	
1296231974575714304	
1296186719356612608	
1295918412124893185	
1295892739217915910	
1296016806839287808	
1296031906425909249	
1296024356792012810	
1295956660473626624	
1295934766491942915	
1296275763050708998	
1296326598405234689	
1296283061278011397	
1296484891299848192	
1296498480635097089	
1296583038156054528	
1296552839087439873	
1296430673629261826	
1296462493880115201	
1296310995284119552	
1296909761066147840	
1296753306832904192	
1296828030103564294	
1296708363552722946	
1296598389321109504	
1296628336521883649	
1296644883784990721	
1296671967513382912	
1297215185246183424	
1297186766370136064	
1297179501986828288	
1297287914091552769	
1296989695692292096	
1297670524747649025	
1297482464496177152	
1297489762744512514	
1297504358804811776	
1297547895629942788	
1297555193702170624	
1297949048197074950	
1298018791339646976	
1297980747806994432	
1297717633349906432	
1297788480685211648	
1298222591342268417	
1298215293337075712	
1298207994979721216	
1298130987717722113	
1298333142009421828	
1298730602091302912	
1298672304621314056	
1298663496633081859	
1298629271141875720	
1298741691478765569	
1298531376132571136	
1298469919072194560	
1299030665942274052	
1299132084024348672	
1298856266769608704	
1298908611851300866	
1298892757063401472	
1298772331821596672	
1298822544686870529	
1298992305999732752	
1299065197206831104	
1299016300166033410	
1299278297637904387	
1299198773592195075	
1299447765554978816	
1299436260071792645	
1299366629579481093	
1299285343905239041	
1299315105507799045	
1299388523875692545	
1299810303144857602	
1299686235804446720	
1299496991592861696	
1299516196396519425	
1299730024141070336	
1299649745187725318	
1299640194912718850	
1299628368904835073	
1299700662578614273	
1300084610509025281	
1300192069026295816	
1299993761884196864	
1299986611539783680	
1300037550539714560	
1299893350200303616	
1299908701503905792	
1300525767630127106	
1300275269538779136	
1300292731814592513	
1300312864671117312	
1300320414313439234	
1300357911818964992	
1300403210214137859	
1300251286575575041	
1300614353503223809	
1300699411706568706	
1300690855485870080	
1300652351582134273	
1300622915642167296	
1300606352520167424	
1300780697662050305	
1300932591550263296	
1300923425318338560	
1300848896802000897	
1301042925065957376	
1301126978934841345	
1301142330229927937	
1301215311069360128	
1301247774961414144	
1301285523659595787	
1301405816361082880	
1301435008825999361	
1301473763981225986	
1301597053932404737	
1301507989791100930	
1301551617725083649	
1301569225807532032	
1301608327827337216	
1301669295257051136	
1301806083397345280	
1301820523660349441	
1301780535388315648	
1301842191715692551	
1301773237236498432	
1301905258625540098	
1301877331821244416	
1301849489943097344	
1301930570725953543	
1302002447351676928	
1301973919537266694	
1301713898525974528	
1301692037419294721	
1302159137032278016	
1302202314850099200	
1302261406163709955	
1302217917430292481	
1302382753619550209	
1302374449044365344	
1302279070621655040	
1302584038264320001	
1302706134600491008	
1302526198694645760	
1302404144624365568	
1303107258994159618	
1303031025577099264	
1302789936911757314	
1302759737851703296	
1303015926040846339	
1302992773386174465	
1302978177258549248	
1302931620186521600	
1302825672042110976	
1303356419391893506	
1303364472514502660	
1303429148640043008	
1303247702994694144	
1303534090096869377	
1303557997528977409	
1303594487994880000	
1303625071618031617	
1304046466382655490	
1304072498363891712	
1304147381227642880	
1304192323740344320	
1304037658327482368	
1303854304814538752	
1303900392271405057	
1304557835926339597	
1304548025784647681	
1304541478408970241	
1304325555282567168	
1304238753272066048	
1304419172152090624	
1304380668390981634	
1304789864936878082	
1304752367875903488	
1304714367464742914	
1305084053461196800	
1305136901482000386	
1305099404458766336	
1305257949036650496	
1305531249902067712	
1305657330604810240	
1305515898804015104	
1305567237231828994	
1305473368448098305	
1305367923498811394	
1305404414027378689	
1305665635410743297	
1305986751362732034	
1305993773357305857	
1306010658908057608	
1305703384477966338	
1305710934191562752	
1305742894288887808	
1306079814609113088	
1306112466443816960	
1306120024189534210	
1306141242040909824	
1306174235128270848	
1306207707234553857	
1306342344350867456	
1306350900676501505	
1306358953719201792	
1306389656016007168	
1306554240672784384	
1306539484754968576	
1306466663622205441	
1306507683894358016	
1306710520590991360	
1306656162507620352	
1306583433037017088	
1306910578934534145	
1306867584420151296	
1306875608245268480	
1306885171225001985	
1306835846385942528	
1307053027359174656	
1307044974148501505	
1307097822370594818	
1307318778879856640	
1307429256415391745	
1307418568313634816	
1307344447470878732	
1307302420603711490	
1307112418733174786	
1307167533066317825	
1307792602649915392	
1307489151235821569	
1307629576252616704	
1307683434295328772	
1307990202443599872	
1307960758773248001	
1307891804168126464	
1308045567478689793	
1308029713059733506	
1308140694146560003	
1308124084765589505	
1308096150570848256	
1308172151581601793	
1308469611676012554	
1308338497665761280	
1308443690810003456	
1308433819956137994	
1308425068167540736	
1308537055870320642	
1308526991130456070	
1308461078330986500	
1308323649842102274	
1308314338361593857	
1308242083388354561	
1308582252524183554	
1308891139165032451	
1308884077601267712	
1308835522610159617	
1308898437186940935	
1308677732964814848	
1308641745614385158	
1309036094076252160	
1308973313750970371	
1308964623618637825	
1308957325261025280	
1309099512057729030	
1309249751968182272	
1309241950722088961	
1309162884967129097	
1309359475095109637	
1309383382615326721	
1309399991962816512	
1309420628039143424	
1309560333074411521	
1309621451226521603	
1309499900288090114	
1309342110848491524	
1309644428412252160	
1309948070696595456	
1309813969960329221	
1309835864139333633	
1310044764172103680	
1310346982255333376	
1310238768889081862	
1310216874756657156	
1310209576617287682	
1310195019010191363	
1310457153279361024	
1310383769346625537	
1310581779196248065	
1310972352776122369	
1310778324164268033	
1310770357809213440	
1310747488966643717	
1310989969071185920	
1311043823657783299	
1310923027639463936	
1310803491506585602	
1311266037837434880	
1311449748394647554	
1311337828597497858	
1311353867297153026	
1311380092212436992	
1311397403669393408	
1311442121635835904	
1311122560743092227	
1311128058326384640	
1311132652158803969	
1311172420951257093	
1311203780176883712	
1311124162510032897	
1311478483093131265	
1311508804908077056	
1311568782670860288	
1311922614126866432	
1311898042916900864	
1312032346288291840	
1311862326258139136	
1312097013505429509	
1312024490948407296	
1312359996244611073	
1312207239676035072	
1312340747354550272	
1312225107390025728	
1312599365396000770	
1312855770870890496	
1312786135236698116	
1312573462611808256	
1312563443472322560	
1313139341489844224	
1312956708755369984	
1312948506349322242	
1313150649413107713	
1313048827851571200	
1313114848633532418	
1313201038153797632	
1313195932037586950	
1313236806687547392	
1313258449166233600	
1313249343546126336	
1313480882561462272	
1313454747060441088	
1313532925972033536	
1313346748312621056	
1313375940538519557	
1313601049005965314	
1313795203183063041	
1313817097475162112	
1313845813630636033	
1313727758678323200	
1313663418113519616	
1313756951138852865	
1314231578646675456	
1314219247887736832	
1314125209788731392	
1314077789679742978	
1314327033082593281	
1314253472930263040	
1314049479172141057	
1314036262022647811	
1314014893050343424	
1314222895401521152	
1314505384363732992	
1314694636129136643	
1314585661865893888	
1314592959854120961	
1314662387988004865	
1314423359057395712	
1314767308619870209	
1315038646630846464	
1315257003766317062	
1315098792958418945	
1315322196831670272	
1315139041906454528	
1315570903774720005	
1315796137819795457	
1315464200534126592	
1315486094956216320	
1315505976057884672	
1315641461963206657	
1315622745342963716	
1315607645777141762	
1315584996451799041	
1315810230702206976	
1316110459045519360	
1316075301135409154	
1316050312831086593	
1316125055290490880	
1316148207739498496	
1316043208430936065	
1315880699262652417	
1315942286178516994	
1315985888791257088	
1316003504402522115	
1316516172670492672	
1316527609962872833	
1316501589369131008	
1316487035822116864	
1316479446564499456	
1316319335586037762	
1316217413759885313	
1316225774131658758	
1316268248770375681	
1316290143322423296	
1316447353310601217	
1316194009598095361	
1316494422012391424	
1316837795827052544	
1316624093530124288	
1316609553757282305	
1316590355593064448	
1316878376326504448	
1316830033013600256	
1316807083619164160	
1316790549173678084	
1316780607909789697	
1316721875381366795	
1316660583815577603	
1316912997370036226	
1317058204191215616	
1317104509408153600	
1317111807346094080	
1316960057238671362	
1317155596009938945	
1317199384430342144	
1317148300206747650	
1317215993622482945	
1316990004682313730	
1317036058186403840	
1317050402538401793	
1317090341644894208	
1317611600505794560	
1317572844889403392	
1317493069567045633	
1317447770916048896	
1317466833969184770	
1317477689557647360	
1317278246182866945	
1317433174754906114	
1317962651406757889	
1317941272800333825	
1317855099474092033	
1317773467228536834	
1317978518098268160	
1317781504420958209	
1317633494638501890	
1318258865541054464	
1318287806167359492	
1318309700384018432	
1318038412767580162	
1318190414864723969	
1318145619555360768	
1318137566269304833	
1318077419807531008	
1318122466787512321	
1318371104893902848	
1318400354908659713	
1318462457392738304	
1318485106458202112	
1318348455736168448	
1318416906903298048	
1318678127988543488	
1318605600696262656	
1318560100701917187	
1318552802612764673	
1318645915977097216	
1318757840186601477	
1318817659027415042	
1318835978384101376	
1318845223217356800	
1318709082132516866	
1318934940206194688	
1318949334747127810	
1318995969732726784	
1319102051570323456	
1319124318173884416	
1319156050000564224	
1319177921257336834	
