1319222213233422339	
1319265726352527361	
1319273048147623936	
1319395353905434624	
1319739099016691712	
1319723013705785344	
1319629899900973056	
1319644014774190081	
1319499037154906112	
1319566223890391040	
1319577199960358912	
1319622112055824386	
1319941955917389825	
1319926856410370048	
1320032705439014915	
1319972155111673857	
1319957558858117121	
1319836690475745280	
1320104007042387968	
1319911756769222657	
1320143282270130176	
1320514478358679553	
1320455401108762624	
1320387642664624131	
1320364741894623233	
1320350145725292551	
1320297045488435200	
1320327244544434177	
1320289244154310659	
1320213566318768128	
1320792812632174592	
1320768825793695747	
1320873342820175873	
1320703221954945025	
1320583936007938048	
1320611589414944768	
1320602602879524868	
1320523790007201792	
1321127353540640770	
1321077438042968064	
1321093543943950336	
1321145934739374080	
1321153690124898307	
1320882905925734402	
1321012761455984642	
1321179589037723649	
1321507045988851713	
1321384741967482884	
1321252591691464705	
1321242273909071872	
1321535521500385289	
1321592582112268291	
1321585284006502400	
1321539310240337920	
1321518046389981185	
1321515097588641793	
1321470948164468736	
1321452820709756928	
1321462744533618688	
1321879975834783745	
1321731749173366785	
1321724560148992000	
1321716146391928832	
1321692993644974081	
1321686198969077760	
1321889137096642563	
1321960758117244928	
1321858081605750785	
1321829392864202753	
1321823101013905408	
1321865379828871168	
1322030467336515584	
1322081554336722944	
1322089607027138560	
1322129480736014336	
1322130118911971328	
1322014361485897728	
1322065951249092609	
1322056136665845760	
1322145893521522689	
1322233807563489280	
1322282629400506368	
1322226509310996480	
1322275331303235585	
1322597784399290368	
1322327927892045824	
1322552975341031424	
1322335477265883138	
1322480432382767104	
1322488737062813696	
1322968153517887492	
1322896423440982016	
1322851714198867968	
1322843323430707202	
1322835522323173376	
1322777137439371264	
1322707189438402561	
1322714454513967106	
1323181122084343808	
1323149217402179584	
1323131283078303744	
1323310134735605762	
1323078624011034631	
1323199168295260160	
1323097870367551490	
1323372285995134976	
1323519780796702721	
1323529343918727169	
1323565687848210432	
1323454513395638273	
1323707726107693057	
1323733913047584768	
1323784273619570695	
1323776976998473728	
1324079452633075714	
1324057262260891653	
1323914381202247682	
1323844924442292224	
1323965971229417473	
1323792077692555264	
1324369467841875969	
1324464506215505921	
1324456704982032384	
1324419207891689477	
1324387295416537089	
1324341696767827969	
1324483113737740288	
1324294133733838849	
1324333895488208902	
1324228450295701507	
1324220397378699264	
1324697758410907649	
1324621174987436033	
1324586433458376706	
1324747441174945792	
1324859861172170752	
1324845268626411520	
1325037388075249665	
1325017156581548033	
1324905914499993600	
1324915477475373057	
1324978140419039232	
1325110513043464192	
1325185589671567360	
1325095161722933248	
1325318471979298817	
1325462330994421764	
1325562462544908288	
1325478436916244480	
1325454278291566598	
1325509894229798913	
1325430118601412609	
1325377018700066816	
1325295733264666624	
1325263868193468416	
1325237348456685569	
1325760565441081353	
1325774027412172803	
1325649314035675139	
1325685521595703296	
1325868759169560576	
1325900467851857920	
1325908521192402944	
1325830003595112456	
1325814400792530944	
1325838056570687488	
1325790996588867586	
1326230646214205440	
1326121927069626369	
1326105983207288841	
1326078138481192961	
1326056244294025217	
1326019373341892608	
1326012455890243585	
1325986534852616193	
1325978230457729024	
1325969157821640706	
1325968064010022914	
1326635058367655936	
1326669787414491136	
1326540184490565633	
1326532129950478338	
1326400260982280192	
1326392963094679555	
1326492108199440386	
1326925472098299904	
1326879166709587968	
1326955671095439360	
1326978571999404032	
1326806689086136321	
1326784794789703680	
1326963724213686273	
1326762900686573571	
1327266469118406656	
1327150671888519168	
1327085805819490304	
1327100961911836673	
1327114970627141632	
1327123023405617152	
1327134394889482240	
1327227713883521025	
1327046476141191168	
1327635148129484805	
1327746884572573696	
1327754182368038912	
1327442629747884032	
1327555372953993216	
1327539681374953473	
1327493035345604608	
1327470311986565124	
1327405300895289344	
1327776831651495937	
1327843772789444609	
1327952237612580873	
1327836977895329792	
1327960542548529152	
1328309696147681282	
1328318088773824512	
1328349354160058369	
1328385844735045634	
1328307075890302976	
1328413866146095104	
1328212452060917760	
1328194332831096832	
1328442971268677632	
1328497319923224576	
1328699662711320577	
1328585912750538752	
1328721556772589569	
1328781199783854080	
1329200186728452096	
1328970949929050112	
1328964155278315520	
1329065574198964225	
1329145097754120196	
1329122455135395845	
1329093256890597376	
1329046447489073152	
1329100554434330626	
1329442557718384646	
1329252052434903040	
1329222860213194752	
1329457153795518464	
1329287745810751488	
1329314461639979010	
1329327083743490048	
1329563857560371200	
1329572255328702470	
1329402292609511431	
1329386689807097857	
1329365298617565184	
1329848482450993153	
1329779779785138195	
1329819290149806080	
1329745867444772864	
1329863078964465664	
1329870376814272512	
1329899568864104450	
1329735739416875008	
1329579963045933057	
1329650135609950208	
1329677807815942145	
1329694288964423682	
1330261706640068608	
1330172618331156480	
1329960721933873155	
1330131395432357894	
1329990669247651845	
1330501787078455301	
1330549853886185472	
1330566715139244033	
1330355070236459008	
1330452713788772354	
1330745392921681920	
1330663603528212481	
1330900851037188098	
1330928851166265346	
1330875358737018881	
1330867647492337668	
1330781882624208897	
1330811075168636929	
1330825671224922112	
1330796478823067651	
1331144369211133952	
1331180760989134849	
1331047885761339393	
1331173462795227149	
1331376047829479424	
1331307075234897926	
1331289477579345920	
1331238139260637186	
1331225053019607041	
1331024984911671296	
1331217754876211201	
1331578168071892992	
1331606315429371906	
1331438207422980097	
1331727362765987840	
1331720568513720322	
1331489121408315393	
1331949576970878981	
1331975749448949762	
1331870826421919746	
1331842370527252486	
1331898490226569216	
1331906795028180992	
1331925417708703745	
1332055171015249920	
1331968954995073024	
1332138068959141889	
1332209288056594432	
1332227002980573189	
1332241500722192385	
1332260782571184130	
1332268931122335744	
1332436787323490304	
1332384191082852364	
1332362296782254082	
1332369091642884097	
1332649941848698884	
1332658246704791557	
1332684613416837122	
1332839189033828353	
1333193775363936256	
1332857308259315713	
1332883983911297026	
1332995720262127619	
1333312557956947970	
1333397366821449729	
1333448705366745088	
1333478652596555777	
1333501553513279488	
1333362505486364672	
1333330756433801216	
1333259961519009794	
1333871534310617089	
1333736853929746432	
1333729612224978945	
1333722771541667845	
1333682495817060354	
1333602971515580419	
1333880047539773444	
1333862179595038720	
1333849345523920898	
1333820656396488705	
1334250488255008769	
1334265017248583680	
1334099123075653634	
1334036822037565441	
1334034526344015872	
1333998830010843136	
1333938938847793153	
1333928617315889154	
1334100603115622400	
1334100605707710466	
1334210618505703424	
1334231884944072709	
1334221939460759554	
1334202521552900096	
1334420105820827648	
1334383615388622848	
1334369181819670530	
1334463894367199234	
1334493841777373185	
1334542411893071872	
1334587710330253319	
1334593683870666752	
1334642068694552576	
1334442000079327232	
1334434702032252932	
1334346873440772096	
1334376317211484162	
1334807157766836224	
1334814454303756289	
1334799858465693696	
1334679817397043200	
1334709513182711815	
1334717062569144320	
1334739211858178054	
1334753804688842752	
1334775698972663809	
1334836851920670721	
1334829050586570753	
1334792612344164355	
1334895965296275457	
1334921171951906824	
1334929688163201024	
1334958105604579330	
1334982059027288065	
1335011503028588544	
1335254362747187201	
1335354009566261248	
1335242776716390400	
1335224657348358145	
1335183115606765568	
1335199491520147456	
1335191766451036166	
1335034152287006722	
1335079953809862657	
1335721431045431297	
1335622780868431873	
1335698278277656578	
1335578991990861827	
1335407109475684352	
1335430262251868161	
1335514938220163072	
1335540005926789121	
1335560690506018822	
1335702197884002305	
1336047579864436737	
1335852292751421448	
1335800451153895426	
1335792398320988163	
1335752133157646336	
1335830398710947842	
1335844994767314944	
1335917724506202114	
1335895829782142976	
1336010334352633860	
1335987685186387972	
1335980135586160640	
1335965036041232388	
1335957912636837891	
1335925022460948482	
1335949936349868034	
1336298734800392193	
1336306213965983744	
1336375238800633857	
1336360139352207360	
1336262434332565504	
1336232296861589505	
1336217700755005441	
1336173661989068800	
1336154363404828673	
1336188256728141824	
1336444948116365313	
1336099673065451521	
1336437649968545794	
1336429093554810881	
1336382788564611074	
1336119415461400577	
1336697823253962753	
1336635956598804480	
1336643255019028485	
1336650553074606081	
1336657851268308992	
1336665149218975744	
1336688511139930117	
1336616315021389824	
1336628761161293825	
1336730550321766400	
1336814885733236736	
1336594684618166276	
1336535545090994177	
1336519690617716741	
1336465332408635400	
1336851627668627457	
1336897932902113281	
1336920833634283521	
1336957827601076224	
1336967492065927169	
1336842568026316800	
1337178862795407360	
1337162174075060224	
1337068305711030275	
1337038999668473856	
1337026278646411264	
1337018980691705859	
1337011179290390529	
1337076449468166151	
1337328968379273218	
1337337328675790850	
1337345633196204036	
1337352428346245122	
1337541926539718657	
1337477502009151488	
1337394188023980033	
1337385143368114182	
1337308525303902212	
1337291129226747904	
1337200428954644481	
1337273910283431936	
1337469952014499840	
1337244466424340481	
1337571622065213441	
1337797359787409409	
1337758855867097088	
1337752061212057607	
1337698961390522370	
1337690907949166592	
1337611132354371584	
1337603079471050755	
1337594774631501825	
1337579926778687488	
1337587220870402049	
1338061852585173002	
1338065454196264960	
1338083998522720256	
1338099349562269697	
1338149996579926017	
1338167045595275266	
1338235496607039489	
1338259498964643840	
1338076448666636292	
1337922685314027521	
1337930738382069760	
1337938539657367552	
1337970501826863106	
1337978050013769729	
1338041688389001216	
1338493949523099650	
1338530440450347033	
1338508545793388547	
1338567851238694913	
1338424238181638145	
1338574983551877122	
1338274000070299649	
1338321311303520256	
1338344212711043073	
1338351510858526723	
1338369119670980609	
1338376424994922497	
1338388559053590529	
1338396126710538245	
1338328861684224000	
1338412663999614976	
1338986432858230784	
1338950205895397380	
1338807666173415425	
1338928311448162304	
1338921013615222785	
1338877225609916418	
1338855553343242240	
1338838804858277888	
1338846774832885762	
1338650229516558337	
1338781817256767491	
1338791751243489280	
1338815820265377792	
1339293216101736448	
1339322784397201408	
1339278619940540416	
1339271321918664705	
1339133134252765184	
1339140459424309250	
1339147757618073601	
1339157280651177984	
1339165122120433665	
1339257660470915077	
1339244394415677440	
1339256964421980162	
1339014320445771776	
1339021658565169152	
1339036042217705472	
1339051875623198720	
1339088650215288835	
1339124856688799746	
1339373243397005317	
1339557457467621377	
1339565258596343808	
1339580358132703233	
1339630437237469185	
1339642798216241153	
1339507383580712960	
1339541603153825794	
1339491001195487233	
1339485025671196675	
1339473906806136833	
1339442045916762112	
1339365441861382144	
1339697127606415360	
1339667935174922240	
1339504909398515713	
1339887072904134657	
1339920096811245569	
1339911122502225928	
1339879328155381764	
1339831971078426624	
1339800055725785088	
1339724809849155589	
1339731604659462145	
1340008474659459073	
1339763313513787392	
1340016568407891970	
1340113370213658626	
1340137971438166018	
1340227963451748353	
1340249981874270212	
1340258113061052417	
1340330142330175489	
1340443042608771074	
1340796119190810625	
1340780516274884608	
1340715058012237825	
1340695959622152194	
1340495890721746944	
1340510990111150080	
1340518791646625792	
1340667270142582785	
1340651865667760129	
1340631394842800134	
1340596554135027713	
1340587894449254400	
1340848463874027525	
1340871616474079233	
1340893007558529029	
1340914903155171329	
1340855762323554304	
1341023880677384194	
1340994174598823937	
1340986876216320001	
1340979577963864067	
1340972279916728320	
1341056671993499651	
1341146175483736064	
1341040273359589379	
1341153976960442368	
1341161778533838848	
1341131327849041923	
1341100205199020033	
1341080880396312576	
1341072188250722308	
1341214626621648896	
1341489941214158848	
1341482404146524164	
1341470383208361985	
1341421546666151936	
1341394401914970112	
1341362098513702912	
1341347502310699009	
1341311249758470144	
1341409518568222723	
1341275276278341632	
1341267978105569286	
1341253382116233217	
1341496987355639813	
1341504789008371712	
1341289872527601664	
1341833454317694983	
1341817096448004097	
1341809546822500352	
1341737572620509184	
1341720794230104066	
1341746381136879616	
1341761983704608771	
1341778089626513413	
1341676060937732100	
1341550590476709890	
1341588339019849729	
1341595637381541888	
1341618538172321793	
1341640994425610240	
1341683465956196352	
1341948965395300352	
1341964317244207105	
1341933646698008576	
1341917255819390977	
1342064728303132672	
1342082092671397889	
1342253975182008320	
1342155828594233347	
1342163630071017473	
1342231325986549760	
1342132664359399426	
1342517461480951810	
1342283726118514688	
1342292982209282048	
1342433659379322881	
1342411869496221703	
1342309340028358659	
1342539355936710657	
1342455553780555778	
1342578649371795458	
1342462851743531009	
1342495567042252802	
1342502865282199553	
1342607555034570753	
1342780696046137344	
1342772643305439233	
1342764841581211650	
1342695887097786369	
1342797053693284354	
1342957863258509312	
1342940684421111808	
1342889412271587335	
1342877081051381760	
1342852670294544386	
1342828762719633408	
1342820709693702145	
1343342145357324288	
1343326220465782785	
1343226634459992066	
1343200277432848386	
1343218581396312064	
1343024804434239489	
1343128990807183367	
1343150386912362498	
1343057519955030016	
1343192516070428673	
1343166487901704194	
1343665526330028032	
1343581472477880330	
1343629035792809984	
1343549765779292162	
1343514771103117312	
1343648718076211204	
1343535318356684801	
1343589022283649024	
1343696228522061824	
1343366198575034370	
1343370256530644992	
1343411854807199745	
1343434755753312257	
1343442053686906881	
1343463948067041281	
1343490573139894272	
1343557565397958656	
1343504968465014784	
1343704029977694209	
1343726930869153793	
1343764931255169025	
1343810229746556928	
1343832124097499138	
1343839422131937280	
1343846720174764033	
1343854018158682112	
1343862492041269248	
1343869621217189891	
1343876919301976065	
1344049053554757633	
1343734732459102208	
1343891515416997888	
1344009587343683589	
1344041252258340864	
1343926244187009029	
1343948893344526338	
1343940840352174080	
1343918815772553216	
1343963237990150145	
1344178949199454210	
1344172365853433857	
1344180951279149057	
1344150494718078978	
1344385772145799170	
1344420193792008193	
1344165067928043520	
1344360606422376448	
1344368407739822081	
1344101650395348992	
1344093848922943491	
1344208856507850753	
1344108948073426944	
1344352572526661632	
1344336195669680129	
1344309479320522754	
1344237854315208704	
1344255664978276352	
1344216154454306818	
1344283164890554369	
1344234716967428096	
1344748047968956441	
1344744790211100672	
1344738596981415936	
1344730544043487232	
1344706384932163586	
1344457803323174912	
1344494996938842112	
1344437544344117249	
1344526449106178049	
1344548343419047939	
1344651774976688130	
1344555641407479810	
1345027500871618560	
1344976414018158593	
1344983712186957825	
1345005606449639425	
1345189568501321728	
1345392424345083907	
1345375795750035457	
1345351474289782786	
1345305583054946304	
1345168429230272517	
1345160376258727936	
1345383848863956994	
1345197370032709634	
1345297842085257216	
1345848409803014144	
1345750806994292737	
1345721187196956674	
1345552459784192002	
1345885906851524610	
1345900503197167616	
1346203248093323264	
1346198500711788545	
1346198466696007681	
1346085471986667520	
1346162731083210753	
1346170784444608512	
1346109133162889216	
1346041431866150916	
1345949576461598721	
1346026835751145474	
1346188011512475649	
1346187141986992128	
1346401303140831234	
1346296361461792769	
1346427009535275019	
1346393249913606144	
1346335116847669249	
1346326812239015937	
1346498331082694657	
1346477807082344448	
1346551762401034247	
1346548523253305345	
1346521524799463424	
1346513748098482177	
1346540973376102406	
1346804459939233792	
1346786588777443328	
1346681146994782208	
1346713359358554112	
1346751108023255048	
1346766207660134403	
1346774665918898182	
1346895308739866625	
1346811757713522694	
1346795052987797504	
1347279340069912584	
1347231523557224454	
1347263232516513794	
1347092356613378052	
1347032461973147648	
1347121549283913734	
1347620335839965184	
1347629143790387201	
1347475883985170434	
1347385538500653058	
1347490075639164929	
1347498533113368577	
1347504824426795009	
1347514891012337666	
1347538547021119488	
1347546599921131521	
1347588375016968193	
1347653806348095488	
1347645501370363904	
1347713448956854273	
1347915782366310401	
1347720747276398592	
1347894139644309506	
1347767555683872768	
1348322965369344002	
1348273891991572480	
1348259295930896386	
1348422965298307073	
1348710267618619393	
1348781171354656768	
1348760820268756993	
1348777086824050688	
1348702969605271557	
1348490487229894657	
1348472786843443201	
1348570597396197376	
1348578902088708096	
1348695671247937537	
1348596014710546433	
1348651882852589572	
1348628675198132225	
1348528318375669761	
1348946574420946945	
1348864030417555456	
1348852189930815496	
1348979793870475264	
1349059589141094401	
1349096059465711616	
1349088761364111360	
1349074165270253569	
1348998006524280837	
1349036989484589056	
1349028674297851909	
1349307460381761536	
1349242524477620224	
1349161490654261251	
1349439321498136580	
1349181623355453440	
1349366340734365696	
1349837947982368768	
1349800199238021120	
1349784596569796608	
1349752384390479872	
1349712179147255809	
1349680410045927429	
1349650210952249344	
1349893196730433540	
1350120811856859136	
1350082056559071234	
1350105209121304585	
1350149501315551233	
1350191024459681793	
1350199581070544898	
1350217197294145539	
1349911180437950464	
1349928544818896896	
1349936597999865859	
1349990201444036611	
1350164852048855042	
1350022727437078529	
1350273316792229888	
1350255197495300096	
1350245886157221888	
1350449056842211328	
1350488484809568258	
1350421795099324422	
1350314085288706049	
1350434881227001859	
1350853492244676608	
1350885778377895937	
1350740645930029056	
1350640409383297024	
1350760024126025731	
1350619836712329216	
1350653049161699329	
1351133235972087810	
1351239823013654530	
1351090883416961024	
1350997578339463171	
1351024013129052160	
1351048424141983744	
1351082649524137984	
1350958833825361920	
1351374069833355266	
1351333804682559488	
1351638000648794114	
1351411315231780864	
1351631966639153157	
1351326254893395968	
1351447805810757632	
1351454983871455232	
1351608154421932036	
1351499395762679814	
1351492097493315589	
1351484799702228993	
1351476997923356674	
1351696444349153284	
1351889466131054593	
1351897926113644544	
1351863042292649984	
1351741491069284352	
1351804657031639040	
1351819253641428993	
1351833849525886976	
1351855743956344833	
1351782762735431682	
1352027997033824257	
1352159998659346432	
1352191455893331969	
1352194666393866241	
1352361148939710470	
1352223660556378113	
1352338424498282496	
1352263430342930432	
1352277273181892608	
1352330072351502337	
1352381749444059137	
1352391272967905282	
1352402734230605825	
1352209433498103813	
1352763726768742401	
1352719938318790656	
1352609712081137668	
1352585804338479105	
1352578277433618432	
1352547720997851137	
1352444120854220802	
1352695023926652931	
1352527176965484544	
1352986529984090112	
1352991477287161856	
1353094657316556802	
1352829157932212225	
1352936364237459456	
1352783559124127745	
1352791379517169666	
1352928311098429440	
1352838874477674496	
1352920258479149060	
1353387587726168066	
1353274341350395905	
1353184750911905793	
1353179969480843264	
1353170657937391617	
1353165373269393409	
1353472648097853440	
1353317878171394050	
1353344050510798848	
1353352606916046848	
1353376514600038402	
1353801816874438657	
1353770107936403460	
1353599735626493952	
