1431906216574341120	
1431875011216822273	
1431813859568803843	
1432309373162954764	
1432254763307962368	
1432424884332814338	
1432158126506188808	
1432580409003495430	
1432733669039349761	
1432667734630928387	
1432689637735256069	
1432517746143612929	
1433032890703433730	
1433056546670399496	
1433079950727286790	
1433129024126029828	
1432970479409664002	
1433227170688737283	
1433256165052346368	
1433462722998513666	
1433757163034267652	
1433857574558834688	
1433886766973341697	
1433694751916658688	
1433984662095937536	
1433961509445677059	
1434182213797662721	
1434218452659556355	
1434014860858347525	
1434162584475738117	
1434280360376946690	
1434022159089766407	
1434463820517347329	
1434473586178285569	
1434608774505848833	
1434432613578690564	
1434375235436892168	
1434401408023937025	
1434417010809589761	
1434383288504815617	
1434989029993304066	
1434684775126740994	
1434840803260592131	
1435125680451186691	
1435638560137388040	
1435427670469316610	
1435708772605902848	
1435840512171200520	
1435863794253635588	
1435900284450992130	
1435938537036128259	
1435790310060134402	
1435964651854913540	
1436097584548900867	
1436081716226048003	
1436339176585056261	
1436179122225651715	
1436238261836558338	
1436259149252374531	
1436251438091542529	
1436461230793834496	
1436397309726691358	
1436368620469243905	
1436773085328326656	
1436740068258033670	
1436819843710263298	
1436537986401939461	
1436584794935099392	
1436622795304226821	
1436507787471859719	
1437157317481361408	
1437050289023078403	
1436978892137320449	
1437090879576023041	
1436879321201737729	
1436926096885256193	
1437196170497986561	
1436995613657284612	
1437371982086123520	
1437412247400235008	
1437523983478374400	
1437532036651261960	
1437318002719039489	
1437235080171302921	
1437574316732866561	
1437727514227511296	
1437788979672203264	
1437889139748319232	
1437981246391402498	
1438127963539755016	
1438119471898562564	
1437973193390641156	
1438091724576931843	
1438069326855106571	
1438215037001379844	
1438256812310949889	
1438359237344698370	
1438536404653551618	
1438574398714306565	
1438514259063885824	
1438633292933201924	
1438961256522784778	
1438942078029942791	
1438952337905750022	
1438958110345990145	
1438740247635197953	
1438984356324724736	
1438689161138122754	
1439367380011032576	
1439285842963533830	
1439652005664870401	
1439714165191491585	
1439486666092077059	
1439789917932982278	
1439923974310408192	
1439947495338090503	
1439938390070337536	
1440009863673704450	
1440036539577208839	
1440148159473197058	
1440315958967427082	
1440310991917445131	
1440299138336190467	
1440444477420756992	
1440386385618227201	
1440368477739503624	
1440319388855328777	
1440402084801646599	
1440524756210573312	
1440704593663442957	
1440692109061890049	
1440684307866001424	
1440668704887480320	
1440540862438465536	
1440903250253860869	
1440988814063902725	
1440973714741362696	
1441104828667674624	
1440996615565758464	
1441448090725142532	
1441586754163593217	
1441752345306714113	
1442077990985232388	
1441938320691499014	
1442353556808519681	
1442361609871970306	
1442654288250081289	
1442872476338298881	
1442941922339741696	
1442802011720851458	
1442731799394750467	
1442988239309000708	
1443003590256123912	
1443315394635259904	
1443226055993479175	
1443575861156802563	
1443523012716683273	
1444006701460594690	
1443997891656228865	
1443787169336758315	
1444447353457479680	
1444194939936587777	
1444226649281675264	
1444250053175123970	
1444532917141659648	
1444493406865035265	
1445015346012905472	
1445034239544659968	
1445400886470066176	
1445502007905689608	
1446043369977876480	
1446035195094872064	
1445978693701185538	
1446242901068075010	
1446130192158642180	
1445909236685291522	
1446164742180069381	
1446356432752947227	
1446506169866932228	
1446830556927438848	
1446919140565000195	
1446634766862733313	
1446718568838557696	
1447174573850497025	
1447143619941441536	
1447322544089010183	
1447084983315836928	
1447015777236754436	
1447404088023568386	
1447358787715805189	
1447429251788013575	
1447474550313209858	
1447645819889459209	
1447598078744276993	
1447627327404482560	
1447497954600775687	
1447860593990332419	
1447816050611929091	
1447937098254741504	
1447770751872995330	
1448183471592165378	
1448206875707641858	
1448468602328322050	
1448537806406492163	
1448844326025318407	
1448952791318339606	
1449058589893697542	
1449118436949471233	
1449456862261305346	
1449378848278138882	
1449725885154660357	
1449784018178695172	
1450073373841580036	
1450065120248221700	
1450039199994843138	
1449963198568800261	
1449891475953647617	
1450183651384233990	
1450175598467321857	
1450191704292618241	
1450315771784073216	
1450303062292135939	
1450973103245434885	
1450782094708314116	
1450851134243962885	
1450937619433598987	
1450946679184650252	
1451110256948523009	
1451294468355735576	
1451659626823442442	
1451645176695435268	
1451491316626608130	
1451390353018220544	
1451553930576601092	
1451851642479939584	
1451843840764260355	
1451796025643966468	
1452184585903558656	
1452267130079125511	
1452664246584623119	
1453099143975555075	
1453112467584962570	
1453129059303452675	
1453447978006585355	
1453402863602909187	
1453348757106413576	
1453365870537822219	
1453332147490725888	
1453151960056700935	
1453182405372628995	
1453214371513995264	
1453290623964889088	
1453206570263842817	
1453844775853953028	
1453789159017959425	
1453656283421331457	
1453750907070517259	
1454158593163345920	
1454175355418284034	
1454221004360847360	
1453979919789150212	
1453919527071272965	
1453949977139367945	
1453995519185883138	
1454587167053803524	
1454570535485018112	
1454479458014883846	
1454578862365429761	
1454342308795756547	
1454414525307006980	
1454381310936375296	
1454285680952037376	
1454714254540431367	
1454761063019286537	
1454897461726568457	
1454920865863307264	
1455191902093864960	
1455106338120421376	
1455115146238431241	
1455071105832689664	
1455047953463365639	
1454994601815773190	
1455293692479217665	
1455055251396911106	
1455588263763140613	
1455670807477112838	
1455571402501808134	
1455524342570303488	
1455347930097807365	
1455696225215320069	
1455883010054754310	
1455921962497232909	
1455930267273613312	
1455938324519133187	
1456012056373628933	
1456259688065024002	
1456280072495665162	
1456354059607175184	
1456409676183080970	
1456402406103728134	
1456240813608951811	
1456128825415372810	
1456197024894763012	
1456153991373463556	
1456483412013993985	
1456642460197826571	
1456632142113361921	
1456603201529163777	
1456766527634477059	
1456751931376947202	
1456730037189857282	
1456578604880457733	
1456568220966555651	
1456830533552381957	
1456991258241499137	
1456983457146581002	
1457109286090420224	
1457060870329012225	
1457086669727756291	
1457124637301563396	
1456822367057952772	
1457151061563691011	
1457438958724390912	
1457455334264606723	
1457290983259922432	
1457329990266089476	
1457259777755541507	
1457711756197830664	
1457735160158294019	
1457660920914714627	
1457637516635430915	
1457558851595628552	
1458176408086327296	
1457969800416677888	
1457985811714961409	
1458006788314370052	
1458030103569440774	
1458215325422391299	
1458373113972883457	
1458351916652679168	
1458458677518741510	
1458499697996443655	
1458821317126406150	
1458663779072241668	
1458682401631125506	
1458697249505136643	
1458705050960740356	
1458938338145193987	
1458922735451660293	
1458875927262380036	
1458844721615360009	
1458789608360067077	
1458728958648848386	
1459130605224939525	
1459170870513963009	
1459029535685419016	
1459100695861280773	
1459225983467220992	
1459333189990858753	
1459473363638763521	
1459515642168676352	
1459629895156387841	
1459440899700764675	
1459524198536298500	
1459653299100172300	
1459676703521869830	
1459853332537880579	
1459824175389028353	
1459799512516640775	
1459714452220104707	
1459952521049423872	
1459895143092277251	
1460034058050629633	
1460312895447871493	
1460153847339491330	
1460102761123487754	
1460085144853696517	
1460161648774160388	
1460193609471471616	
1460415823747637249	
1460612117221068805	
1460751336056762369	
1460718572364349441	
1460733164800909313	
1460941034674819076	
1460925431738208262	
1461003446044221448	
1461019803628494849	
1460870821723918336	
1460886424501186560	
1460772675144622081	
1461425728197734409	
1461392509331030020	
1461376151667060736	
1461138083269730311	
1461217103415967744	
1461282039915847684	
1461209050385768449	
1461201248854622208	
1461427095507140610	
1461301157368713217	
1461457940691374083	
1461617995067895811	
1461627549860179975	
1461587292750024704	
1461768235121098755	
1461639889368219656	
1461654795744428036	
1461669333353050118	
1461776036471869442	
1461676381478309895	
1461732247896166400	
1461838447732273162	
1461815043507597312	
1461846973594550282	
1462073257587183618	
1461871666536005635	
1462121311698833416	
1462179193358143491	
1462195299321974784	
1461846973594550282	
1461863613459841028	
1462050344020713479	
1462105205760094214	
1461863613459841028	
1461871666536005635	
1461980382828630017	
1461964025114288131	
1462025178238492673	
1462179193358143491	
1462195299321974784	
1462121311698833416	
1461980382828630017	
1462025178238492673	
1462050344020713479	
1461964025114288131	
1462105205760094214	
1462073257587183618	
1462370201501114373	
1462388321041072130	
1462218955049914368	
1462403672042790914	
1462557435516887040	
1462516414993125396	
1462485209404907536	
1462461805033406469	
1462427831485353990	
1462218955049914368	
1462254053656694789	
1462344784215904262	
1462326161304965120	
1462427831485353990	
1462403672042790914	
1462370201501114373	
1462361645326368769	
1462353340533256193	
1462344784215904262	
1462388321041072130	
1462326161304965120	
1462254053656694789	
1462557435516887040	
1462516414993125396	
1462485209404907536	
1462461805033406469	
1462361645326368769	
1462353340533256193	
1462653568570339330	
1462700377325727746	
1462684891909222407	
1462582662787260418	
1462684891909222407	
1462582662787260418	
1462802298753671169	
1462794497490784257	
1462653568570339330	
1462700377325727746	
1462731582855208960	
1462778894549798914	
1462794497490784257	
1462778894549798914	
1462731582855208960	
1462844613543309321	
1462802298753671169	
1462844613543309321	
1463132726098227211	
1462971665525006336	
1462934419551969283	
1462949691725795329	
1462979222914228227	
1463277932802023426	
1463156130507542530	
1463018642489020422	
1463047162351304705	
1463054719836991488	
1463078116222459911	
1463287495907442690	
1463085917833359360	
1463101520673705988	
1463261826662100995	
1463078116222459911	
1463018642489020422	
1463047162351304705	
1463054719836991488	
1463085917833359360	
1463101520673705988	
1463132726098227211	
1462979222914228227	
1462971665525006336	
1462934419551969283	
1462949691725795329	
1463495868858961930	
1463651393630310406	
1463549723869167629	
1463443020682981380	
1463409549944279045	
1463402001866399749	
1463326505816133634	
1463541671329554432	
1463809435009118210	
1463770707276353545	
1463717579793518598	
1463700718745960448	
1463840641205604353	
1463854997523869697	
1463847210873937926	
1464003966723928067	
1463918654710554636	
1463910809675911174	
1463870588699783169	
1464272512263589889	
1464263930650533892	
1464240630075252736	
1464163266410651648	
1464295295932588036	
1464327850975285267	
1464142594976407604	
1464353520379838472	
1464123504551362560	
1464097583912001543	
1464089027246759938	
1464063106456248323	
1464053291852001280	
1464378434327441411	
1464730761265778688	
1464627576178036739	
1464425494376378371	
1464442355436695553	
1464459971848859656	
1464468527864156160	
1464738305455443968	
1464698040372142080	
1464564913653751815	
1464668848053895169	
1464557113078956042	
1464654383057031175	
1465081418476892165	
1465073071254085638	
1465040068645642248	
1465022931235323905	
1464779577578778627	
1465007328273461251	
1464983924157812741	
1464822611385282562	
1464910188004184065	
1464918814118891520	
1464934599713243144	
1464942904112201740	
1464796959684784132	
1465400670102585346	
1465431875825115140	
1465424074331475968	
1465439677205393409	
1465148658530222085	
1465231052461379587	
1465238853879406594	
1465630937308450819	
1465487657316720647	
1465706434985959424	
1465806594784980995	
1465768846699245569	
1465753746592391180	
1465738525349875714	
1465722289224392711	
1465676236152135685	
1466187605301764098	
1466195155065528320	
1466020001052250113	
1465996597238636545	
1466108333044035587	
1465989011126853640	
1465964978268221443	
1466012199646752777	
1466382640605454343	
1466324004302696450	
1466286007821770754	
1466367037723365376	
1466398998407757829	
1466535442984091652	
1466473740762558464	
1466458138119335937	
1466445806819545093	
1466428633652899849	
1466406306055700481	
1466595544080465920	
1466645416364044292	
1466899295010009092	
1466852486480687107	
1466802658220691459	
1466761615093739523	
1466565345020317700	
1467216635929022478	
1467175363981705219	
1467183417074802690	
1467191721733902347	
1467200026539556866	
1467234755397705745	
1466930752134828038	
1466955414596206592	
1466991150020059137	
1467031908420784133	
1466923202462900224	
1467351524842090498	
1467381723700813825	
1467630865714978821	
1467397074891292675	
1467428280428990465	
1467613501002698753	
1468000048134778880	
1467869940984135691	
1467825900519510016	
1467909954610757633	
1467818273244856320	
1467648229793693697	
1467794880130793473	
1467728508965249028	
1467818262104842241	
1467688243470741508	
1467672640550682627	
1467818255159074816	
1467862250367107082	
1468206156212363264	
1468231607064616979	
1468213957781565451	
1468031002236928000	
1468099704751804416	
1468261772788473862	
1468069253995581442	
1468636743444287489	
1468645048346714112	
1468416039440551939	
1468432145248968707	
1468464105833046016	
1468496569821392898	
1468628941908807680	
1468587870952722432	
1468958889475391496	
1468950057890234371	
1469055857031798786	
1468885184372088832	
1468835553361678337	
1468851156180869121	
1468873817074245633	
1468738664939208708	
1469206497599135749	
1469190894934913024	
1469111873996050434	
1469298856554733574	
1469355730947821570	
1469306658060832769	
1469159689137049602	
1469382407296098311	
1469409082666803201	
1469267650542911490	
1469259906846969860	
1469709310716436485	
1469598077816229888	
1469474513574248453	
1469458407698714625	
1469647589830270982	
1469573918725861376	
1469673826929852417	
1470075473623273479	
1470066665404649472	
1469968267234054145	
1470036466449281034	
1470181421620744193	
1470128321706926085	
1470092334901698569	
1470083778487881730	
1470200044250812418	
1470448070357880840	
1470423769055313920	
1470344736527560708	
1470335827737780228	
1470327433345781763	
1470319743156596739	
1470416470706372609	
1470554630748884996	
1470703612695220227	
1470585081437818881	
1470763507381506050	
1470793706403815424	
1470810819000688641	
1470616035271319552	
1471044861042118661	
1471056183838461958	
1471062477202857984	
1471136717591793676	
1471006608930967553	
1471247446282018817	
1471231088508948483	
1470990251485138945	
1471426298971140097	
1471314890899935232	
1471361195357605888	
1471284440085061632	
1471505647338332172	
1471834564666425347	
1471738934702985216	
1471985307809579010	
1471993360948805635	
1472203283574013955	
1472317245175087108	
1472308437006573574	
1472047719300612101	
1472108368797913088	
1472158319116701698	
1472175670608474113	
1472192422872592390	
1472223264038699008	
1472432504762208256	
1472467233335128065	
1472408850322149379	
1472400795530260482	
1472539885106081797	
1472680387927326721	
1472563347686150150	
1473075491410087943	
1472779038120759302	
1472829621238382595	
1472873661443026951	
1472881211240435712	
1472753620516937731	
1472919018164166656	
1472928019866173447	
1472951675627450378	
1473000749089099788	
1473421773379190787	
1473125571404070912	
1473254801244930052	
1473338726453551107	
1473351742272294926	
1473359865242337283	
1473141425923444740	
1473098392288985090	
1473438634225324037	
1473307521238454275	
1473182697786728448	
1473605483596435458	
1473649494457786368	
1473719233234223117	
1473460780184055809	
1473451720625717250	
1473583589438763010	
1473696080634073088	
1473519668493111298	
1473545337277063168	
1473790458824314880	
1473772333110214657	
1474063250434179073	
1473861923305185282	
1473854122055118852	
1473846068894969863	
1473901433657376769	
1473939937384927234	
1473947235520065545	
1473954533629829120	
1473969129887465473	
1473998322251624450	
1474011700097605636	
1474125171690807301	
1474369270796763140	
1474416578166984713	
1474462381493395459	
1474401982718701571	
1474477479892959235	
1474515232307527696	
1474203675262435334	
1474175741482967040	
1474329001032364033	
1474336299276324865	
1474729157724622848	
1474735932414648328	
1474605573324738562	
1474546434322178049	
1474696422725496835	
1474537877664976898	
1474672011377008640	
1474639044122345475	
1474884409648156675	
1474848172346429455	
1474656408373108737	
1474920397854294017	
1474938020520468481	
1474954179726626816	
1474968214157234177	
1474975763594022918	
1474990862174015490	
1475010994803929091	
1474912848123887619	
1474905298531860481	
1475103605061525506	
1474896993776541699	
1475587625683755008	
1475390495572606978	
1475368349508980737	
1475277500880076803	
1475270204233961476	
1475345703580758018	
1475620008017420294	
1475665306479697920	
1475748680732971008	
1475756406674317312	
1475901613457821701	
1475909163188465671	
1475916638289637382	
1475924262749978624	
1475932064201383937	
1475939865430687746	
1475972077639409667	
1475823599273463811	
1476126595836485641	
1476103191687090180	
1476090608645287938	
1476230660750811136	
1476271047792021506	
1476045310128386048	
1475992462074150915	
1476022661021003777	
1476052860047486977	
1476476904018530310	
1476395618704760833	
1476681502284869655	
1476616826226458628	
1476592918605578240	
1476562468348604426	
1476427327487700993	
1476837278756622366	
1476845080166109194	
1477006392972169223	
1477013691077779457	
1476805691784318977	
1476861941389926412	
1476870759087706113	
1476990790245126144	
1476960339644366849	
1476894153782935554	
1476727555872866306	
