1249873945030877185	
1249862338640928770	
1249894277326360581	
1249908191971835905	
1249915282140712960	
1249929878301847552	
1249944474467422209	
1249959070733344768	
1249855382635171840	
1250205218853142528	
1250173256285310976	
1250097608707772422	
1250148176109199360	
1250115845424062465	
1250106835023036416	
1250088811822034950	
1249973666932285441	
1250030193424678914	
1250017455675596800	
1250011011870003201	
1249995561115082754	
1250066436816592902	
1250427051053481986	
1250466229552386050	
1250499884739952642	
1250508851603963904	
1250526308582526977	
1250534889708900352	
1250215918031912960	
1250234236533006337	
1250245756675444737	
1250269318631186434	
1250279642281283585	
1250292345548881921	
1250306409767374849	
1250323779323981825	
1250225432441409536	
1250383721938784258	
1250367260314800128	
1250358821345726465	
1250931520853827585	
1250875610160865280	
1250866987196088322	
1250611543810600960	
1250748978087563265	
1250732232530186242	
1250721936193314816	
1250671773202423808	
1250659817351458817	
1250651033992339456	
1250634269782880259	
1250593776130637824	
1250857371972390915	
1250581276911755265	
1250851899852685315	
1250773169826390017	
1250836603171307523	
1250827040195936256	
1250812444013998082	
1250818928139476997	
1251253756366217216	
1251255291649253377	
1251265763232514048	
1251273421087846401	
1251295972140834818	
1251288500839694336	
1250997160855744513	
1251028678458343424	
1251055528945553410	
1251065108530434049	
1251222646672502784	
1250946594066685952	
1250982068030279680	
1251205030570418176	
1251137594668322817	
1251083413739786242	
1251091145611972608	
1251103781611339776	
1251121983539916800	
1251130288303943681	
1251146394393546753	
1251161817604173828	
1251171822336389121	
1251181353720336384	
1251188672852082692	
1251113678608293888	
1251467085626183680	
1251346910322913280	
1251313657973112832	
1251534494982721536	
1251354005877346305	
1251361181081628672	
1251420646560739328	
1251451152492716035	
1251474659125714945	
1251510291990327296	
1251525898458681344	
1251482543192498176	
1251647799369912325	
1251443351053729793	
1251640147873071104	
1251626153108025344	
1251618618040778752	
1251889755765248002	
1251880985030848512	
1251872680116211713	
1251856000883269632	
1251846759183077377	
1251815805219635200	
1251807500556476418	
1251791970495877120	
1251721685121880064	
1251701185469468673	
1251671101794668547	
1251693732661002240	
1251903426117742625	
1252007250945851393	
1251987355722027008	
1252358128672428032	
1252335194968780802	
1252350075935682564	
1252364923478433792	
1252371718535966726	
1252076774697074688	
1252326650940973057	
1252038522699239424	
1252098417355968513	
1252046324075302913	
1252105715553939459	
1252342777804812294	
1252318620027441153	
1252263616595845120	
1252251527248523264	
1252237995228487681	
1252213928878313474	
1252188759132639232	
1252142205935988736	
1252306252992045056	
1252713218503475200	
1252387321279700992	
1252609283851612169	
1252737125939736576	
1252541587508342790	
1252504395146764291	
1252495965375860736	
1252475656883048448	
1252461056997249024	
1252424566644842496	
1252401413994340356	
1252729324664471553	
1252698850919362560	
1252677231547224071	
1252657251019603978	
1252584583914233856	
1252626938251878404	
1252417268404965376	
1253054467085197312	
1253072410724597760	
1253093837909577730	
1253105966230323200	
1253020335177424896	
1253002373867474950	
1252995075975467008	
1252930399711440897	
1252938201100161024	
1252914796632162307	
1252811616766304256	
1252789722717421570	
1252782172739600384	
1252759272024240129	
1252907750213988353	
1252897077211922433	
1252855405417394179	
1252774874856042497	
1253441094185922561	
1253431701432266754	
1253420755787804674	
1253412828460933121	
1253398560827158532	
1253469454828068865	
1253240190807703552	
1253278946398842882	
1253217290104922112	
1253202190535028739	
1253195144045539328	
1253171739699355650	
1253150112022290433	
1253140519737159683	
1253128186990260224	
1253115733183086592	
1253262084994854912	
1253360850636812289	
1253353427142393858	
1253335821006110720	
1253333071241244675	
1253302098764001280	
1253293794490974210	
1253255038702546944	
1253569863156592641	
1253488358208110593	
1253522820589449217	
1253532163984601088	
1253540670674878466	
1253547968923422721	
1253555266848796672	
1253562565004845057	
1253591757465382912	
1253606353542746112	
1253613651610779648	
1253666523954192385	
1253584459359612930	
1253640249273733120	
1253681599503306753	
1253690272732643329	
1253577161103028225	
1253711798429265921	
1253828302575267840	
1253771099718004736	
1253735202783977472	
1254163081657061376	
1254006284862529537	
1254191280558469120	
1254047542947524609	
1253969270175928320	
1254170672432943104	
1253959966513336320	
1253871390911918081	
1253854569148235776	
1253846373981540354	
1254064518218625025	
1254150740546748417	
1253890554225504256	
1254545556413636608	
1254536943485939713	
1254242465629921280	
1254214668026998784	
1254510330903842817	
1254436322485301248	
1254331788136263681	
1254382719343173637	
1254346228986310661	
1254360824946147329	
1254375421099024387	
1254753411917967362	
1254746113774694400	
1254691558932217857	
1254683489179504641	
1254674797302333440	
1254619333105340416	
1254610120471769088	
1254602252251131905	
1254572821025419265	
1254564188430536705	
1254782604194144267	
1254789902484549632	
1254797200368033793	
1254915452704301057	
1254898372550578176	
1254887784692809728	
1254878394254192642	
1254870684657954817	
1254863386916958209	
1254841733860544513	
1254826393059262464	
1254819094878195712	
1254811796499808256	
1254991983858159616	
1254924215297413120	
1254961986405912580	
1254977421109010433	
1254983679010639872	
1255049765219426304	
1255114541542731776	
1255058169874862080	
1255068532951351296	
1255107243650871297	
1255097428811931651	
1255143733802053633	
1255037013801291776	
1255121839489245189	
1255165628463247360	
1255172926367809536	
1255194820454133760	
1255216714603614208	
1255231310672457728	
1255256078503350279	
1255265782667325442	
1255202118513963009	
1255527266341097475	
1255461048896888833	
1255498069090676736	
1255519962946404352	
1255505366743277568	
1255541857095782401	
1255593698915729416	
1255640914309058561	
1255419551161802752	
1255292112557531138	
1255299586220007429	
1255309079536427009	
1255328337850970114	
1255334484016234497	
1255344278139797504	
1255353224611201024	
1255396225685299201	
1255609804782841856	
1255956086659538944	
1255761806431313922	
1256001888241123329	
1255807105187135489	
1255814152490082305	
1255847501028102145	
1255878898589429761	
1255912595392991233	
1255946694535122946	
1255669447848652801	
1255662149935919104	
1255684044009828352	
1255692600339845126	
1255700401766035456	
1255754005159874561	
1256243074084352003	
1256252253809389568	
1256264177649360896	
1256279940129075201	
1256194155484610560	
1256135518900846593	
1256091730358620160	
1256084432282251266	
1256077134012932096	
1256063041256341512	
1256113624663244800	
1256208751419424769	
1256226339109158914	
1256358488315437068	
1256344395122503680	
1256329547273945088	
1256306143388991493	
1256299100582088704	
1256288527123460098	
1256120922559459328	
1256025292608397312	
1256099028460171264	
1256016484469366784	
1256554278342230017	
1256397243437010944	
1256404541622239232	
1256420395869036548	
1256517032876675072	
1256539430531133440	
1256546980135829504	
1256600080225718273	
1256607378306240513	
1256614173045190656	
1256677638162141184	
1256709117122473984	
1256795527674392577	
1256858892778328066	
1256891500249534464	
1256900308137062400	
1256914570914004992	
1256933023884308480	
1257049492462817280	
1256968759396294656	
1256756688171855872	
1257091625416708103	
1257060087220154369	
1257413020969361409	
1257134235464249346	
1257395405752619013	
1257361094600986624	
1257345365906505728	
1257313531222913025	
1257280312179961857	
1257262397724786691	
1257252184120528896	
1257240321328586758	
1257213802321457154	
1257203190614933504	
1257180521215471616	
1257158000508194816	
1257150607879663617	
1257144707311792128	
1257123679541944320	
1257337564475858949	
1257402941704744960	
1257661322923253761	
1257634392048128001	
1257612249616678912	
1257600815163899905	
1257552294037598208	
1257532985311662085	
1257519885627711488	
1257512753553485824	
1257504935886782466	
1257466417298931712	
1257683217185828866	
1257622819841728512	
1257754437528940545	
1257773523130449920	
1257783737216987136	
1257805525724491777	
1257746383341142016	
1257966080963883009	
1258002571232452609	
1257995273269202944	
1257980677053509634	
1257973381166702592	
1257958783021723650	
1258044956087853059	
1257940959008108544	
1257932610401001473	
1257925312194756609	
1258029057137991684	
1257837047768702977	
1257847852673318912	
1257857031660351488	
1257918014235664384	
1258177283891716102	
1258166354127060992	
1258120120821563392	
1258070451990990851	
1257896119939395584	
1257888821703847937	
1258141060427104256	
1258355049224376324	
1258344739012837376	
1258317647491600385	
1258295753157550080	
1258288454997344257	
1258362191062810625	
1258259262662307841	
1258251964636262400	
1258227481422651392	
1258209656930877440	
1258273858781614080	
1258384840212152322	
1258500099757477889	
1258437326964953088	
1258476443954274304	
1258376787089858561	
1258517763666046976	
1258525383520956416	
1258185228360667137	
1258756791149694978	
1258765095909253120	
1258788500096323586	
1258819202812727298	
1258849809366220801	
1258874811482165248	
1258716525831221249	
1258709227696205826	
1258701929481306113	
1258550718769754112	
1258561664645058560	
1258570431600242689	
1258596326058659845	
1258621650565808130	
1258628948738469888	
1258636246710018048	
1258643544971063297	
1258672737205116928	
1258687333479538689	
1258885243433439232	
1258977373145518080	
1259053966572298241	
1259035884667785217	
1259236302362271744	
1259251802773618691	
1259098487960023045	
1259082940157476866	
1259075646782705665	
1258916623680802816	
1258939844283125761	
1259267174734065664	
1258965792239960064	
1259104834420199426	
1259422678827642880	
1259318266469552128	
1259290122773606400	
1259298250135203840	
1259305406121291776	
1259333088548618242	
1259437274950926336	
1259466467294183424	
1259451871258968064	
1259475282890821632	
1259481063488978944	
1259488361573519360	
1259495659784175617	
1259626521930670081	
1259873341193826304	
1259881452130324480	
1259889253422706688	
1259897054735872000	
1259941094847987713	
1259913160800251905	
1259804976483885057	
1259668935747620864	
1259686322022699014	
1259761892362502146	
1259786603360399361	
1259796402772811778	
1259823109709930497	
1259730271735361536	
1260349032955736066	
1260283291372060678	
1260291654931542016	
1260329901023834113	
1260253654705045504	
1260238051550396417	
1260223455687061504	
1260214144009154561	
1260198541210914817	
1260181260288307200	
1260172871986372608	
1260138646486695937	
1259998688664907777	
1260017788216729601	
1260026155312140291	
1260057361026289665	
1260086622416261120	
1260095109804130306	
1260341162918830081	
1260386901703266305	
1260365093369344001	
1260484507314065410	
1260650519430742016	
1260716681011310599	
1260705686104625152	
1260695534462885888	
1260412579832303617	
1260419748921331712	
1260426795222028290	
1260451890527113218	
1260461834806661127	
1260475400007884800	
1260508014630645761	
1260527458442334208	
1260577538419625987	
1260599432673804288	
1260606730909757440	
1260621327162998785	
1260380238522880000	
1260746906453504002	
1260756887047254017	
1260782365766377472	
1260851090926469120	
1260819127008190464	
1260947727875141637	
1260940430985830402	
1260933131932033031	
1260918535817015298	
1260911237715521538	
1260904179754729472	
1260896846744092673	
1260874607717949440	
1260866945521508352	
1260858892336103424	
1261007119131783169	
1261072050329772032	
1261081732658298880	
1261422344536387584	
1261433993750167553	
1261311386254270467	
1261302314301829120	
1261286847025745920	
1261262804046106634	
1261241916353642496	
1261225558387515393	
1261323152828911616	
1261215839522394112	
1261185211737481216	
1261161637278605312	
1261112032213954562	
1261103138448093186	
1261207335223123968	
1261401093243691009	
1261339308042137603	
1261354838929084423	
1261346354489524224	
1261375285578149893	
1261506006632165376	
1261454134198153218	
1261627564679786496	
1261634041071181824	
1261650609469632517	
1261620158675611649	
1261775919305248768	
1261679801464692736	
1261606568979828742	
1261799841421615104	
1261575111741591554	
1261576021293379584	
1261581906581377025	
1261613615724912642	
1261807388497080321	
1262050494568169476	
1262028096804356097	
1262160135603884032	
1262148447198564352	
1262129005211250688	
1262167934421483520	
1262042944472678401	
1262005447818530816	
1261997645956030466	
1261982546453245952	
1261959897324949511	
1261859003400777733	
1262021050369376257	
1261845724620189699	
1261826159605514241	
1261815865340596224	
1262178076571471872	
1262224823058460672	
1262235413260853248	
1262260150729166849	
1262300358111629312	
1262348457777512448	
1262368338925273095	
1262387967659630592	
1262424458796597255	
1262453650867105792	
1262460948675059712	
1262475544924262400	
1262493091946041344	
1262501747974529024	
1262525876920442884	
1262308695494365185	
1262439054831783936	
1262804965564862464	
1262797669782614017	
1262790369550446592	
1262775773792030722	
1262761178243031041	
1262753879139086337	
1262746580853100544	
1262826859856752640	
1262834158163951619	
1262894113365594114	
1262591480205414402	
1262724686485561344	
1262644156196720643	
1262620248366362626	
1262601258772443136	
1262554600051142657	
1262575494131679236	
1262652208958582791	
1262669324776550400	
1262708328926347265	
1263197806988341248	
1263188830062067712	
1263148001729613834	
1263138440306216961	
1263130438119415809	
1263120685993426945	
1263110613150154752	
1263178438480924674	
1263242347669647360	
1263211896888590336	
1263219695139708928	
1263063054629122057	
1263073342547951616	
1263010481570287616	
1262995449176379392	
1262951668058075136	
1262943126102118404	
1262927686508220421	
1262912286064177152	
1263033524006912001	
1263616311797657600	
1263592544031477762	
1263570258079580161	
1263562708772782080	
1263531251413037058	
1263513131072004097	
1263600205745790982	
1263451475273023490	
1263415991632924674	
1263391832454557696	
1263355341972086784	
1263296300558069761	
1263280599655219201	
1263501052621606912	
1263463499545673729	
1263472035294035969	
1263739121132068864	
1263667557245923328	
1263784922805919745	
1263799518950293504	
1263969136943611905	
1263953030728335361	
1263939585664409601	
1263922580546662400	
1263872248231976960	
1263834492118147072	
1263820941009784832	
1264203933624369154	
1264188834260094976	
1264180781053665280	
1264147058958761984	
1264130701223505920	
1264044634340089856	
1264030240793194496	
1264216396436774912	
1264235384160083968	
1264526561421729792	
1264485539228479488	
1264665726624739329	
1264681329439973376	
1264567328055967744	
1264494347212316673	
1264354677019344897	
1264386314109157382	
1264398717274091521	
1264406770249691136	
1264361471808421889	
1264779476015239168	
1264772178005745664	
1264763873405530112	
1264808668404604930	
1264905614586720257	
1264987597497143296	
1264922418163757057	
1264860258519957505	
1264955133604974594	
1264888421782302721	
1264756826987393025	
1264815966401241089	
1264741475839082501	
1264823264766910464	
1264733926095941632	
1265040194211770368	
1264995398956900354	
1265309216685715458	
1265300912341315585	
1265192447518408705	
1265199745389092864	
1265221409116229633	
1265233051405242369	
1265163254734524416	
1265292859390873601	
1265107890232311808	
1265326949179756549	
1265334383507935232	
1265375403025170432	
1265358793455448064	
1265115943170043906	
1265093042224144387	
1265156051764117506	
1265412648189022208	
1265406608458297347	
1265422211176730624	
1265496450491793408	
1265458198661623808	
1265452410518077447	
1265780398212042758	
1265763131143249920	
1265653988428480512	
1265644434982658048	
1265608056458612736	
1265548334225412101	
1265532884108087296	
1265512053168537610	
1265694002696695808	
1265679632407420928	
1266056698986455040	
1266043711420534785	
1266155207940923392	
1266006314381185026	
1265991714197528576	
1265812233264623616	
1265889288887009281	
1265897845262913536	
1265999012382912512	
1265915964819771392	
1265931567706198017	
1265939620568674304	
1265945660286595073	
1265953965268598786	
1266173566967402496	
1266435890617831424	
1266421294620344320	
1266229027590848512	
1266278352895131648	
1266284644107837440	
1266301001973198848	
1266359161954070529	
1266372728828780544	
1266414000721584136	
1266188524321038338	
1266207966404829184	
1266567080565895169	
1266532120303857664	
1266645120952213508	
1266862119342862336	
1266522662970380290	
1266747070679040000	
1266711261238169600	
1266921842687782913	
1266939624590422016	
1267012187962241024	
1267062771243528192	
1267089558576992257	
1267212000439877632	
1267222151536365569	
1267229727023984646	
1267112196787429382	
1267239443154366464	
1267447808564609025	
1267439860585037827	
1267595806837665797	
1267532114251177985	
1267539160404881408	
1267561809973657603	
1267499023449182209	
1267488491014893569	
1267508457973747713	
1267327012403679233	
1267275171011780608	
1267553668468887552	
1267282721023201280	
1267632334422945792	
1267611728906313728	
1267635293705736192	
1267655015688048640	
1267663013609267201	
1267670274348023808	
1267706764633559040	
1267728659227512833	
1267942970319204352	
1267878899146358785	
1267764897808560129	
1267818752957132800	
1268318042661900288	
1268030196730392576	
1268059337878122496	
1268157484784648193	
1268015087769366529	
1267980994226778112	
1268188690406227974	
1268226691211689984	
1268511567810830336	
1268385738707611649	
1268472868561727490	
1268378943981142016	
1268370639246643200	
1268534466135445505	
1268673384050601984	
1268520879379509248	
1268913066273656833	
1268702828194824198	
1268718682533920770	
1268726735714971649	
1268904096284790785	
1269044579929485312	
1268934856961998848	
1269299258483761157	
1269275098931855361	
1269291242086633476	
1269104222940753922	
1269180552072093698	
1269188345541861376	
1269380068641398784	
1269588665107279873	
1269613830960644096	
1269631400820510722	
1269547141795508224	
1269479230108131328	
1270032590217506816	
1269996177069662209	
1270039888423874566	
1270061782875267081	
1270083677146537985	
1269895451702067206	
1269938695718699009	
1269841450205761541	
1270366386871828481	
1270318725640708096	
1270302367997497346	
1270280222060003330	
1270249519754739714	
1270440057921470465	
1270241969848176641	
1270147440461529089	
1270761727005732864	
1270728425301397504	
1270711815874310144	
1270771132543762438	
1270656702614917120	
1270574158670430210	
1270837081422442496	
1271203350961258496	
1271058349396721664	
1271116733995200524	
1271066150722342912	
1271147865029697541	
1271155992776957952	
1270954297023438848	
1270981135376449536	
1270896170416533505	
1270888556026712064	
1271506804325810176	
1271369650480328704	
1271442883304927234	
1271416207300853760	
1271408909148844032	
1271401611039047682	
1271394320831123456	
1271579618990911488	
1271550032144035841	
1271541806891597824	
1271635904755458050	
1271649410699542533	
1271717397687349253	
1271724488648880128	
1271896352109158400	
1271927245884407808	
1271935682949218304	
1272109525475168260	
1271976650109005825	
1272259351361646593	
1272288024588476417	
1272153314189209600	
1272138717998641157	
1272182506880712705	
1272367586844405762	
1272318653812207616	
1272635198199349248	
1272605041183076353	
1272524452149018625	
1272391382854823937	
1272398680939589632	
1272413277176369152	
1272464363765600256	
1272565704475230208	
1272328423810072576	
1272868679521316864	
1272839082876510208	
1272801586071212034	
1272886142921129984	
1272694630954360833	
1272710210080006145	
1272763837083779072	
1272982780125892608	
1273016753631531008	
1272918607102529538	
1272894447685001216	
1273150635769241600	
1273265208669110272	
1273331007572389888	
1273289299841167371	
1273238212995977218	
1273055251617046529	
1273074031613239297	
1273348439250628608	
1273121443341950976	
1273246519085449216	
1273602954143154177	
1273703714973536256	
1273711582090891264	
1273722703040573441	
1273760071080501249	
1273432744643584000	
1273574174464905216	
1273480056287846400	
1273487354486013952	
1274017095387414530	
1273956697548210181	
1274009293981794305	
1273855343676833793	
1273827384404238337	
1274025148610424839	
1273807898192183297	
1274090830870056960	
1274165039243464705	
1274174124978405378	
1274315006906171392	
1274364886957658113	
1274457226518728709	
1274465749549977600	
1274480899489361920	
1274794866807955456	
1274687261079146504	
1274615616142442501	
1274545410258817024	
1274708652117708800	
1274716497424912384	
1274836838641831936	
1274661330377678848	
1275111996212547587	
1274965595033911296	
1275171147231965184	
1275148550553272320	
1275139971293294593	
1274981952693690369	
1275093437558054912	
1275085887681040384	
1275009732802199556	
1275032462423396352	
