1353534052515495939	
1353591783628951552	
1353611413193961473	
1353655603592220673	
1353676994593001473	
1353841830928945153	
1353879579346264064	
1354059263493222401	
1354035104058896384	
1354011951693582336	
1354098522015080449	
1354113873196929025	
1354129979294900224	
1354148165570732032	
1354082668246396928	
1353894678748221442	
1353901725602750464	
1353932175847157762	
1353950719058055168	
1353970996492070919	
1353996536749961221	
1354004150137344001	
1354027051234148359	
1353872784368300036	
1353864228151701504	
1354342378837061632	
1354349425330589698	
1354371822804987906	
1354573904769998851	
1354474499886903300	
1354334829039390723	
1354326132229865472	
1354313303019958277	
1354301557181972482	
1354379120864452617	
1354392560450621442	
1354228221965869057	
1354220903098273793	
1354235927367970818	
1354293110436577288	
1354406551767932928	
1354489599272185859	
1354497148839145481	
1354527347748319233	
1354535652721831939	
1354520049915224069	
1354697216817029120	
1354649653443260418	
1354675999435321346	
1354611904715620355	
1354589003891109888	
1354755098333728772	
1354727164696903680	
1354734965729107968	
1354740250568921090	
1354762899940659200	
1354809862404771849	
1354817006340608000	
1354824556028981254	
1354853748460441600	
1354861046629081094	
1355264454603067396	
1355025631063412743	
1355257156627402755	
1355078731174350848	
1355033432636620804	
1355086610195472392	
1355093830689841152	
1355116228025712640	
1355131579186733060	
1355139380885774337	
1355169580021411840	
1355173214285164547	
1355190641538592768	
1355213367993004034	
1354988637511843840	
1355012041329831943	
1354958941562810378	
1355539265615130627	
1355463516463923200	
1355455966850949122	
1355562166699634694	
1355547067209273344	
1355663333211385862	
1355640683856420864	
1355344733602684931	
1355925812478808064	
1355686233700184073	
1355748393260249090	
1355810804960874496	
1355841255528226816	
1355871202825228288	
1355879507610238976	
1355894355878285312	
1355993761835171841	
1356023204137975814	
1356015654789402624	
1356053906418065410	
1356288452011159554	
1356296001884053504	
1356304558151110663	
1356325006385569793	
1356335561238261760	
1356384334635167746	
1356264796472057859	
1356077059068596230	
1356112794551083011	
1356128145628401666	
1356141296205787141	
1356161616379666439	
1356231074158768133	
1356361269431844864	
1356708974452748288	
1356500096507084802	
1356491288720285696	
1356484997075488768	
1356452533263339522	
1356444733443174400	
1356437937450229761	
1356744456851062784	
1356699631955107840	
1356676314699362305	
1356664429782343681	
1356641276943159296	
1356656376475312128	
1356619131609473025	
1356587664569434113	
1356546880344383493	
1356626680786354176	
1357006181542232065	
1357015363070869504	
1357021280847888387	
1356782205507428354	
1356960882799091712	
1356902498058047488	
1356877332250820608	
1356860974909714432	
1356853424743145472	
1356845120201531392	
1356806113048453121	
1357036381676007426	
1357043678296956928	
1357081930496409601	
1357089983493009411	
1357104831467450373	
1357119679286812672	
1357436175892512775	
1357444066867372032	
1357466464358383619	
1357127228853682182	
1357343907093356544	
1357165984445046784	
1357217825912328192	
1357225123980464130	
1357261614446116868	
1357268912912539649	
1357305404183572480	
1357404304936607746	
1357552043511095298	
1357595816685305856	
1357625008831352834	
1357644217582039042	
1357666029216747520	
1357673327351918593	
1357513021271244803	
1357731208717889536	
1357746559895625728	
1357779778548338692	
1357827342450782211	
1358161588524523522	
1357979178340126720	
1358085291844771846	
1357918191083692032	
1358093585145552899	
1357902839637565441	
1358263214220300289	
1358271267292479489	
1358425533902557184	
1358387784977768451	
1358883804014907393	
1358688516557963264	
1358794213090095109	
1358664609222123528	
1358634410149560320	
1358617045626150914	
1358747656760086529	
1359231097914204164	
1358951248053952512	
1359071288963178497	
1359062732440543232	
1359110866357075971	
1359143011582582790	
1359160581605982221	
1359128415429742598	
1359102494673145857	
1359176462801199113	
1359632092292763652	
1359611599246430210	
1359588269445550083	
1359404987772665857	
1359373782066941953	
1359574856900120578	
1359412285958103041	
1359531068408418304	
1359479982028849154	
1359457584793624576	
1359427385649750017	
1359908052607012865	
1359915350641545217	
1359960649070047232	
1359975748640022528	
1359968198829948939	
1359822488599945219	
1359668725583138817	
1359814687282634755	
1359729627162288130	
1359754540791123968	
1359774793017356293	
1359806886250479619	
1360213314316492803	
1360305924552986626	
1360228162387509251	
1360258361414017032	
1360274466983448577	
1360167261043118080	
1360021802085355525	
1360220360587702273	
1360313222423842822	
1360120300399190018	
1360578539888771074	
1360587296609873921	
1360633331587506177	
1360709080642424832	
1360416402281164801	
1360732736391057411	
1360716378706092032	
1360524363448090624	
1360393501549096963	
1360408601047650305	
1360378653616394244	
1360533171658391553	
1360903843404480513	
1360916776767393792	
1360959380775202820	
1360894802670346243	
1360823836820705281	
1360748339374002181	
1360779041712836608	
1360993166309081092	
1361198807527141377	
1361213403755257859	
1361227999975141380	
1361242596421476360	
1361279086526488578	
1361293682675093505	
1361308782265917443	
1361176913092444160	
1361191509333278730	
1361442916237930499	
1361466068879872003	
1361496016063787019	
1361559685342633987	
1361598944321527809	
1361633626585194496	
1361606745743716356	
1361734592554745861	
1361741383090937857	
1361749435881951235	
1361765248261386241	
1361664627025842177	
1361656574385790979	
1362133718102597636	
1362102512396902404	
1361954033959862272	
1361902947156840456	
1362006630452240390	
1361895900948398089	
1361887847905562629	
1362045134356049922	
1362184301173829634	
1362140764310933504	
1362303587427127297	
1362348885902061571	
1362404414821130240	
1362412555369672706	
1362420608538140683	
1362295534103322627	
1362443257662238723	
1362473456625799168	
1362594252635713539	
1362718823682605057	
1362635272639287296	
1362733923168645120	
1362806619994796040	
1362603815455760387	
1362571351903592449	
1362830308081430528	
1362870070251302914	
1363105118787428352	
1363134059547942915	
1363114178408546310	
1363051757329383424	
1362920653393973249	
1363271464862904322	
1363263915090534401	
1363459202157408263	
1363611455061331975	
1363603653639176192	
1363354008883236865	
1363428499772608515	
1363496447476310017	
1363505954592088064	
1363519600223277058	
1363279266180435969	
1363986425973145608	
1363996240485052417	
1363910928534765568	
1363693999014428676	
1363716396773875712	
1363851789116735493	
1363859338637447169	
1363890544217382915	
1363758171819446275	
1363763708313427968	
1363780569507758080	
1363741310855770114	
1364213009917353987	
1364130626333368322	
1364233051031666697	
1364155613358526466	
1364257461889302528	
1364068969716408322	
1364045565521137673	
1364006810290683906	
1364292550555795461	
1364249408733290496	
1364603134346166272	
1364650048152305664	
1364619307901218824	
1364396628732309504	
1364439158941384704	
1364369197950771201	
1364547120481542148	
1364671962040197126	
1364530291503730688	
1364746580268490753	
1365068053180870657	
1364822937883324420	
1364845838783176708	
1364830019072229379	
1364869277900242945	
1364992052409364488	
1364970912940875776	
1364923601812680705	
1365093974206148609	
1365200928492560385	
1365274036603809793	
1365251289978912768	
1365215524637061120	
1365208226581540873	
1365186366313816064	
1365179034154323969	
1365171736178659328	
1365104292416413704	
1365307299615690752	
1365388445145784320	
1365362501978902537	
1365777729317195778	
1365793332069343232	
1365808371421483008	
1365525222741352449	
1365666360609697792	
1365676369611546624	
1365603514844663815	
1366139614063439874	
1365975280838467584	
1365890975386595328	
1365875624485789696	
1366178117518118912	
1366238767137189893	
1366498730069917707	
1366484133883621383	
1366340940361703424	
1366506531521515529	
1366270224597725184	
1366245813559517185	
1366800156570566663	
1366627830709239809	
1366780587844001796	
1366711884636856321	
1366899621646266371	
1366652996612882437	
1366559631384829952	
1366590585289777155	
1366936867036397568	
1367029729203810304	
1367067478099116040	
1367154551606939653	
1367259241350721539	
1367250353457037318	
1367258070380781572	
1367211426490634240	
1367420805836111872	
1367517694279393282	
1367582652971290631	
1367462778580197379	
1367413004539551746	
1367370228578086913	
1367350387628466176	
1367290446888722440	
1367267042823262210	
1367378778805178373	
1367789974184165376	
1367836293816672262	
1367874545810501642	
1367703921263665152	
1367762810021703680	
1367696119979970560	
1367739908635451393	
1367732107473195009	
1368135515212558341	
1368245238641393672	
1368170496072716288	
1368592527096356864	
1368670205761658880	
1368539930419359745	
1368396485306499074	
1368388683435548673	
1368700488032550915	
1368693189830381568	
1368606367754297350	
1368915369767936003	
1368996121121546243	
1369004084389425157	
1368752832875290626	
1368808952646012934	
1369012906193530881	
1369298931343970304	
1369214122584334340	
1369168824088424448	
1369144916559937536	
1369114214183342081	
1369221672306241544	
1369229222053568514	
1369259420975239173	
1369290627041533954	
1369432813490089992	
1369377110142357519	
1369455965922279425	
1369783121806127104	
1369752902684848135	
1369666100946960385	
1369597652531376132	
1369518628916301825	
1369448416376463360	
1369464019107475456	
1369648987884621826	
1369814075702730754	
1369820618783223811	
1370129151869415425	
1370136450067542017	
1370151298063024128	
1370082595157905411	
1370053327677980675	
1370029495223255051	
1370003811960508423	
1369955137448448001	
1369954270674575365	
1369901272225226758	
1370314121279803401	
1370456965076377605	
1370421075620855810	
1370375022519324673	
1370298266206707717	
1370291471513968640	
1370275365378170881	
1370196596344848384	
1370251206015213569	
1370259007462543361	
1370174450339966979	
1370571315913109505	
1370701422757482499	
1370715515551879178	
1370730615029440518	
1370768363937431553	
1370843823278936065	
1370875821749989376	
1370671475284307968	
1370548917952077824	
1371078910155362307	
1371213798921498626	
1370969438628020227	
1371124208592433154	
1370919610430726148	
1370892179544084493	
1371291561229697024	
1371479209491591168	
1371606385629097984	
1371499431103770633	
1371470388031483915	
1371447589543931907	
1371397509281689602	
1371368316921651202	
1371523538151120897	
1371925350486188039	
1371766188645171205	
1371772963121328129	
1371736996297678849	
1371729698300985352	
1371722400182628355	
1371707804206071816	
1371669300239548417	
1371616955291987973	
1371814220442914817	
1371810983954485251	
1371803685928374274	
1371968773536759808	
1371909633997217801	
1372290596279230464	
1372321165281091586	
1372191742787686408	
1372030933159735296	
1372157695453765635	
1372059873844858881	
1372110961033678849	
1372183438195789825	
1372643720978399235	
1372421003633074178	
1372465043510603776	
1372642263478771716	
1372507573946085379	
1372563445984370689	
1372570740243959816	
1372580532995903493	
1372837824840540160	
1372873233452703745	
1372760238894497792	
1372914757007777792	
1372906039310487556	
1372939671504789511	
1372963830385451009	
1372976488052576258	
1372983963040378880	
1372998116576727053	
1373020705130868737	
1373058957149831170	
1372971632080400384	
1373067010159022086	
1373105010435760131	
1373198930385715205	
1373400457264041987	
1373236124617949185	
1373281171589726210	
1373220521811320833	
1373258774350290949	
1373598260833644549	
1373589956149399560	
1373643559308496896	
1373666208772321280	
1373757308933709826	
1373620154966233090	
1373765110238416896	
1374067100378087424	
1373832806665625600	
1374099564047785988	
1374083462387298305	
1374039921028128768	
1374015510141079562	
1373932714663968769	
1373905283689373700	
1373871362188673024	
1373789772645240834	
1373816951819149312	
1373913021010087938	
1373879272054665217	
1373983549838266368	
1373968450612207616	
1373941019243335682	
1374346441154555912	
1374511025169428486	
1374323036581736453	
1374212736565977091	
1374307433540096001	
1374270440001040391	
1374216096639713280	
1374248545629392896	
1374234004719861765	
1374222814798962689	
1374378401365131266	
1374292336616697862	
1374394256132038656	
1374449117250736138	
1374417659899559937	
1374674336657911814	
1374735001271431168	
1374719398355689475	
1374747332307087369	
1374778537861902340	
1374518323271016452	
1374588032762847232	
1374595833925079040	
1374833147938889730	
1374621226367336448	
1374638984933085188	
1374711597222879237	
1374841200939831300	
1375172634950963206	
1375211138376404994	
1375230264385937412	
1375138317436604418	
1375111628631474178	
1375092355640958984	
1374980116263137281	
1375032461093036037	
1374994337986187265	
1375240834073829377	
1375392080655233030	
1375534519370067975	
1375373709788217346	
1375448201017319424	
1375503313614077953	
1375802535445925891	
1375749179797037056	
1376309878247944198	
1376263228682948608	
1376196883714990080	
1376048908653109253	
1376117573742383107	
1376095415506993160	
1376317679535935490	
1375975424401027074	
1376006132469170183	
1376060013425266688	
1376601298573918209	
1376473204403867649	
1376672014505701377	
1376504158543474691	
1376455368537169924	
1376429252585873410	
1376409990920077315	
1376402488715214851	
1376649365167730692	
1376574996722511875	
1376545178845114372	
1376363733077868544	
1376353414943281158	
1376845658619961351	
1376861497989722112	
1376869566303854594	
1376879380970958849	
1376895276019933192	
1376950851890110469	
1376911341563351042	
1376920501281378309	
1376927699919380481	
1377017053517778944	
1377011544819556352	
1376721430398705665	
1376702716651577348	
1376802562079404033	
1376739710593232898	
1376763355243888641	
1376994640348450828	
1377353001854205955	
1377406605164167174	
1377338129850331136	
1377345200272547844	
1377368381922238465	
1377383955939348484	
1377323858999451650	
1377093542275858433	
1377313438850895874	
1377240002464153602	
1377173066036436992	
1377133303808065536	
1377751376927678464	
1377744078587199491	
1377493175061860352	
1377414406334779395	
1377614726427910145	
1377599878486876162	
1377576065888030721	
1377568013562621952	
1377549274225999874	
1377540643514384384	
1377622024596508672	
1377682423002112007	
1377895015234555906	
1377876702441836545	
1377922177555660804	
1377946663751274501	
1377970068080918537	
1377868397657079808	
1377859337909981190	
1377851033133723649	
1377787363649335300	
1378009074889986049	
1378057644808757248	
1378095896789852162	
1378102943275118593	
1378110241380970497	
1378148493248843778	
1378245885000351744	
1378320627724025858	
1378312574823960579	
1378296216723861509	
1378271051906342916	
1378229778885402624	
1378221474155143168	
1378195301756985348	
1378348562526863360	
1378490748597768197	
1378424059285880838	
1378392853794070531	
1378172149077266434	
1378744671636221956	
1378711201115480069	
1378687796911566853	
1378736870440374273	
1378665399278055426	
1378636206963974146	
1378552153090916355	
1378791480056238081	
1378514152826802176	
1378891891681427457	
1378955882042646528	
1378898938565173251	
1378995574993682432	
1378876289151606784	
1378938700034310144	
1379136755262091264	
1379111337654165506	
1379185828669317132	
1379094980120125455	
1379043641801445381	
1379127695712382983	
1379395168298754048	
1379351731344175104	
1379550481391947777	
1379370896561946632	
1379359473274388480	
1379308134435483651	
1379293026401595393	
1379426917619695623	
1379342482467602433	
1379434719264141321	
1379497129803182083	
1379473725754642433	
1379223829017333761	
1379520534061453317	
1379239180140695554	
1379618429204901890	
1379596031852040192	
1379603581255380994	
1379611382698496001	
1379758099536310280	
1379740483644125186	
1379715086122639362	
1379679833697964032	
1379766656302481412	
1379664311673573380	
1379774457489674249	
1379782259088166912	
1379800506575503360	
1379870590731911171	
1379823782458580996	
1379909347233341440	
1379839385005293568	
1379949875068952576	
1379957915964952576	
1380123013794955266	
1380144647104819201	
1380076362644475904	
1379982423199338499	
1380034151710097424	
1380287840169385985	
1380249588255363072	
1380053250485989377	
1380467272280592385	
1380586055255080962	
1380562650820673536	
1380547048030629894	
1380515842299846662	
1380309497307045888	
1380640916600451073	
1380440957527724032	
1380655764319170569	
1380831421875519494	
1380843753137565698	
1381012112525299714	
1381026960244146180	
1380884773644554247	
1381214445624508418	
1381158578761789443	
1381113530691248130	
1381134166708744198	
1381141968089145344	
1381369970420944896	
1381331718314020868	
1381284658483200006	
1381323917088841728	
1381245653641125889	
1381276857358639106	
1381237849949896710	
1381643774858649600	
1381635721564393472	
1381599502553935874	
1381723010336317444	
1381555193129623552	
1381500581051781122	
1381492779705057288	
1381407970802601985	
1381539588041228289	
1381547389572448257	
1381453521015468038	
1381821696915673088	
1381897781376393216	
1381884108272402432	
1381876307034730502	
1381813895514361856	
1381829498300141569	
1382058759208411136	
1382090216417026048	
1381994837965213697	
1381971685969170432	
1381963632406376449	
1381930221104984064	
1381921101975064583	
1381913300594741250	
1381955579695001610	
1381964636036100097	
1382361252370866177	
1382262602307342336	
1382240707931422721	
1382369053734539271	
1382353451041091589	
1382425173534576649	
1382477518385594376	
1382189621384155149	
1382321993635262465	
1382204217415319553	
1382196921180241920	
1382211515487457282	
1382337345018503168	
1382376855110565891	
1382596552804368384	
1382589254535053314	
1382552764446769158	
1382545466148093955	
1382499916270948352	
1382492828698169347	
1382827575077142529	
1382788568020512773	
1382729931835240453	
1382834369786646529	
1382706862815084545	
1382672805364432898	
1382664663771533317	
1382654434329645061	
1382646381077204993	
1382618447025205248	
1382722130370957313	
1383205314044989441	
1382983100230201349	
1383004994408878085	
1383020345314189312	
1383043506185379840	
1383053144586862593	
1383072140958822424	
1383189459487838210	
1383175115014295556	
1383152465852370946	
1383129565044695044	
1382949126015488000	
1383197512702459905	
1382939921657249794	
1382872370105356288	
1382887218038071303	
1382903575785852932	
1382929496630779906	
1382857522432778241	
1383352713786785793	
1383382888926744577	
1383389784459026433	
1383344867498106881	
1383397707222437899	
1383413310138159107	
1383435476044943360	
1383450933175021572	
1383405382870061056	
1383249337858215937	
1383466661882175494	
1383294599779610633	
1383546185231699975	
1383493966046261249	
1383501893104594953	
1383656159941300226	
1383647855156498433	
1383622815002288128	
1383613001182367744	
1383908451210862598	
1383760850075324422	
1383767519094136835	
1383671762718650375	
1383747797611028492	
1383681521953902592	
1383737839481876480	
1383745247017005061	
1383899387726688256	
1383702392676311051	
1383890579403255808	
1383854439618859011	
1383872695327019013	
1383807018885025795	
1383833282467401729	
1384172436640436225	
1384180237941059584	
1384261775210786817	
1383975136655659008	
1384000805481631744	
1383993004478717965	
1384037296152875014	
1384125628438380544	
1384059190688288768	
1384599752537350148	
1384591950817513475	
1384482731346771968	
1384514681398779907	
1384521622804107265	
1384529539636899841	
1384545142665711620	
1384552944423505925	
1384347087475724289	
1384443472552235012	
1384385245076721664	
1384392385912737794	
1384399684010090496	
1384406982199709697	
1384421578260221954	
1384355140539351041	
1384867172304949251	
1384780191730331656	
1384835052866002948	
1384843106365890569	
1384850907276398592	
1384877331659952128	
1384883401770029059	
1384885133606473730	
1384900736186687497	
1384772704033669126	
1384760813525798913	
1384727343005147136	
1384752760474767361	
1384687581040836612	
1385008697013784579	
1384986802734321664	
1384679276302135299	
1385046949569589248	
1385092731559686145	
1385117043339497472	
1385124962902581249	
1385125902523281408	
1385155222192939012	
1385163215160496128	
1385228630721241090	
1385161896249147394	
1385171772073381890	
1385345667472756744	
1385352965792231424	
1385193030903345154	
1385216566942445573	
1385246303618277376	
1385251799033122825	
1385267401760002050	
1385737499373449216	
1385635829410828288	
1385643630858285064	
1385659233585217543	
1385674836790312960	
1385454383660371970	
1385464198373724161	
1385472503020101637	
1385551550555246593	
1385542716008943618	
1385745804254605315	
1385761407107432449	
1385768956674265089	
1385792109165400065	
1385799910490927107	
1385889249191473152	
1385904348769759232	
1385784307697004545	
1386082826156527616	
1385983134282493956	
1385949647399649284	
1386195265464508417	
1386301717088665610	
1386268749947342851	
1386243835957764098	
1386234775875117060	
