1445529475395960840	
1445527005894639627	
1445414754240147460	
1445398640080588813	
1445390849387466761	
1445388439696908299	
1445373232111050753	
1445339994130878466	
1445530504170643460	
1445343027762012165	
1445532014317236228	
1445535561083547655	
1445247401594400769	
1445232800878190594	
1445231800108916738	
1445231478523236353	
1445324405937164294	
1445814951491239942	
1445647715547844608	
1445653038358667274	
1445662127067262981	
1445662130477297669	
1445682789051863043	
1445672740703268868	
1445545093910257671	
1445554669762191360	
1445645261959667714	
1445582096903258118	
1445566001970499586	
1445775895302606858	
1445861447041495040	
1445811105507463173	
1445837791569481738	
1445843716380450817	
1446227861355044870	
1446222817473802246	
1446181102226452484	
1445920846581698560	
1446092016245518338	
1446041385975664643	
1445947273071013888	
1446139547398639621	
1446143300973563908	
1446166004703313922	
1446082908150804482	
1446103050511388673	
1446109364067061773	
1446554766100860938	
1446608560583020550	
1446323785788018689	
1446328068281356303	
1446362486832312339	
1446520827596378113	
1446430440101982211	
1446294563547754512	
1446275685299990528	
1446418861948035073	
1446298596933087265	
1446268120793030657	
1446672567956381699	
1446649383882219524	
1446633277691944964	
1446685306296676352	
1446641833862389767	
1446962195372335112	
1446682774254071813	
1446924431784357888	
1446812956214374403	
1446831317920927745	
1446750540793323525	
1446876137322336257	
1446773202638839810	
1446898526022209536	
1446893984488562692	
1446879146034991107	
1447158745188950016	
1447234240958054412	
1447271980042948622	
1447256878849921037	
1447136087432998914	
1447332389651353602	
1447699641588453389	
1447512575294443524	
1447657273170485249	
1447460987767033856	
1447438078805745668	
1447422971283451908	
1447532482337853443	
1447565664747671557	
1447509214902079490	
1448008347354030082	
1448034516589756425	
1447744096043417600	
1447767811347079168	
1447887314231906306	
1447981690735968261	
1448041510528851974	
1448074013994110977	
1448045896705445895	
1448027656604299283	
1447838467967307777	
1447830661646147586	
1447955478168866818	
1447726242237763585	
1448302606498029575	
1448406370919886848	
1448401933170089985	
1448363416943570952	
1448322797181313033	
1448277357836574724	
1448361516277829635	
1448414189626826760	
1448297741080317954	
1448217208585338886	
1448103342262075393	
1448111506550362117	
1448078557255806982	
1448076288137310209	
1448206646543626240	
1448090627363811338	
1448149775501639680	
1448147496178495489	
1448142714592243712	
1448123090710499338	
1448154294113476615	
1448707560274644996	
1448718033560686592	
1448732629629554689	
1448764338374909954	
1448525004501553153	
1448448403021733893	
1448597229799870466	
1449076624436174850	
1449040756866486278	
1449023794425774085	
1449080173194792962	
1448813906676391937	
1448819990388412426	
1448813567298482185	
1448956839434018818	
1448941748219154437	
1449423917622439942	
1449465704294633478	
1449489661311733760	
1449461659630718980	
1449293054733656064	
1449385407179894793	
1449540959700758529	
1449718120432689163	
1449767978149482499	
1450049035751014404	
1449918188758749185	
1449990045033811969	
1450070523296243714	
1450074367795372034	
1450185433254699022	
1450076808188252163	
1450175108648259587	
1450571537095045127	
1450292953423958016	
1450295274484736002	
1450461791507689490	
1450465532105396233	
1450450425874952192	
1450378708066373633	
1450555150502928388	
1450394063056871425	
1450552433722093568	
1450551059697516550	
1450529696094068742	
1450541039777943559	
1450585407700209667	
1450341206286815236	
1450329452983070722	
1450356082266759170	
1450439143687872513	
1450522236188774418	
1450778860027629568	
1450649617293582337	
1450652042490531845	
1450655504552898560	
1450931468826562561	
1450890831762710531	
1450692003759628288	
1450802418283958277	
1450836715720032258	
1450701005444861956	
1450712730860654593	
1450713582149283972	
1450763756015951872	
1450768784533426179	
1451167653297590274	
1451152563299049478	
1451141475706843145	
1451095955957293056	
1451262275344601088	
1451254524086300681	
1451247003925729284	
1451327105611014147	
1451302942154313728	
1451179014769491968	
1451594215285301272	
1451672399594893327	
1451679967214030848	
1451568431342436371	
1451360571287384066	
1451363973501235200	
1451478452805292052	
1451375549016944647	
1451371492575490049	
1451790764720201730	
1451727578579050501	
1451809648047165446	
1451813548796125184	
1452032367380647942	
1451719367713038342	
1451906885754425346	
1451929921165701125	
1451964415167844356	
1452175797465321474	
1452247288974385152	
1452275371332755471	
1452363388688998408	
1452239735682912261	
1452630797744226312	
1452628551757438984	
1452626012899008519	
1452605921721569283	
1452575692445585408	
1452540717935513600	
1452670561033801730	
1452570648174383107	
1452717064397938699	
1453115682879643653	
1453096615342968841	
1453085679945064449	
1452862289036595200	
1452832342607683586	
1452877935870980099	
1452979599491665926	
1452911647513776131	
1453102734048116736	
1453093090735054856	
1453207722124587012	
1453181549801787392	
1453172296995287041	
1453422388784377857	
1453363375220707329	
1453240311031947274	
1453340720866205703	
1453270279967461377	
1453708235882569730	
1453628624633044993	
1453547439781294082	
1453758473892663297	
1453730854925062148	
1453800960246099969	
1453781121209192452	
1453933877035245568	
1453934910838743045	
1453948485762314246	
1453953475004436484	
1453906589723860993	
1454229754324955139	
1454225407713099778	
1454179517275197443	
1454153595637669891	
1454168336108032012	
1454257710761906176	
1454242913865584641	
1454330499908911108	
1454403007110582272	
1454312376245833728	
1454323448755392513	
1454335776817307650	
1454338793062928387	
1454339309608243204	
1454342584021704708	
1454840714521714692	
1454704958763413509	
1454768886310637569	
1454734949219717122	
1455117435812683786	
1455127518227402757	
1455167769780101121	
1455244518245142530	
1455248337884622851	
1455315013342834694	
1455627282001895433	
1455666531979964418	
1455660266360918022	
1455628548698476547	
1455643713959571456	
1455644896992301077	
1455505007466500107	
1455449374843150336	
1455439750156926981	
1455572984056385537	
1455555318927265801	
1455527372371988483	
1455523877619048453	
1455351403879313409	
1455644572772704264	
1455926519805759489	
1455874962477260802	
1455826598842847234	
1455905126527508480	
1455901363578314756	
1455988185469759489	
1455691745602191366	
1455686431041593346	
1455701541306912786	
1455712837414830080	
1455939110502375424	
1456013125719838723	
1455984394246762502	
1456014832851881984	
1456018385750405120	
1455887500476665857	
1456053147487571970	
1456320418806124546	
1456090813713240065	
1456335533219647495	
1456339243987619841	
1456384311867887617	
1456389725095280646	
1456399646310510595	
1456094390779326469	
1456173895778770950	
1456185479150325760	
1456109613569482756	
1456235035862917129	
1456112840939610115	
1456248658836561927	
1456263763984732160	
1456267553286737926	
1456276317859561477	
1456278843187204100	
1456456515737591812	
1456423796542431239	
1456575034210856964	
1456458840388612130	
1456690100235026438	
1456656332241702917	
1456553333901115402	
1456577073410101251	
1456612535554166790	
1456610030585790466	
1456826451538452481	
1456924592883306496	
1456947006346309638	
1456939466376032258	
1456800169136214019	
1456819039708368898	
1456814867520839684	
1457388657275514890	
1457433939543535619	
1457302065558999044	
1457445289296633867	
1457449059476774919	
1457432684683309062	
1457475502680252416	
1457384912273674243	
1457766525197242377	
1457566061851815938	
1457674291319820291	
1457803880331317250	
1457785024363724804	
1458045473059753989	
1458117336221814787	
1458151193016946696	
1458124503482044425	
1458166280008126471	
1458207830834614275	
1458162987714367496	
1457867670783676420	
1457958890134544386	
1458551308961689605	
1458430486741663744	
1458432291324170245	
1458441582483591171	
1458494925541191690	
1458306188186116101	
1458274957398523905	
1458891055152177153	
1458785349870755843	
1458635882446180353	
1458631082497097733	
1458944146975113222	
1458929044746080262	
1459245896269541378	
1459219535127584783	
1458977915526336522	
1458981898659803138	
1459375613454729228	
1459555190789529600	
1459366940800163841	
1459355610542133251	
1459668406823751681	
1459548032588988418	
1459476166042128386	
1459570776689029121	
1459635203970936838	
1459371475618643968	
1459314229249466369	
1459322453704990720	
1459634291751723009	
1459617333824135169	
1459902701320429577	
1459711673133060101	
1459939182919385088	
1459838563714048004	
1460068808547258368	
1460190611307483136	
1460261427932012547	
1460236414474412040	
1460330536640126987	
1460389933785489408	
1460367088544108550	
1460435215520780288	
1460427667161985026	
1460419645014482948	
1460642609999798277	
1460559537262542852	
1460746533041844233	
1460570886256443400	
1460475994733617160	
1460499380272775174	
1460736988957528067	
1460583403112353799	
1460405026816503817	
1460687909103808518	
1460731410659090435	
1460729844698959890	
1460727382852132867	
1460716395847733249	
1460695021447962625	
1460700716885061639	
1461111330400837638	
1461119746523504653	
1461035199987429376	
1461057859614085137	
1460783759964483596	
1460793819469955072	
1461095829003980811	
1460831576846176257	
1460859466405097479	
1460908846571003907	
1460933288646877188	
1460937294475669510	
1460816481990631424	
1460827815897665542	
1460827834868449282	
1461288143131447301	
1461348515070693376	
1461306975191543813	
1461225832320483328	
1461276776936742912	
1461280794987618305	
1461386308157333511	
1461477083956322305	
1461431781681418244	
1461393835125354505	
1461213356799504387	
1461435555292532748	
1461158245574541314	
1461157989478502402	
1461157494680608774	
1461156734383362053	
1461137160900390915	
1461186720129597440	
1461170811386089475	
1461503753786380294	
1461530517975752707	
1461527499242885130	
1461516346211065856	
1461508303075352576	
1461490919656599553	
1461786410759901201	
1461793885932380171	
1461775059119398918	
1461715900206399496	
1461570847362232320	
1461635374460162050	
1461580109375320065	
1461831639743569921	
1461838608369913857	
1462148565329981440	
1461908123086733313	
1461908123086733313	
1462148565329981440	
1462390400639975428	
1462254725127184384	
1462254725127184384	
1462497308986200070	
1462390400639975428	
1462480987842043912	
1462862214214397955	
1462892675426889731	
1462915309380198405	
1462805613763862532	
1462771618573426693	
1462669944496267267	
1463285163522146304	
1463175562030104576	
1463134010541027332	
1463084927348576257	
1463005911556018176	
1463007423032143873	
1463028815639236608	
1463239951705948166	
1463298806339018758	
1463568189590327306	
1463575669389017097	
1463367279773728771	
1463534141849358344	
1463492637357490184	
1463553410779815942	
1463556798749814788	
1463550665473634317	
1463526599278661642	
1463455125675126787	
1463995085343928321	
1463809961084006400	
1464225198396395520	
1464190982392627240	
1464059089739296792	
1464274020833112067	
1464343744552001549	
1464337206126993415	
1464314370951979018	
1464313622000291842	
1464292925873995778	
1464429809753276423	
1464391732481728519	
1464451193560875012	
1464605557105602564	
1464653523703025666	
1464644208590004237	
1464629096814714883	
1464618037227753476	
1464613256786493446	
1464611451058933763	
1464454945856495621	
1464723730802876421	
1464701334041640968	
1464603273248260103	
1464601439397896193	
1464597765812637703	
1464979932631769098	
1464983706414813188	
1464995013964746754	
1464930837393195014	
1464938383038455808	
1465017670223417351	
1464885558627516417	
1465327463857201160	
1465372514595393537	
1465349756964716547	
1465380052544204802	
1465426783810031625	
1465418054800658434	
1465468234199674880	
1465455804795043849	
1465441986475872261	
1465422665896935438	
1465138721343381508	
1465123620456386573	
1465588372744060929	
1465666969353474055	
1465625430782881792	
1465617874916155398	
1465610327521910791	
1465599251371671553	
1465471533665640460	
1465509678545350668	
1465780222259875851	
1465544853127901185	
1465830802885906433	
1465825504754339844	
1465788005931798541	
1465799072963563530	
1465806614326358022	
1465705094574346248	
1465670720357289986	
1465812908751917058	
1465756638716047368	
1465753790330593289	
1465738671324381199	
1465727388143210500	
1465693363298967560	
1465580680792924160	
1465561505320030211	
1465548527518375937	
1465513080570400769	
1466157693568233474	
1466157994127863820	
1466188153660882951	
1466116158256517128	
1466117517034901505	
1466074675843371013	
1466018010490150917	
1466037133316177931	
1466093760555720709	
1466135283657850900	
1465863285748686849	
1465881635296063489	
1465926176577306626	
1466271187751821313	
1466238787420409856	
1466413702601744391	
1466247938682859520	
1466365048046108673	
1466395504095506432	
1466350210725122057	
1466437273948499989	
1466226118416121856	
1466222182183227397	
1466244676185432067	
1466214548831154181	
1466206994595995650	
1466486985619558404	
1466263638432440323	
1466236962059296783	
1466252311534219265	
1466210598102970381	
1466539811179843595	
1466589701331202051	
1466565689079218179	
1466558062232326147	
1466778142413049863	
1466765446863020034	
1466603361420156928	
1466607128010018821	
1466848478953361418	
1466874999969624069	
1466882512324423683	
1466611021431332868	
1467138115160653832	
1466933841176711174	
1466929218126815236	
1467071448036556803	
1467041265841758210	
1467056343169310724	
1467448713723490309	
1467561954281762848	
1467551593012760578	
1467418511257579524	
1467592629177229321	
1467467816806854672	
1467573259377983489	
1467497766972702724	
1467471360679157766	
1467565707978330116	
1467690533103542279	
1467682739319152644	
1467865300351832073	
1467822398925946881	
1467811117200203782	
1467780906295476225	
1467935644265730048	
1467947224105635850	
1467799751928254467	
1467996296799793155	
1468332246939717635	
1468341577030455300	
1468120870778404864	
1468036824543211526	
1468109544295481344	
1468181004774957058	
1468233900103290899	
1468193454786334725	
1468188559978938370	
1468279167594766339	
1468494588537368578	
1468584931978842126	
1468487033534484482	
1468505925086498830	
1468611610256232459	
1468726193100840964	
1468381330123722762	
1468392653523935235	
1468370007642017797	
1468782725003988998	
1468781406792962051	
1468981344327843842	
1468913349610156040	
1469003943036563457	
1468754382296657927	
1469170274205671425	
1469392991211393025	
1469408093989744647	
1469360479831212035	
1469290893140181002	
1469608153776074757	
1469483583844802566	
1469521334384439297	
1470169196139106309	
1470147712674897920	
1469970542421856256	
1470000541833084928	
1470340255085699079	
1470242128974565379	
1470302737246134273	
1470491219998429184	
1470423325872644100	
1470415770027008011	
1470540084873244672	
1470639265700880388	
1470643170404798465	
1470672675035045889	
1470625997066223616	
1470612621812551686	
1470604533768376323	
1470887595441807362	
1470899171884515328	
1470732905706139661	
1470687547340869639	
1470849853131567109	
1470706401437696002	
1471223616540921857	
1471204694743728135	
1471185851891785729	
1471227585715744770	
1471235302316515333	
1470927304444555267	
1471238916065964033	
1470999698672656385	
1471117887469494281	
1471053695441940484	
1470951278528409605	
1470949987160842241	
1470944484619952132	
1471114094698766341	
1470921845486624772	
1471626646696480768	
1471338573873954816	
1471342837702840321	
1471356681863012352	
1471357692912492549	
1471308516573036550	
1471327031019376642	
1471559534644715526	
1471585329031393293	
1471528072285466631	
1471378203033935875	
1471355682402324481	
1471300570925473795	
1471683289534672898	
1471674365318160388	
1471651856816431108	
1471646603496804353	
1471816219229622276	
1471876631241314304	
1471797852309438464	
1471786629547413505	
1471895523145797644	
1471941044552052741	
1471967466012045314	
1471959918198595591	
1471789430042206213	
1471635118057996290	
1472179001083019269	
1472208699322253315	
1472187105497473032	
1472170280902606856	
1472211085159800837	
1471993892723691526	
1472027858159742978	
1472016545530400768	
1472099574064029698	
1472008987218427906	
1472303088971268106	
1472278453269504001	
1472271670530523136	
1472233243676069896	
1472012760770883584	
1472685700323713031	
1472363316966264836	
1472593830620839950	
1472537218715734016	
1472559608334106636	
1472586289862090757	
1472624025465757697	
1472941137631625220	
1472971326403063808	
1473043308305960963	
1473070307321729028	
1473074802642587658	
1472854309557747713	
1472763740164612100	
1472816559865450503	
1472752374393585668	
1472901826794201093	
1473020671341039629	
1472948668651216901	
1472733527850590212	
1472990256328814592	
1473016865366720524	
1473089111200309250	
1473092581013737485	
1473284660570599426	
1473329972504891395	
1473311071729553411	
1473292224360325126	
1473288421502332936	
1473322448959508498	
1473265777570631683	
1473253596628148225	
1473345068752855047	
1473420771611627526	
1473405703301873673	
1473401902327119880	
1473389129635405829	
1473367942494568449	
1473789392858849285	
1473722566812524551	
1473730325431955462	
1473733859028131846	
1473750462209966082	
1473778133308350464	
1473487424525328385	
1473490244163018761	
1473515633253957634	
1473519476742238208	
1473521935057358856	
1473526485881442308	
1473451297881923590	
1473480838738333703	
1473677243478126594	
1473699902677000194	
1473580093238878213	
1473534025839124487	
1473549141926203401	
1473703659083112453	
1473707454676545537	
1473710517697056778	
1473814878724964355	
1473816635815477249	
1473817153312854022	
1473858661655187462	
1474083154260598796	
1474056072281346048	
1474053489357733893	
1474039286085427203	
1473980483881029639	
1474100258229661698	
1473881320619139072	
1474096483326730242	
1474004918990217221	
1473961370039336966	
1473957435660513287	
1473926610764054531	
1474001991475027968	
1474409819285164037	
1474473726414667777	
1474500385993809927	
1474507954145615877	
1474228614321385475	
1474288999904821252	
1474204746198228994	
1474530612350435329	
1474568342279274503	
1474840130670280706	
1474783284739649539	
1474768185224216586	
1474847679326916610	
1474760600161038341	
1474749537638137860	
1474609787539230723	
1474590988660314125	
1474636296995880960	
1474828565707382789	
1474734435807510553	
1474651392480534539	
1474561344057880576	
1475217130215944192	
1475164542971822081	
1475383731208830984	
1475466524643274758	
1475470282483769348	
1475477849335287814	
1475523133381746692	
1475538254317432841	
1475549610265489415	
1475587563603869698	
1475594869913571328	
1475889063072780290	
1475881760932220929	
1475884609057562631	
1475802174680621059	
1475639899378311172	
1475976120701001734	
1475830462497099776	
1475647755322335239	
1475670599930363904	
1475723225938153472	
1475964812417028101	
1475930343815401482	
1475918989842862087	
1475911706316582917	
1475700307061522437	
1475780383782449153	
1476070513000730625	
1476236850637549575	
1475995028485033987	
1476270746112598022	
1476187521772052480	
1476149765398310914	
1476274001144074241	
1476210167154884609	
1476313106137628672	
1476108248331784195	
1476308301830840327	
1476302028884393994	
1476301522438955010	
1476570051855667207	
1476546927839879170	
1476625403087405062	
1476625149826940930	
1476611465935261700	
1476608542572527628	
1476346077343322112	
1476395135629991938	
1476402735968702465	
1476572537442164745	
1476448002856345600	
1476512337972576256	
1476693365425119236	
1476700655444189190	
1476689311881908224	
1477036866968985602	
1477033839209893888	
1477034088875888645	
1476742686757601286	
1476928122880725007	
1476931665217921026	
1476938472799801346	
1476896170978988036	
1476893660398632965	
1476795289956671512	
1476885893264941057	
1476847940354428929	
