1364501088167157761	
1364394601260400640	
1364406217792192518	
1364413750233751555	
1364678005767954434	
1364716370823364614	
1364632455316189189	
1364636241426337794	
1364549410806505472	
1364553188179853320	
1364557520363261952	
1364576376603496448	
1364581732524175365	
1364613596093759489	
1364772379306708997	
1364855196992626688	
1364795523262255106	
1364805597628149761	
1364866732679192578	
1364870304028381185	
1364882794661478402	
1364892923800805377	
1364896968519081985	
1364744363071397889	
1364768592219303938	
1364900481894649860	
1365016239391862790	
1365044172072378369	
1365000400319827973	
1364916155845124099	
1364919326894157824	
1364934453936746496	
1364936184275693570	
1364987270680506372	
1364942700756283394	
1364939020858494977	
1364964669069422601	
1364962882136518658	
1365090136489345027	
1365126509493686274	
1365118908101984257	
1365102437246382085	
1365259084233064449	
1365262885002346499	
1365108001422659585	
1365282128922034178	
1365300936898404358	
1365285510244098051	
1365138688288714760	
1365381157077086223	
1365364778236071943	
1365345904283316224	
1365342133385887746	
1365323514224529409	
1365334588990623746	
1365176265901301761	
1365204519576035328	
1365407055394258944	
1365425341733437442	
1365395863913308168	
1365429423248465920	
1365437680067223552	
1365386163134078977	
1365383702386249728	
1365243488414138369	
1365738993091031042	
1365803699403169798	
1365791356057174020	
1365772457794224130	
1365757371797164039	
1365670789148798980	
1365768690621435904	
1365502451240083457	
1365488583537287174	
1365478277985501187	
1365470737251897344	
1365463174871453698	
1365656699080761344	
1365508479818022912	
1365516019935154177	
1365647916145254402	
1365561312047169536	
1365749077133164549	
1365695246659510275	
1365764913587777536	
1365731456148996106	
1365896534768947204	
1365942071677358082	
1365972769905737728	
1366010338441895937	
1366380225123278851	
1366520135729766403	
1366368903027449858	
1366351881367412737	
1366329135732318210	
1366255918158077955	
1366210874525048838	
1366391556077457409	
1366406645589377025	
1366421753908629507	
1366446324372164613	
1366449935445614596	
1366393393677484035	
1366338688708456448	
1366508831715586048	
1366478411405926407	
1366595659424559105	
1366569729050226688	
1366637166676303872	
1366655783409250306	
1366776584326295557	
1366814864539328515	
1366742622904217601	
1366738833035956226	
1366669658384957443	
1366681705881419776	
1366681964368035840	
1366701080114061312	
1366727507530162177	
1366720022211682306	
1366720001315594242	
1366884964449583105	
1366896815359025154	
1366877616922370052	
1366824140947288072	
1366803044437000202	
1366810806697000963	
1366836983927091201	
1366845283808792584	
1366852343417962499	
1366859872734699522	
1366780368318312449	
1367199393254944768	
1367195634856579087	
1367047866338918400	
1367033775809568769	
1366949772435853319	
1367019420451827713	
1367203151191937027	
1366934026003640324	
1367214723821953026	
1367086124716478466	
1367256237230985218	
1367052148824014849	
1367086132622745608	
1367097444647976962	
1367116312749760513	
1367121796483461121	
1367127564687450116	
1367129214458167300	
1367154078011297795	
1366928424887984129	
1367157884325421063	
1367217479035060224	
1366916511219204096	
1367069160400904196	
1367623456217513985	
1367613782554468355	
1367314189446832129	
1367321450277982209	
1367325427383996418	
1367346848139214848	
1367354393767641090	
1367387859498524680	
1367391894204997632	
1367397666779463682	
1367306560297435144	
1367271674815610881	
1367274249367547909	
1367290206257307650	
1367369485108314118	
1367450267348832257	
1367418555612995587	
1367433402710917122	
1367436671961231362	
1367425869438988288	
1367313969396944900	
1367343068400275460	
1367520306647216128	
1367506884975087616	
1367501365954682888	
1367486270289625095	
1367474955844268039	
1367539160576311298	
1367599750980251649	
1367569319647981580	
1367557983903834118	
1367554716486533121	
1367590073131167749	
1367899473591074818	
1367897746204659716	
1367679023036399617	
1367859989075869700	
1367842857390837760	
1367839094206791682	
1367931948891598852	
1367914577762148353	
1367826006527143938	
1367742944229359619	
1367705450456756228	
1367686577590263810	
1367884458817449984	
1367671477286412289	
1367739417830580226	
1367799578322497542	
1367641278624772097	
1367631317479944192	
1367629711493455874	
1367808888742027268	
1367628321945759744	
1367795344340353025	
1367792055599194114	
1367776933531033600	
1367954601417334785	
1367787987837345797	
1367960802116968448	
1367977449137537031	
1367656374155554817	
1367656376835641352	
1367660152627814408	
1368260114935873537	
1368286528963817482	
1368264375216267267	
1368280491401576450	
1368257869192302594	
1368252269351862273	
1368071616379387906	
1368309177114894347	
1368346937628499974	
1368339390645350412	
1368334266732527617	
1368328061675057154	
1368324284008005634	
1368064324988702721	
1368199727154671619	
1368230961213624322	
1368235327941394435	
1368237454122221571	
1368008562765688839	
1368251031377829888	
1367991022588936193	
1368041419668131841	
1368012540685541377	
1368038288968278033	
1368016553862721537	
1368026307968327682	
1367998517147557891	
1368426709855444993	
1368418147582283776	
1368354479876288518	
1368562163745501186	
1369012562461917192	
1369060968718798858	
1369035335318011906	
1369054725212102666	
1368894332317671428	
1369002489643679746	
1368713117807558657	
1368896047620186113	
1368789345541500931	
1368850043663433735	
1368905617004326913	
1368728228274331654	
1368924502235742216	
1368920703609802752	
1368967749213552647	
1368981113046241290	
1368973571297599498	
1368958476953747464	
1369332209241448457	
1369305739949449223	
1369303761097785344	
1369275544026689536	
1369377489030705154	
1369358586682413063	
1369260472634126337	
1369269760744173568	
1369419896816287746	
1369430473399754761	
1369158784095027201	
1369241598014406658	
1369094602267975686	
1369249149405827080	
1369109707479281664	
1369245591620960264	
1369630411756892162	
1369634180301258760	
1369639676793942023	
1369651031836131331	
1369655730761039876	
1369660585076531205	
1369664345064488963	
1369604003621990405	
1369573774178287616	
1369585091349975040	
1369721003702620164	
1369681219575812097	
1369731548275212294	
1369669957093580800	
1369734863050469381	
1369751920601149444	
1369756705991561218	
1369668154117550083	
1369600442322333699	
1369517395858120706	
1369490617592467456	
1369855958042738691	
1369807749614338050	
1369844500655448065	
1369825693283057670	
1369809452845723654	
1369832281075052545	
1369804424210755593	
1369829453048786946	
1369855264971583489	
1369855152820088839	
1369849579592679431	
1369845785035169793	
1369800486610558977	
1369917525186772992	
1370108404849512450	
1369921087010652162	
1369977690787352579	
1369913211592572928	
1369989008009420807	
1370053175059812359	
1369950290586304515	
1370045627908886528	
1370022988565803010	
1370019199259713536	
1370015418098847748	
1370011668944715778	
1370007880901009415	
1370004127837749248	
1369856062497685517	
1369958952017010688	
1370104772372611075	
1370101982451560448	
1370093324485455874	
1370092588615753737	
1370071536292487171	
1370117601137983492	
1370159480491683848	
1369973919780847618	
1370150333129887749	
1370138757295443981	
1370137766906974210	
1370135076395175941	
1370131873373024257	
1370129369251909632	
1370069907174461447	
1370146568960143368	
1369816146803781635	
1370295679722139650	
1370164992390074371	
1370449535416332291	
1370439967596494849	
1370428633744039936	
1370268586208550912	
1370241894798782465	
1370234716662665216	
1370226487132033025	
1370283440168386563	
1370479982200389634	
1370432423482294276	
1370183516990754823	
1370184388684652545	
1370457090779664389	
1370411782515404807	
1370366500008296448	
1370502073415049231	
1370498177397362694	
1370495093052870657	
1370400476043284480	
1370306080513912838	
1370341074636570628	
1370351974487617536	
1370364475786854403	
1370408035223547908	
1370309834751541250	
1370728624333160448	
1370530454844100611	
1370549696658292737	
1370739584435380226	
1370861001504079872	
1370826532445376514	
1370824501047529474	
1370842365691359232	
1370845647260286977	
1370759333408047105	
1370777956944072705	
1370793065888223233	
1370676025747763203	
1370830798853709824	
1370645823168651266	
1370600546059571204	
1370755025165811716	
1370566296882933760	
1370566422175178755	
1370593095142699009	
1370742525514878981	
1370609125940400130	
1371189665513009152	
1371083980947210241	
1370949289103523843	
1370963191199588360	
1371023359165743104	
1370993134042284035	
1371400804364648454	
1371569350944100352	
1371588658663411712	
1371592492966158337	
1371606330524438530	
1371512022035263488	
1371483868704948226	
1371491911966588930	
1371506511952887808	
1371397016530599937	
1371564991292268548	
1371472520147316749	
1371333362175070211	
1371290231824134146	
1371396531715203074	
1371461208591720448	
1371459342847905795	
1371457453888507905	
1371449877872398337	
1371265144341327873	
1371444101137203202	
1371423454361161732	
1371444650918223873	
1371800928538484739	
1371928380006834178	
1371918216000331779	
1371806477518782464	
1371940863018942469	
1371949681174065155	
1371967324798980098	
1371793411888517121	
1371808495188779014	
1371816139349766145	
1371952178923966474	
1371819817309765633	
1371906888783257604	
1371835039386832902	
1371736756639432707	
1371755651559518213	
1371770486108135425	
1371778324117262339	
1371785871440109571	
1371635069719298050	
1371642667235487746	
1371656021559611392	
1372208647741263875	
1372216211560394757	
1372228244632649731	
1372238828166057987	
1372253918311374850	
1372329671745015809	
1371996157212246020	
1372024799724249095	
1372035248364601345	
1372046037167316994	
1372159562770493444	
1372167093261570050	
1372122042930200576	
1372057890358493184	
1372114262143959042	
1372586526274678787	
1372537048784064518	
1372586165157691394	
1372589899350687747	
1372647603792445440	
1372525739535388672	
1372397626709176321	
1372376081538420736	
1372355919435169792	
1372544609117741058	
1372506855629545473	
1372442911204372480	
1372671807052865536	
1372481336280289280	
1373050684921237507	
1372725232637722627	
1373055800361517059	
1373045173169569793	
1373037810920398852	
1373012774872346624	
1373001599384223751	
1372888107226443777	
1372715971660627968	
1372842834211045379	
1372833980135964677	
1372815472480124929	
1373060312233033728	
1372854127118712833	
1372912524752998403	
1372985759465082883	
1372962267944325125	
1372986512401391621	
1373386379225407496	
1373330968841441282	
1373337061017726987	
1373341583114973185	
1373344869800943626	
1373363744336666626	
1373367756213649413	
1373393930012745738	
1373420355759525891	
1373412819824209921	
1373268751756447745	
1373274215038783489	
1373284206718152705	
1373292270410199044	
1373329776853852161	
1373310386527686669	
1373258546180194304	
1373122175117488128	
1373167474087198722	
1373104136401600516	
1373099528467910660	
1373083771457712131	
1373081032216477698	
1373064693586264065	
1373212771366633472	
1373461879683698689	
1373461954396835841	
1373484533518073858	
1373529830000627712	
1373575151317610509	
1373620465747562500	
1373424187767984131	
1374050789497393152	
1374092537745575938	
1374084756695097345	
1373990391175843842	
1374062110347509762	
1374069642378018822	
1373929965834670083	
1373948835060408326	
1373961906868871168	
1373958219618512906	
1373911342227320832	
1373846933853376512	
1373917596857290752	
1374016797205217288	
1374492437238874113	
1374507016132063238	
1374435866618163204	
1374443373059182609	
1374447147475628036	
1374450939571019781	
1374462252523261966	
1374285304346116098	
1374269957404516355	
1374186913876340736	
1374254861437526016	
1374322551703404545	
1374330138154967041	
1374341422451724299	
1374345214547070979	
1374381003343458306	
1374296125285531650	
1374224665158295554	
1374172525605818369	
1374626606879281154	
1374662314356580353	
1374564153118035970	
1374854816053276676	
1374745367896600579	
1374720664494563331	
1374728229362167808	
1374734943440543745	
1374793222749294600	
1374788131120103425	
1374783341388566541	
1374515067153092611	
1374705573443276803	
1374780570253856769	
1375060340522749954	
1375077566965485572	
1375036260809641989	
1375024682072735745	
1375013349927350273	
1375073760760500231	
1375107752406695942	
1375130381419212801	
1375124580906496000	
1375119074024390657	
1375111953853652999	
1375083069137371136	
1375051572959395840	
1375141080031756293	
1375100172863213570	
1374892550847406088	
1375167873824460801	
1375191037912711175	
1375194564898750466	
1375221046861819904	
1374934576397754373	
1374989231957901313	
1374930299738599429	
1374915211707170819	
1375481467896225800	
1375572045187145731	
1375477698143916032	
1375428606969716743	
1375483181072322561	
1375489010454437893	
1375553197197172736	
1375538149636644866	
1375519193962020882	
1375447465235771397	
1375334469335416835	
1375296724323958784	
1375277600369745924	
1375251200396890112	
1375247145540931584	
1375236321954906121	
1375397386370101248	
1375288955126509573	
1375326931827240962	
1375387067748921344	
1375949533633449989	
1375953550006743053	
1375934420453109760	
1375869545647329283	
1375789467181678605	
1375734375220928518	
1375945801348833280	
1375779660861222913	
1375941716474269696	
1375809873775067139	
1375855225018445829	
1375847618719416324	
1375843820932378631	
1375825026990096388	
1375820165942816770	
1375804491136692229	
1375673962454204423	
1375658887555219456	
1375651802809577473	
1375851389256151048	
1376262862302281730	
1376232664089436175	
1376202534063312900	
1376187361646809089	
1376172288526200833	
1376036386193702916	
1376096739996925954	
1376021267443281920	
1376617953718902788	
1376670762506010628	
1376666486937419779	
1376655435898454018	
1376636802086359042	
1376629004384489476	
1376383640804995073	
1376398760100642818	
1376360984604983300	
1376334552243798021	
1376509134615494661	
1376423615126732803	
1376425416198619137	
1376442888490475520	
1376462910843715584	
1376470466538397697	
1376485575021199360	
1376570363124051970	
1376595017612017669	
1376330798027137027	
1377031981402353674	
1376882436399890433	
1376870601034506240	
1377010511057981446	
1376972518595178503	
1376693435588050947	
1376864054275375105	
1376685654562717696	
1377035845782355974	
1376783780422287361	
1376723867859832839	
1376738717596057603	
1376719589342646274	
1376700709136183296	
1376696687389990912	
1377047257439145984	
1377038574755979267	
1376825554477932545	
1376806437750460419	
1376840642136055810	
1376843133745426440	
1377376666645897221	
1377391255919808513	
1377067107498745861	
1377093794072420353	
1377212351468949504	
1377210571150532614	
1377199270793723908	
1377240778104258562	
1377252097478041607	
1377168842032472068	
1377108680223551500	
1377267216614354945	
1377342720654467072	
1377323607039303680	
1377321885667577859	
1377180141764243459	
1377282098625703942	
1377293379688660992	
1377301172906770432	
1377274568004489217	
1377771949292670980	
1377471058991808514	
1377750177642123267	
1377764224328433665	
1377728636992692225	
1377723729883639809	
1377721809311780864	
1377501263710056448	
1377537566396854273	
1377634859045122049	
1377644459635134468	
1377663336175796225	
1377606737168117765	
1377569192703102978	
1377546344404033536	
1377541263763906560	
1377679682741678081	
1377593358189727747	
1377576532940623875	
1377554099072335873	
1377791028409864194	
1377799075114930176	
1377803025000108034	
1378090743714168834	
1378112567109955586	
1377955770587828225	
1377959498137051148	
1377965786996817931	
1377789442480513024	
1377788853017272320	
1378034995558707204	
1378037030416973830	
1378039556541407233	
1377967299332698116	
1377969146915389442	
1378008906698526724	
1377934868978540545	
1377901402777911297	
1377886295071002626	
1377874522859307008	
1377871192661581826	
1377856090495463425	
1378018134452408324	
1377984237639438338	
1377953985362079746	
1378490030138744836	
1378433386801463305	
1378440945096658953	
1378478686022856707	
1378486234230689792	
1378361718284427268	
1378392127856635904	
1378429615694360576	
1378395144311963649	
1378210696136171520	
1378341019461226496	
1378331981830848513	
1378347096567341056	
1378573086765764608	
1378501341841125392	
1378508880095891460	
1378724121861832708	
1379222309668589569	
1378882623209111552	
1378886372006760456	
1379049548685975555	
1379029819275542531	
1379044930874716167	
1379106397183442955	
1379122164415234049	
1378920374704996353	
1379137269928452096	
1379143083393228802	
1379154647156412420	
1379165975896023043	
1378999635314892801	
1379007665326731267	
1379125959790620677	
1379528103010131978	
1379415534475837444	
1379423558003200003	
1379418209422561280	
1379554797574094851	
1379403567879094280	
1379409273072013316	
1379231336473493506	
1379227579157205001	
1379290552273879046	
1379369548852424705	
1379358229138923530	
1379335612726194178	
1379323761510522881	
1379305646756134913	
1379393476404580352	
1379735757653426182	
1379697971894308864	
1379706134190305285	
1379769723257303040	
1379775244928421891	
1379800214907801608	
1379784793056026624	
1379909769750798339	
1379818792872775683	
1379815003457527812	
1379646856951652355	
1379605784514953216	
1379598464670175239	
1379596033135624198	
1379750839934455809	
1379778431215407107	
1380054323250528256	
1380047893281787906	
1379954914647015426	
1379989267011805186	
1379992667908608001	
1380106660400787456	
1380132091808120836	
1380124527317954562	
1380110029622292481	
1380098116901306368	
1380079241388261380	
1380286657497157633	
1380230238261628932	
1380412402597003266	
1380431811793276930	
1380443612786360320	
1380451526691450882	
1380468064815345665	
1380558688138706953	
1380464017999814660	
1380524693552267266	
1380509580459917313	
1380502928352493571	
1380319515892940804	
1380513441681661957	
1380566208257351692	
1380638911312101378	
1380629292661477378	
1380593873920098304	
1380588866353127427	
1380583818936090624	
1380577520605614087	
1380609225664126976	
1380883537402953732	
1380868241275371522	
1380890835995271170	
1380876244439420929	
1380924545012527105	
1380777592006045697	
1380725379636269062	
1380714088679010304	
1380973887748509699	
1380936401181626368	
1380981188937023492	
1381366480860803074	
1381306085986996230	
1381287270649630721	
1381139994564255748	
1381256631313387520	
1381245719865126913	
1381230631905071104	
1381315543236501511	
1381596746330046464	
1381626965979975683	
1381604291782311941	
1381743211476041730	
1381698930937856001	
1381691499503628289	
1381548171264950275	
1381543867346907138	
1381517479588007947	
1381513691204575233	
1381499334190100482	
1381487269912182784	
1381676027777318924	
1381585419112960003	
1381564145900920832	
1381790937374937091	
1381797050027769856	
1381804608998285312	
1381880977425846273	
1381812153292836865	
1381974211758067713	
1381990221353455622	
1382034271041421314	
1381926047378194434	
1381902237379727360	
1381910067608485888	
1381913839835488257	
1381933297526267905	
1381929598561234946	
1381938240463179781	
1381940339301347331	
1381946978456768513	
1381959621141757956	
1381962892019392512	
1382047552485359617	
1382097251816857601	
1382068736551706630	
1382057521658093568	
1382321513693646848	
1382125457353629698	
1382219849565405186	
1382234675553386496	
1382298860240900102	
1382296827798650883	
1382273861690011650	
1382166999288193024	
1382151903866449924	
1382137073302396929	
1382136785334112258	
1382352467132874753	
1382330336043020291	
1382468993894735873	
1382450109959581700	
1382397004026941443	
1382419734403153933	
1382370647502954498	
1382605590032187394	
1382683917359198211	
1382672584500781066	
1382723413815533571	
1382755689823678472	
1382736772984111106	
1382646760980504576	
1382525602599743489	
1382484068869271560	
1382630302254829573	
1382624947349159938	
1382593040632709121	
1382763203520790540	
1382784862826987523	
1382804891802992642	
1382808582886985742	
1383093816987684870	
1383192818567553027	
1383197536178081792	
1383206887299153926	
1383148477249687557	
1382937064950353920	
1382906875692384262	
1382848243575492610	
1383019859739566085	
1382954695870808065	
1383087962817171459	
1383344749801664516	
1383432022194999296	
1383418382263853068	
1383299460373966857	
1383707155887378433	
1383661859161608194	
1384212758573371402	
1384250730660257800	
1384228074393202689	
1384125904092205065	
1384129685118853122	
1384053207337299973	
1384171196128714764	
1384428636229586945	
1384499616071233537	
1384484516794933248	
1384469421079646209	
1384527394296434688	
1384460074261831681	
1384375289774493698	
1384401508049899525	
1384296460674428932	
1384863761014607872	
1384828025460641796	
1384844658853961729	
1384775685147971584	
1384771671152791554	
1384873327592972290	
1385013251130462210	
1384767362520465411	
1384979198545207297	
1384937497990414340	
1384914895611834370	
1384707359361097728	
1384680183265902595	
1384990412025176067	
1385296124332978178	
1385277296727187460	
1385231934394146817	
1385216837298884611	
1385205523709054976	
1385199706012229636	
1385121033439612928	
