1319938426368593920	
1319881334714736640	
1320379607661596678	
1320380867945037824	
1320160702045294592	
1320372072758083584	
1320428680506675200	
1320366695261884419	
1320213507862913024	
1320433210682155010	
1320404411559149568	
1320440056579018754	
1320442011665793026	
1320455167964270599	
1320463813934829568	
1320473979682017280	
1320447053563121664	
1320496624699953159	
1320609871650312194	
1320575900723924992	
1320724387126009858	
1320719370264432643	
1320711805694627840	
1320770716460089345	
1320758383264354307	
1320752822019915777	
1320633273551327233	
1320636305118760961	
1320640075261190144	
1320643857491656704	
1320651452017160192	
1320674549617348608	
1320751635224821765	
1320757131805659137	
1320662984495124480	
1320553261938712576	
1320560833177505792	
1320839145753694208	
1320834949218504705	
1320830329981206530	
1320873866135248896	
1320799874812649472	
1320802417219428355	
1320810510250639360	
1320872811850797056	
1320832828905529347	
1321121955144212480	
1320894893661679617	
1320917396752756742	
1321078138940596224	
1321074194168320000	
1321055321809473537	
1321051565625614336	
1321017559781646337	
1321028921232642050	
1321081740945969157	
1320889197218070530	
1320892317985886210	
1321104368196710400	
1320964964560130050	
1320957413541974018	
1320968725907079168	
1320916676448169984	
1320892683712229376	
1321129561308991488	
1321127025353068545	
1321162284660654083	
1321164852245778432	
1321175099173675015	
1321198621770002434	
1321207360770187271	
1321132054482997248	
1320920005211553792	
1321139663143395330	
1321157234835992576	
1321154721265164288	
1321238410372259842	
1321228264023666688	
1321142130421673985	
1321310497698971651	
1321417703979188224	
1321432798759161857	
1321439098469601284	
1321441612430528514	
1321364251781509121	
1321302938829135877	
1321305852725350401	
1321413937104068609	
1321451184721416193	
1321395057228959745	
1321276899138699264	
1321328318344499200	
1321392245925359616	
1321333709040222210	
1321265678066814977	
1321263161605984256	
1321247570740580353	
1321240545956605953	
1321461740291411970	
1321267846580678658	
1321537487068631040	
1321469274062508033	
1321464263353999365	
1321551505724334080	
1321567682903396352	
1321599131052367875	
1321454197095759872	
1321457281750470656	
1321595367641796610	
1321572724955906051	
1321575234022100995	
1321268194494062592	
1321580262451515396	
1321585298313281536	
1321555103606853636	
1321577752978477056	
1321560136939409409	
1321557635628474370	
1321494449982230531	
1321507559572934658	
1321512099680448513	
1321517106882580480	
1321491950781014021	
1321519637515931650	
1321525939839393793	
1321804008927973377	
1321617831977431046	
1321768778410151942	
1321795675705790465	
1321787632913887232	
1321629342510833664	
1321772535961264129	
1321761465431445504	
1321806536793071616	
1321809041568444416	
1321849304961765376	
1321846778015195137	
1321836745080688640	
1321801477682274304	
1321829159207841797	
1321889614467108865	
1321904130709950464	
1321884525216059392	
1321879505997340678	
1321919092912246789	
1321826655476867073	
1321818150372073477	
1321735532091723778	
1321646688730165248	
1321644927131025411	
1321643183110004742	
1321641982393946112	
1321716152754688000	
1321701057085476870	
1321693506654666752	
1321685958195093506	
1321678430216327170	
1322133936307392512	
1322188330017214464	
1322138698402697217	
1322150782330937345	
1322157590139326465	
1322119833559990272	
1322189821994041345	
1322016139761897472	
1322010586822152194	
1322008069694509056	
1322006070605348865	
1322003734658838530	
1322024194633248769	
1322100986786291712	
1322093418051489793	
1322085887019261952	
1322074277986881536	
1322056655622856704	
1322025197273255936	
1322171416452747264	
1322010577233989632	
1322194319877525504	
1322033763149336579	
1322206652741914631	
1322000672342962181	
1322028472974430208	
1322026711681241088	
1322244419723108352	
1322306152793853952	
1322315458809368579	
1322320139740717062	
1322322982392500229	
1322241892596277249	
1322239362814365703	
1322211683507556352	
1322224266453147650	
1322246908224643074	
1322000991928004610	
1322027473983385601	
1322252207836827650	
1322272324775825413	
1322267306244870148	
1321972439849590786	
1322192000532291584	
1322277333705916417	
1322402418294808576	
1322599282428514304	
1322549901952241664	
1322569036362862592	
1322565262495932416	
1322625657449467904	
1322617437313970182	
1322538897264529408	
1322433396883312641	
1322463579057041408	
1322471139512377345	
1322478680497659905	
1322508908263546880	
1322512921780494337	
1322519718952083458	
1322523993887428608	
1322353763861078018	
1322360822174285824	
1322379703404105728	
1322394669058347009	
1322400173549592576	
1322331040980107264	
1322330754211262466	
1322377275157868544	
1322886369048449026	
1322991824307408904	
1322739147942088704	
1323037167355088901	
1323025805652484100	
1322977723585875968	
1322988050645921792	
1322901467028725761	
1322856178934841346	
1322841077603274752	
1322818935721480192	
1323018253065662470	
1322810888794103809	
1322758020514910208	
1323400456933199874	
1323380501701365761	
1323259836017053699	
1323256062389215233	
1323237188356767744	
1323233416809242626	
1323307474565423104	
1323359490423533571	
1323340253202161664	
1323402936987324416	
1323286293997113344	
1323059789392392198	
1323168239917113344	
1323150363000774657	
1323203255434956800	
1323413484948885504	
1323573156951588871	
1323531863554666499	
1323468447104327680	
1323462890033131520	
1323422424029908992	
1323430855860256769	
1323565617929199617	
1323561579300925440	
1323513020719472640	
1323507967317213184	
1323498661490364420	
1323490363445776385	
1323485507557462016	
1323651162063687680	
1323667557442793472	
1323590758969036801	
1323603377574600705	
1323610931348279301	
1323622236452982786	
1323714100065685506	
1324089056955977735	
1324093581854998529	
1323991070699638786	
1324041290426781697	
1324048512326242306	
1324053323155124225	
1324112985267294208	
1324256160300601344	
1324185934116626440	
1324305484321558543	
1324341395755274242	
1324338203441188865	
1324335703111684098	
1324230238746935296	
1324245340472643590	
1324607715340144642	
1324562429141987328	
1324513125480210432	
1324692051305385986	
1324695803978461191	
1325155401365561348	
1325073102607364097	
1325079327705346050	
1325091989298221056	
1325083357508755456	
1324929142505271296	
1325182905950359552	
1325433153847234562	
1325226559440121856	
1325747234282016770	
1325888405679583233	
1325921087620861955	
1325896355915685888	
1325882136822489091	
1325880855005376512	
1325878338259464193	
1325941742592520193	
1325951122817822722	
1325846981231734786	
1325600258848600065	
1325875833714716681	
1325692619742191616	
1325771470686068736	
1325758562212196352	
1325739418053996546	
1325724849625509890	
1325792790190678017	
1325867937081724929	
1325864515427332100	
1325860709897433088	
1325833060030492672	
1325814123670745088	
1325815617178497024	
1326253328339234819	
1326248283518476295	
1326240735696478208	
1326303722650144774	
1326070103797075969	
1326102367696285696	
1326087270395424768	
1326291182503202816	
1326175295813120001	
1326239571923902464	
1326177823694974976	
1326234768460173321	
1326057270573228032	
1326235947445456899	
1326054740720033792	
1326105580046585857	
1325990936971767809	
1326025579875819521	
1326045250561978369	
1326047843312922624	
1325999536905605120	
1326311565365309445	
1326136307568013312	
1326162722887770120	
1326167774855651328	
1326105595775168513	
1326050985286971392	
1325970639510007808	
1326048214248804353	
1326315231136477185	
1326341566588399616	
1326381925741834240	
1326374360811249664	
1326366595728465920	
1326362598087008256	
1326350139418681344	
1326646170467315713	
1326614443824910336	
1326334210693591042	
1326487599595347970	
1326483848872550401	
1326619485688750081	
1326457479375572994	
1326494970367397888	
1326498694372454402	
1326506237039685636	
1326449859507916805	
1326561590884315137	
1326525102641516551	
1326435012166692864	
1326419684498038785	
1326620850775334913	
1326610675033124865	
1326634582083514370	
1326632736233283585	
1326656632852520962	
1326663759750901760	
1326666275993563138	
1326578787820199936	
1326601852952203265	
1326713921659613185	
1326728051946889216	
1326751853229596672	
1326696486902640646	
1326688825226235905	
1326678630622171136	
1326743303052615681	
1326853023126216707	
1327016266238980096	
1327009793916145673	
1327004763590979585	
1326965502938329091	
1326936818537918470	
1327019741165268992	
1327021070214369281	
1327033026992193538	
1326864878930366464	
1326868617108074496	
1326879931729649664	
1327032252534988800	
1327031654712373248	
1327030021928620032	
1327029099584372738	
1327028330437152769	
1326914172215586816	
1326969529675689984	
1326982109358067715	
1326985907438833665	
1326845970198507520	
1326766946373791746	
1326987399088443392	
1326780034389057537	
1326794691677982726	
1326797154996932608	
1326842684376571904	
1327233247659634689	
1327246111569031175	
1327227251084103682	
1327185702145167360	
1327363274153844738	
1327175635400323074	
1327253635101650946	
1327181960184205313	
1327170608187252737	
1327271182006177795	
1327285943666139142	
1327382620183928833	
1327388917394509824	
1327375330022199298	
1327369981353488384	
1327342983713345537	
1327276320850669568	
1327288287594164225	
1327301211247226880	
1327312814692851713	
1327320336354979841	
1327326636472229888	
1327329153092358144	
1327334188517892101	
1327235137935904770	
1327165616466366464	
1327151976832970752	
1327073529016233985	
1327072913766436864	
1327067969403412481	
1327065023403986947	
1327053372474728450	
1327040086505115648	
1327038873227186182	
1327082867277619203	
1327128560000176128	
1327121960606765060	
1327110455022718977	
1327095134408888320	
1327091605766103045	
1327095353087287296	
1327041805859364864	
1327432981401759745	
1327433636271042560	
1327443946100973568	
1327442234179002374	
1327439749284585473	
1327404352080896000	
1327460216812650497	
1327706660438151169	
1327665117824245760	
1327616296201162752	
1327582313480413187	
1327506819644846080	
1327755961860231170	
1327469053917622273	
1327695581603651588	
1327869215605460992	
1327839514111434752	
1327808564002500608	
1327990011690684417	
1328112817094987778	
1328095723129348098	
1328384838227816450	
1328329490670477315	
1328396440587169793	
1328383580502847488	
1328249966020747265	
1328325730074316800	
1328268847489699840	
1328276639529242626	
1328299290788294656	
1328404996514254849	
1328254013725437952	
1328382352809209856	
1328470430936600576	
1328378562127294465	
1328453592500621312	
1328447776468963333	
1328447408028741632	
1328445254329098240	
1328440234292490253	
1328457861647769602	
1328427650172526592	
1328430154901811200	
1328467914765307906	
1328380388973146112	
1328473029597409280	
1328483003136421888	
1328321929543962625	
1328314411552010245	
1328422602830966785	
1328312679526789121	
1328417577689878533	
1328376095742234626	
1328369765342191617	
1328348374953758723	
1328308708225536000	
1328477984370663424	
1328616382091636739	
1328563558263697410	
1328586181697810432	
1328593769759973381	
1328642816533295104	
1328521154156503041	
1328533599285616641	
1328730018659377152	
1328544670511751169	
1328719578113990656	
1328744764217450502	
1328772439694843904	
1328749776930795521	
1328759831772221442	
1328717026982993924	
1328715769182609409	
1328713815647805441	
1328684364901871616	
1328676771689074689	
1328661943306100736	
1328701950880342017	
1328762325504024576	
1328772641658982401	
1328836631781134338	
1328840256498638853	
1328849160334954496	
1328772942944153602	
1328773139912945669	
1328773508084666379	
1328782486848073734	
1328790096917704711	
1328540375624146945	
1328704467173339137	
1328695650104602624	
1328503410195357698	
1328495622882734081	
1328491216070201345	
1328488092412637184	
1328646594233831424	
1329029953166446592	
1329009229366255622	
1329169035859288067	
1329170549671596033	
1329032932418260992	
1329134822166581252	
1329058052956413954	
1328997891231387652	
1328993868025573377	
1328990345493946369	
1328963945818939392	
1328967693098250240	
1329061827389566976	
1329166130712354816	
1329073443220856835	
1329122234003296256	
1329127266295681027	
1329137358948741121	
1329203905830371328	
1329035374585393156	
1329203054722363397	
1329208037844807680	
1329152452969558025	
1328889553554432002	
1328879611929878528	
1328872448712962048	
1328868531782504448	
1328860412683673603	
1328855197389615104	
1328922626421559301	
1329187262568026127	
1328941279099691008	
1329157696235384834	
1329114675657764871	
1329117828524482560	
1329088413727744002	
1329096317583446016	
1329113417970577414	
1329104516969586696	
1329105853039960067	
1329108376207454209	
1329112164746059776	
1329417610543370240	
1329401560963706880	
1329413087242416129	
1329411380177477632	
1329408280746221569	
1329394040501133312	
1329472018169946115	
1329296120279928835	
1329288568670449664	
1329469530771517442	
1329470773346570241	
1329265911577108482	
1329425477719773187	
1329390493457903617	
1329429852798275586	
1329441320977436673	
1329274701621862401	
1329238580837933057	
1329436787182350337	
1329348707830132743	
1329337390373199873	
1329326304496414720	
1329318771232796673	
1329298795524485120	
1329445755879297032	
1329356259884199937	
1329270486526685184	
1329267224989732869	
1329235694447980544	
1329231168533835777	
1329231104897937413	
1329227973954703360	
1329266862102695937	
1329266546875645953	
1329266437311983616	
1329266295095783424	
1329269851488075781	
1329246275867439106	
1329242373466054657	
1329509766637490179	
1329537273432596483	
1329562373733146624	
1329573821817495558	
1329250820995624960	
1329549193099227140	
1329547920454995968	
1329507277758484481	
1329564642599989254	
1329492180457709568	
1329812723727806464	
1329782824090693632	
1329794191057170435	
1329801684244160513	
1329809244837777414	
1329775270124003328	
1329741306701213696	
1329844707472539648	
1329886543205576704	
1329918937623113730	
1329863479608684547	
1329867082394046464	
1329872393758793728	
1329892806534508545	
1329908779199193089	
1329912926455689218	
1329699520876339200	
1329922578098638849	
1329927088921600000	
1329935831952470017	
1329823306703376386	
1329857075497852928	
1329711127266254848	
1329831904284209157	
1329622743483080704	
1329581180589633536	
1329583544004468737	
1329672080330264576	
1329597966013829120	
1329628708706062338	
1329619825350545413	
1329616771213561867	
1329577958676238339	
1329688719012622337	
1329634251487133697	
1329836931446951938	
1329830640611680256	
1329641849309585408	
1329638130559963136	
1329650692324253696	
1329650930715942913	
1329653703297671169	
1329659257923440640	
1330264250636525575	
1329982084505591808	
1330277325104144384	
1329974329782771714	
1329962572783751171	
1330205609728348161	
1330189849568145412	
1330020868357906433	
1330023636531462144	
1330043315421663233	
1330051091543830533	
1330058405457907714	
1330140922022125568	
1330159046448517121	
1330018351507267585	
1330168116513484801	
1330163081624817664	
1330013100410605569	
1330250909876707330	
1330224495869775872	
1330183898198892550	
1330179446523957251	
1330016168044761089	
1330612292338155520	
1330605566696284161	
1330596843101818888	
1330534064479215618	
1330345651754954753	
1330315124725395457	
1330526526111092740	
1330647528166084610	
1330588949543325698	
1330375488313954305	
1330405696848932865	
1330398123135528963	
1330390598994583559	
1330541836725850113	
1330570052584824833	
1330300020684451844	
1330575352788373509	
1330584688432467970	
1330828490371981312	
1330833999644778498	
1330851143296167937	
1330858705248727044	
1330862430675677186	
1330866218350354432	
1330873777090080770	
1330924106250915841	
1330881314950688768	
1330887324096458755	
1330890372587921410	
1330896410426961924	
1330916536446574594	
1330911543379324928	
1330876274340978688	
1330808051885088770	
1330817131798278146	
1330810087221448704	
1330803037959491584	
1330700377264631808	
1330745655657181185	
1330760524779368448	
1330768082894278657	
1330783267172343809	
1330737890259767299	
1330977669811462144	
1330964412224712705	
1331270129938817027	
1331267356685905926	
1331261910994612238	
1331255653894152192	
1331252359121539078	
1331246464475992064	
1331245357481779204	
1331074477929730048	
1331070309252915203	
1331064911292755968	
1331057475009777665	
1331052697131290624	
1331036119312572420	
1331077996334243840	
1331102243618250753	
1331099573528485895	
1331097919252881408	
1331321713087361025	
1331324224804433923	
1331332808539770880	
1331271373650583552	
1331356143722131456	
1331373951746977792	
1331294031394041861	
1331288436368699393	
1331273908855640071	
1331237007943675907	
1331284882404872197	
1331234922640650240	
1331160895242850304	
1331170208413855744	
1331184301942185984	
1331199654772563970	
1331228577098960898	
1331591653887520771	
1331443131871477762	
1331470430620831745	
1331539649353887744	
1331530835661557762	
1331532243827892227	
1331579658224197632	
1331561041231228931	
1331583541851906050	
1331519518913548292	
1331430203814522880	
1331455229976580096	
1331447797074288640	
1331468154732568576	
1331436467474796544	
1331424879866855424	
1331413630512979968	
1331413123841077249	
1331412573015707648	
1331398894434054145	
1331472893792972801	
1331496874432458752	
1331485526172585986	
1331477979357212673	
1331472936105091072	
1331425631632953349	
1331575883707146242	
1331391169515966466	
1331689362707410944	
1331693183240183813	
1331697135373475849	
1331704260476637185	
1331704494388817921	
1331707472332140545	
1331680334728097796	
1331717813258637313	
1331700953133834240	
1331723422599147523	
1331661830943633411	
1331659914129903617	
1331652640493760518	
1331651399730524167	
1331630295276249089	
1331746185544159235	
1331734690135420928	
1331650115057164293	
1331785273303293957	
1331791418310979585	
1331798849552338947	
1331801109199982594	
1331786273137233922	
1331805442557689856	
1331805992816943105	
1331807641702699008	
1331810435079790593	
1331812926441873408	
1331772606622670848	
1331756642657034240	
1331759246040567809	
1331765525920305153	
1331768246807171073	
1331779733743398917	
1332089522297970689	
1332082468770418690	
1332070640162107392	
1331818975181803521	
1331817716169240578	
1331817708145442819	
1331845288689098752	
1331911835063357442	
1331923428161499136	
1331845413129900032	
1331930977103384577	
1331960951696920589	
1331942042503622668	
1331953383238995981	
1331900523570720768	
1331898262689894402	
1331855275205292034	
1331859552162222082	
1331864264751992836	
1331870338427351042	
1331878132316573697	
1331881758967656450	
1331945830467719169	
1332053446246150144	
1331835376739225601	
1332051543345000449	
1332036686520479746	
1331980043845853185	
1331998724592177155	
1332010001771220994	
1332017564797595652	
1331829052362067970	
1331838611336159233	
1332032638824099841	
1332240271300505603	
1332232958112129024	
1332432792945369088	
1332399061324996611	
1332353527168049153	
1332455422666661891	
1332230703300407297	
1332202757416226820	
1332164263042048001	
1332134301387919360	
1332447902350913537	
1332323558412914688	
1332319538327785476	
1332308191649083392	
1332270478426329089	
1332315777702252545	
1332814290483634176	
1332806521873440768	
1332798693280518146	
1332788295143710724	
1332761210064949250	
1332731497124667392	
1332689725556133889	
1332647971578580992	
1332557608633372675	
1332485633894469633	
1332481876167159809	
1332735661749776386	
1332704821854556160	
1332738290953449477	
1332699550428123136	
1332696380889059328	
1332693493500833796	
1332693071092445186	
1332701051884105729	
1332927536402214913	
1332976103401590787	
1332873692418805761	
1333055657856167939	
1333066969961144326	
1333076199149592584	
1333082062425874436	
1333070742095859712	
1333010593679339522	
1333025682667020293	
1333086401831821314	
1333123834996776960	
1333053973394239501	
1333357625564667905	
1333312325621862402	
1333384150657675264	
1333368940240756736	
1333361160285007872	
1333430606328451072	
1333466127981305856	
1333457028505870338	
1333468346944204804	
1333469619395452937	
1333440679456935936	
1333443193136967681	
1333428090765193218	
1333425585968836611	
1333415526001946625	
1333410511485100038	
1333406699592568835	
1333399150910697472	
1333493542308769796	
1333498552400703488	
1333508884414279686	
1333511398186430464	
1333520012703838210	
1333530775367671813	
1333537056312659968	
1333545582183522305	
1333323647386333186	
1333561248106094592	
1333557721363341324	
1333558744362455044	
1333783977409212416	
1333889877084155908	
1333667408381349890	
1333686035528753153	
1333689823366959104	
1333697355271589888	
1333704909900935173	
1333708689799319555	
1333568285791629314	
1333716236870578177	
1333727558173659138	
1333740896538517504	
1333750192718360576	
1333564165391171590	
1333765301180231683	
1333659869161922560	
1333570133508362241	
1333573024277274624	
1333574324536696832	
1333576295842766854	
1333579315624206337	
1333598708387041281	
1333606411515949057	
1333644758124728322	
1333614129698005004	
1333823197180006400	
1333761557017325570	
1333875450330841089	
