1242639673773654016	
1242642663536562177	
1242640135923130368	
1242639097031688192	
1242638091585818631	
1242637530190753794	
1242643639144243206	
1242655206229368835	
1242645396427616257	
1242648919714279424	
1242652257033891841	
1242652449179082754	
1242636595406278656	
1242656464994533376	
1242657490057285632	
1242637337550565376	
1242636077875290117	
1242634581423075328	
1242645662056972288	
1242734993018847234	
1242737509894938626	
1242739775397904384	
1242692974976393216	
1242693965658406917	
1242689183162028032	
1242688682425008128	
1242686923132502016	
1242685392614277120	
1242742288528310274	
1242745317113634816	
1242747313623359488	
1242751589355585536	
1242753874865410048	
1242757142861549570	
1242760406441091074	
1242763230541500416	
1242763739553816576	
1242768571224162305	
1242703028316241920	
1242699265018920960	
1242659920832593920	
1242696724273127424	
1242664252965621767	
1242666638002073601	
1242677457167286272	
1242677842871107584	
1242680611178860545	
1242681617602220035	
1242685114737463296	
1242655968674054149	
1242935037684842497	
1242933552443867136	
1242962917080907784	
1242784355296194563	
1242848736981762051	
1242853777457197056	
1242856362574516225	
1242858836802838532	
1242866352471388162	
1242868889454813185	
1242871397283704832	
1242873941208829953	
1242879755759677440	
1242881472861745154	
1242883979897946113	
1242886483901546496	
1242889012991451138	
1242891522124677122	
1242894556900798464	
1242851268575576065	
1242876423796334592	
1242903092762423297	
1242934331460521988	
1242846214825132034	
1242797200775827461	
1242952680802340864	
1242953923905892352	
1242956181179678720	
1242956444644847616	
1242956449875218432	
1242958463652765703	
1242942884996952065	
1242937330832465921	
1242906318568112130	
1242951426449555456	
1242937293058576396	
1242911404203692032	
1242914350265962498	
1242916819456995334	
1242916956157640706	
1242918181141762048	
1242921733608345600	
1242923070584688640	
1242925537376505856	
1242786317555183616	
1242909616259977217	
1242949459480383488	
1242918679798378496	
1242946138581405696	
1242801385822961664	
1242948907073667074	
1242803454499749888	
1242807776524500998	
1242810727674634240	
1242816029472051203	
1242818548122206208	
1242822066824450048	
1242823567936499723	
1242826095977734144	
1242828631010918401	
1242927759653056516	
1242833631502098435	
1242831132342857731	
1242944865455034371	
1242959006592720896	
1242903503326064642	
1242901008247906305	
1242945385800388615	
1242843694086213633	
1242836427320307716	
1242841192783626240	
1243191024199118848	
1243193520053276673	
1243196037688246275	
1243198659711377409	
1243202354452758530	
1243203831556640769	
1243206105880199169	
1243211145693069314	
1243208705581240323	
1243213674325696512	
1243143179777585154	
1243221184189280256	
1243036481679171587	
1243037992970747905	
1243040272990318592	
1243042020492443648	
1243044016779939840	
1243045523965214720	
1243047800771928064	
1243049310377435136	
1243034212279758848	
1243051571610554370	
1243324567030030337	
1243032713533304832	
1243028927897128961	
1243027170458402822	
1243096126888316933	
1243062907862167552	
1243066669804728320	
1243072196391600129	
1243077251031273472	
1243083279647080448	
1243024964892098565	
1243104917247721477	
1243107446694035461	
1243110967036325889	
1243116949107814400	
1243125195222724611	
1243128123396325377	
1243059124541284352	
1243056848816746496	
1243055345649561601	
1243052816819781632	
1243025150745985024	
1243026665397239808	
1243218689694019586	
1243021367433482242	
1242978127518859264	
1242974961125347328	
1243236291749306369	
1243241334611357696	
1243322105363599366	
1243309756703330305	
1243298019317088257	
1243301501369532417	
1243304063997018113	
1243304450040770562	
1243178421213167617	
1243306254002540546	
1243309228493807619	
1243311763829010432	
1243314034688081924	
1243315228634501121	
1243319190246785025	
1243319393767034881	
1243320201703313415	
1243320224801308672	
1243308700497895426	
1243175903464689665	
1243173380980912128	
1243170872791314432	
1242975036232916994	
1243223708421980168	
1243231279245656067	
1243233776844574727	
1243188491518980096	
1243183442784931841	
1243238812668645378	
1243155783761694725	
1243140674603692034	
1243145767252111361	
1243148215312154624	
1243150720922259462	
1243154293433270273	
1243159720086712321	
1243180932061958145	
1243160808613445632	
1243163311690178561	
1243165829535072258	
1243168388387672066	
1243320343353331713	
1243296721112793099	
1243228751837700103	
1243243861482393601	
1243001134060580864	
1243005646926118912	
1243007294453026816	
1243011212406853634	
1243013806651060225	
1243014109500788736	
1243017045987471367	
1243017596296933377	
1242982352290275329	
1242983304711647232	
1242966520050917380	
1242968019531436038	
1242968534717734912	
1242969280695730176	
1242970041764757504	
1242971803619901440	
1243291260913438725	
1242980074284027904	
1242996960220581888	
1242972075989569536	
1242989518183182338	
1243265550005960704	
1242992398789160960	
1243246555471187970	
1243251433568382976	
1243254130120024064	
1243257833266782214	
1243258167708049410	
1243288883955224582	
1243274929467990020	
1243277346817347590	
1242972310296018944	
1243280744329482240	
1243279956878163968	
1242988397079064577	
1242986390935277568	
1242986389014183936	
1242988992674447360	
1243133105604644870	
1243285978439131136	
1243135624988758016	
1242996285629661187	
1243665682799235073	
1243668880645595136	
1243548656407642113	
1243553396541530120	
1243568733953634305	
1243571998716018696	
1243574772342063104	
1243576055656517632	
1243578557265215492	
1243581072639766534	
1243583572344217601	
1243586089597767682	
1243588604716343300	
1243641612191834113	
1243675432702132229	
1243664612265992194	
1243564623946756096	
1243592809543880704	
1243598739337613315	
1243621348548673543	
1243603709893971968	
1243606237750661121	
1243608641351155714	
1243611260744347649	
1243613789599170560	
1243327387602911233	
1243618223163166726	
1243628885729665024	
1243630935133900803	
1243631642654187524	
1243597782738522128	
1243557681572581378	
1243623869866524674	
1243668582099226626	
1243669117023985667	
1243675430219022340	
1243648607569547266	
1243651306201513985	
1243652768595763200	
1243654340818149377	
1243656000504299520	
1243327089371201540	
1243646501806538753	
1243643914059481088	
1243638153589723136	
1243677863645192193	
1243681760027779073	
1243684379496505344	
1243684740567310336	
1243685252473774082	
1243685504568242176	
1243685763461644289	
1243638946422292480	
1243664357147529222	
1243659158978809866	
1243657221696655361	
1243636477063507969	
1243637248857276416	
1243637593398378497	
1243637776626495488	
1243661751914246145	
1243393588341256193	
1243393836618928129	
1243394591119650818	
1243395097288298502	
1243396356816826368	
1243403647389585409	
1243406169126735873	
1243406909824065537	
1243411055218327552	
1243413967193559042	
1243417739680567296	
1243442394802130944	
1243393582460854272	
1243392810134298635	
1243450956584550400	
1243462531617828865	
1243487052345356289	
1243487956154933248	
1243492990351486976	
1243493011142705155	
1243498157692067840	
1243499319761739777	
1243504273180233730	
1243508097152430080	
1243392066618413059	
1243518155298914304	
1243520676771827713	
1243523218675286018	
1243528228280643584	
1243530754656735232	
1243533251211386883	
1243470826881658880	
1243464805270401024	
1243516076324990976	
1243483951395672064	
1243480873082793984	
1243391557945835525	
1243540817106685956	
1243535786621927432	
1243545868697055234	
1243547340935487493	
1243382507447320577	
1243385016849018885	
1243353108807389189	
1243351528892772354	
1243328432936833027	
1243332125702729734	
1243334458398433282	
1243334630750580736	
1243381001239162884	
1243338708373340161	
1243342007222878210	
1243344737253363714	
1243348289774186496	
1243348397077041152	
1243350440894324736	
1243350516207218688	
1243386271029800960	
1243340823598489601	
1243377727522115584	
1243341557400358912	
1243389290534453248	
1243368504172003329	
1243367308573069313	
1243357143715024896	
1243368350673072128	
1243360333051260928	
1243361213494353920	
1243364700751949825	
1243364869912444933	
1243916272947134465	
1243825445222703104	
1243832980331692033	
1243848067675312128	
1243870723724193792	
1243878282791202816	
1243881554121760769	
1243886065943003136	
1243817885061066752	
1243888690172170241	
1243745376957534208	
1243751165302468609	
1243752805363564544	
1243760571289346048	
1243765035605909504	
1243766030801022976	
1243776345085272064	
1243780135922401280	
1243783917909479434	
1243799256227610625	
1243801529192194048	
1243805066894675973	
1243805299598856194	
1243808051100028928	
1243809558209933312	
1243791707910615041	
1243889603049897984	
1243891380709199872	
1243821679337406465	
1243814516426788870	
1243740511023902758	
1243719736606838797	
1244002350374797313	
1243997046731923456	
1243989747363651584	
1243984474699902977	
1243980634969735168	
1243988964014542849	
1244044142528933889	
1244014676733722625	
1244017423445110785	
1244021485339127810	
1244029767101353984	
1244032550655479808	
1244036585731035136	
1243893376631668736	
1244040345236750344	
1243691298009288705	
1243689310504783878	
1243749939294978049	
1243967866245984256	
1243739840610435072	
1243737072386498560	
1243735388818223104	
1243731123559108609	
1243730263840100353	
1243727273620131840	
1243724481455153154	
1243722046644854785	
1244047896976273409	
1243701291789864961	
1243692793362550785	
1243700613822676993	
1243701091352666112	
1243954271583961089	
1243707307910819840	
1243700188113297409	
1243706904972591116	
1243700089153105920	
1243699889801801728	
1243695831687016448	
1243694894134198272	
1243693729803694080	
1243704308694241283	
1243693577470803968	
1243692794327314434	
1243947068864987136	
1243745755078197249	
1243961073507741699	
1243692795174543360	
1243693856538820609	
1243705895621664771	
1243705804126994432	
1243932783191482368	
1243931617804144640	
1243933891754426369	
1243927001599279105	
1243709417801089025	
1243929619369164800	
1243908494299979780	
1243904701382434817	
1243900928316628995	
1243895044249133057	
1243706642233012224	
1244195351738961926	
1244187815442894849	
1244142521363693568	
1244123641677254656	
1244116102839484416	
1244112323310166018	
1244104269546094595	
1244100741561794565	
1244127410066468864	
1244210463157739520	
1244255755844403200	
1244254897853390848	
1244248212111855617	
1244244430435028994	
1244240653460135936	
1244236872999723009	
1244233115981185024	
1244410277510164483	
1244255536159342594	
1244406526296629248	
1244392927956217856	
1244398974100013056	
1244093198110199812	
1244381348233707523	
1244311809101873153	
1244085655145189377	
1244327249240895488	
1244319691046354948	
1244330986877464576	
1244303929489399810	
1244342337989488643	
1244364983611412484	
1244293533621719042	
1244286982588637188	
1244282871231197185	
1244353664728301568	
1244057746967797762	
1244055438032867329	
1244051661787717638	
1244267092448329742	
1244270886271758336	
1244372542913220616	
1244070523140743168	
1244440483239256067	
1244459407255240705	
1244455576890998784	
1244454330465423362	
1244451820220579840	
1244444257571745794	
1244417829388070913	
1244432920795918341	
1244465391449059328	
1244436719904133120	
1244673511941189633	
1244681142864941057	
1244678328902209538	
1244653131016949761	
1244668229152321538	
1244665736376844288	
1244660671134027776	
1244688357386485761	
1244658152509001729	
1244610359471808513	
1244605505475141632	
1244470177066102787	
1244529313082478593	
1244540377773858816	
1244461122981429249	
1244655676451885056	
1244608888663674880	
1244612858027089920	
1244463124960378880	
1244467644968861713	
1244627966321180672	
1244638076544208896	
1244646681427263488	
1244633005139922946	
1244649673375301633	
1244625464737648642	
1244622927460532228	
1244620414606807040	
1244617894652190720	
1244615389935525888	
1244626835746492426	
1244729743976607745	
1244768377824071680	
1244765877779791875	
1244727462216466435	
1244725127591460865	
1244722100147019776	
1244721460343640071	
1244718822990450690	
1244730898899243011	
1244715657486315520	
1244709640027471874	
1244703462442569728	
1244747605751533569	
1244749067227484161	
1244751745311440902	
1244765610032222210	
1244756310408790019	
1244760844245897216	
1244760846359834624	
1244736799253159936	
1244739799153610754	
1244721370312765440	
1244734487914741762	
1244712385803431945	
1244703200042717184	
1244763105667751937	
1244700996359643138	
1244695922434625543	
1244768911784058893	
1244769645963415552	
1244771730591232001	
1244774189120307201	
1244772711697702913	
1244533351761010688	
1244527556872810498	
1244531339895939077	
1244559821682155520	
1244549436656754689	
1244484521640280066	
1244477461087354881	
1244473955068588033	
1244546172313915392	
1244552039264325632	
1244582673621843968	
1244580159296020483	
1244573467233734657	
1244554526461485058	
1244570199988281344	
1244565456679305218	
1244577375901319169	
1244562835386097664	
1244959985785802752	
1244861258073083908	
1244829285690429441	
1244828853547171841	
1244827725371752448	
1244823657156927488	
1244820758267863041	
1244819586303832065	
1244814864817815553	
1244861000349868032	
1244861495537799170	
1244914357055770626	
1244950342690799617	
1244947414919905281	
1244936385678712832	
1244933397690155008	
1244928283537543169	
1244923362654195714	
1244920945636147200	
1244918619303264258	
1244830527393116163	
1244831050397814784	
1244833813080965120	
1244846144531902468	
1244838082500800514	
1244839593922486273	
1244844628542656514	
1244845661226401794	
1244845888918478850	
1244846653816872960	
1244849481037856769	
1244855213607071744	
1244857465755381760	
1244861000194588672	
1244837110126968835	
1244834561579790337	
1244834559864254464	
1244832309867687936	
1245033153024139266	
1245098109593673729	
1245104263266738184	
1245108995741880321	
1245114034761936896	
1245092896174419969	
1245119163502342145	
1245122463589163009	
1245126577207291906	
1245127033983623168	
1245129038097760256	
1245133900244025347	
1245136631721533442	
1245093762180632576	
1245090503038730247	
1245035659691208704	
1245062620169687041	
1245038168963002369	
1245043203042086917	
1245048244071260165	
1245097536831905792	
1245053285586919431	
1245095178647433216	
1244975247499169792	
1244910317550874635	
1245007975846158336	
1244967690785128448	
1244965175914041344	
1244970224891367430	
1245013007010344960	
1245015514969255943	
1245018563267588097	
1245020547517423616	
1245028095897239552	
1245002962415628288	
1245000422584090627	
1244997927409459201	
1244992862594445319	
1244990348801331200	
1244987898388189186	
1244982812052242434	
1244980290533167105	
1244977759962660864	
1245040693682241536	
1245060820339433478	
1245063338519863301	
1245061589998243840	
1245090008798654464	
1245071140785131521	
1245074901934931971	
1245080824820584448	
1245081171547086848	
1245086614394634243	
1245101311768399872	
1244955619418869760	
1244886173409034240	
1244861739122003968	
1244877595285557251	
1244962667112136705	
1244952616838324224	
1244805361543999488	
1244804032427941890	
1244802090062368768	
1244801603506487296	
1244801334974398464	
1244799825138331649	
1244798579820105729	
1244797227911901187	
1244796680471556096	
1244791560300122113	
1244789870238806016	
1244789266883936256	
1244788266366271490	
1244786756253298688	
1244786014150897665	
1244786012380958721	
1244785912954998784	
1244782732737159168	
1244782730728157184	
1244793883697065985	
1244781207499558920	
1244881891720859648	
1244875626198249472	
1244869808702861313	
1244864783628763137	
1244806567821750272	
1244779686267363328	
1244872579195822081	
1245204507379802119	
1245207533092057090	
1245269450326188032	
1245283441421287424	
1245206532406550531	
1245140946544623616	
1245280673944010753	
1245168584789241870	
1245172631193690113	
1245179940422717441	
1245184371553959937	
1245189917820489728	
1245192677852942336	
1245199464333299712	
1245202001933320193	
1245203992671649792	
1245191421604302851	
1245212055956869120	
1245275214021361664	
1245219852425576449	
1245222873662238722	
1245224389760692232	
1245225143527452674	
1245227165366603777	
1245252326648152064	
1245231188379340801	
1245233999150305280	
1245217595600535554	
1245236756552744960	
1245241457532907520	
1245247169130639360	
1245248041386459137	
1245249315037155328	
1245251839135809537	
1245460437375868928	
1245147448303116288	
1245425764440453121	
1245239133544611840	
1245277800342458369	
1245216596139954181	
1245213817329647619	
1245271698879983616	
1245269188639416320	
1245208285835341829	
1245262433784139778	
1245285845185298432	
1245288243760947200	
1245291475124006912	
1245294325707259904	
1245213817338019841	
1245295274261721089	
1245309954971570176	
1245315765462618116	
1245320368220442624	
1245323665706754049	
1245331156733747200	
1245256281109168134	
1245227425203716097	
1245209803393249280	
1245298588483227648	
1245157151842189312	
1245163409097871366	
1245355087368794117	
1245360733291937793	
1245364706853994498	
1245369782163079168	
1245373001773780992	
1245374602601259010	
1245375430527508480	
1245377921147113473	
1245350738814996488	
1245380416598683648	
1245382930123415558	
1245392997514125315	
1245413141481168896	
1245410657614344194	
1245385457833250818	
1245405594493861890	
1245403106109796352	
1245395537244950528	
1245387975745249281	
1245159849563955205	
1245441581517340672	
1245343103684354048	
1245346518414082050	
1245340261644931075	
1245430834460528641	
1245433777540812800	
1245436790082846722	
1245446437573280000	
1245447108422967296	
1245449694563581954	
1245449955294228486	
1245455935935479810	
1245459190107246597	
1245459452213460993	
1245447892212445184	
1245466975100338179	
1245467474394415104	
1245468503630544896	
1245471249431756801	
1245472306132115457	
1245474803089387521	
1245476551392624641	
1245485436937605120	
1245490601174413312	
1245494429437374464	
1245496427280809985	
1245473546542952449	
1245860432902045696	
1245861525933281285	
1245863260936482817	
1245863566155984901	
1245858824499499013	
1245856096675180550	
1245848217184395264	
1245846528582758400	
1245745315367485442	
1245842741516480515	
1245638326347915264	
1245588537199624198	
1245591564786647044	
1245593325572198400	
1245593326176239617	
1245594836914200579	
1245596349749288963	
1245597864543174656	
1245598857863393281	
1245600877815033858	
1245602131672879105	
1245622518490099717	
1245627047931609088	
1245631317921812481	
1245646398730563587	
1245699144330760192	
1245586023070887936	
1245515800812949504	
1245516563190632449	
1245519840837873664	
1245537719524171776	
1245520846732623878	
1245524717617979392	
1245528466461769730	
1245531027465998336	
1245531928976973824	
1245533646041350145	
1245536589456998401	
1245579737944088580	
1245580987964129280	
1245583502763945989	
1245648875525832704	
1245650954596175874	
1245653938700865537	
1245656976186466304	
1245514051704311808	
1245824342765834240	
1245818330008649729	
1245738155711639555	
1245739031205482496	
1245783079635075072	
1245702542534868993	
1245742801331064832	
1245747269208604673	
1245780573093875730	
1245778042611478528	
1245775516629598211	
1245773109535391745	
1245770496479834113	
1245765462874566663	
1245762959223271424	
1245760420826185729	
1245757934409113602	
1245752518329630722	
1245750366404251649	
1245755380845760515	
1245727840324247554	
1245822646857674754	
1245723470664777728	
1245713855008985089	
1245817546424627200	
1245813033080967168	
1245812482586726400	
1245809008625233927	
1245801461163884545	
1245799804225159174	
1245793804378128385	
1245701599944728576	
1245840209343889408	
1245839947912880128	
1245839199862951936	
1245835581252349954	
1245835416059682817	
1245833506254618624	
1245830397394595840	
1245830124773289984	
1245791025538437121	
1245740300745822211	
1245707572566523904	
1245715143620730881	
1245512101617184768	
1245772600288186368	
1245507976389177344	
1245661914786598912	
1245510280534265856	
1245662139592986624	
1245843719712116737	
1245847251618082816	
1245659006607081481	
1245558774737371144	
1245549091553189889	
1245550633807200256	
1245554299616112640	
1245554481682661377	
1245558071289450497	
1245561894963904512	
1245566147954704384	
1245567403821600768	
1245570937434460167	
1245571418294611972	
1245573449898061826	
1245575700804808704	
1245501229884727296	
1245505018612133888	
1245578471931121664	
1245664277970800647	
1245669817186766855	
1245680587140206592	
1245682488728522752	
1245684932330041344	
1245666799020097537	
1245898081134153729	
1245894406189674499	
1245893827145039873	
1245893466195775489	
1245889531477360642	
1245889524099682305	
1245889262425423880	
1245887386552238081	
1245878905963241472	
1245906389379268611	
1245958986144321537	
1245956467846451200	
1245946883312439297	
1245943108467961857	
1245898839833358338	
1245941356503105536	
1245888518666309635	
1245939333619576832	
1245901415450587138	
1245909407906570249	
1245877334520946688	
1245898840051527686	
1245935558611828737	
1245926008009576451	
1245872421221158912	
1245872352484675585	
1245871385936826369	
