1249983641129713665	
1249985522417782785	
1249986761457127425	
1250004997816881154	
1250007492060418049	
1250012050530713600	
1250014283448176641	
1250015957793325056	
1250019419264372738	
1250117414190223363	
1250202190079287301	
1250207220706562054	
1249917814502285312	
1250229627219476480	
1250225700294008832	
1250221406308257795	
1250212341171576832	
1250461415229579266	
1250456360837357571	
1250552007842320384	
1250458884260671499	
1250564572920139777	
1250558268868399104	
1250557023823020033	
1250536899778928640	
1250461405461000208	
1250463922190196737	
1250473978193416193	
1250524326861901826	
1250521786955051016	
1250516745502298117	
1250509229078777864	
1250506715956752393	
1250501656854376449	
1250526823252922368	
1250499177882308609	
1250491605053734914	
1250489099619876865	
1250486571167604738	
1250481549327425539	
1250479027669946375	
1250476514308755456	
1250496640387080192	
1250313941999210496	
1250239948235603969	
1250234911862243328	
1250340865731518471	
1250343114033618944	
1250334311036751876	
1250302872970866689	
1250242982151950337	
1250246237414096896	
1250261332949172226	
1250265094468055040	
1250276676124037120	
1250280462557175813	
1250288018289618944	
1250348154723041284	
1250350670583984130	
1250353183299211265	
1250419880538460161	
1250426866218893314	
1250434994654179330	
1250401011518320645	
1250398488095076352	
1250395984821190658	
1250390765169229824	
1250388432343437312	
1250336842307649540	
1250381714054094848	
1250363239201943554	
1250360504700129283	
1250241465118273536	
1250415833526030336	
1250451344139452416	
1250445457396031495	
1250375462481731585	
1250333059670364160	
1250421238112980999	
1250329282913550337	
1250332377265483777	
1250325758569885696	
1250317971014074369	
1250823804676378627	
1250835126323470336	
1250814091351949314	
1250821281739616262	
1250828816920035328	
1250826323611791361	
1250831365001658371	
1250838936299208704	
1250840527819411457	
1250794348524036099	
1250802715711672320	
1250866572501155842	
1250867674596478978	
1250869074978115584	
1250786944382128128	
1250783116601561088	
1250778939808759808	
1250772882856312832	
1250847793671024641	
1250851010987376643	
1250853988377022464	
1250856507333361665	
1250859017720737793	
1250861592566210566	
1250864051699228672	
1250808710781448198	
1250806181364469761	
1250750727884070912	
1250755853759721478	
1250758358392594433	
1250760883489439746	
1250763426944692224	
1250765920072499201	
1250931999914721282	
1250929512222789633	
1250926977218940928	
1250899295835914247	
1250901805418139648	
1250904328187138048	
1250921504692482048	
1250916909928919043	
1250914379496853511	
1250906878743379969	
1250906851774005248	
1250906817967710208	
1250597328685277185	
1250627763372949507	
1250601316235325441	
1250602321513455617	
1250605111686172672	
1250608620577964032	
1250612392079261698	
1250616170526527488	
1250619943198040066	
1250582217274855425	
1250595142937071616	
1250740207995027456	
1250746681664077824	
1250889227140816907	
1250638820426625024	
1250639321897619457	
1250645115569344513	
1250647869352181760	
1250652156694323205	
1250655442587525121	
1250657704231735299	
1250659459891957760	
1250663219665997825	
1250637069031964673	
1250633293000736770	
1250670775096545280	
1250668766935109632	
1250629502037905411	
1250736266011987968	
1250699467029983232	
1250680384628625408	
1250684124416872448	
1250695956435292160	
1250691675112038407	
1250725401711841280	
1250724637098606592	
1250727658897489921	
1250629504466333696	
1250717325990469632	
1250708336900784129	
1250721867691970560	
1250974820126404613	
1250978565170044938	
1250962458933673986	
1250991634252214273	
1251010519554801664	
1251001207142965250	
1250993669282414592	
1250959709303078913	
1250946416475807744	
1250944593501265920	
1250947112516403201	
1250952148654985217	
1251014307057405952	
1251016297904844801	
1251020582814179328	
1250990153298063361	
1251231234493231106	
1251213088621297666	
1251128311255838720	
1251133439434280961	
1251138349760491527	
1251144792035246081	
1251023868887695361	
1251125778915393536	
1251120751526248453	
1251113461192548352	
1251112376159686657	
1251071917601275905	
1251092992745709569	
1251090516109864960	
1251084261219844096	
1251076956726202368	
1251062009728323585	
1251053790590980096	
1251047759366492166	
1251045241764884480	
1251041184404946944	
1251097384509231104	
1251130811631521795	
1251106620135952385	
1251154581326753793	
1251213861589528579	
1251226450306510850	
1251244050029645824	
1251168564716941312	
1251171074496217095	
1251171111464771586	
1251173594798993408	
1251178690119184386	
1251163541656256512	
1251183671396139019	
1251196236822130688	
1251201284788666370	
1251203786804285444	
1251206308927352833	
1251208901728632832	
1251210101324681216	
1251191222091251713	
1251160454111432711	
1251188711800389632	
1251221408379781125	
1251249092593885184	
1251254135166504960	
1251256652344578049	
1251259162991955974	
1251261670170787841	
1251264202217525248	
1251269243112501252	
1251274252772429826	
1251279291851177986	
1251281815639392257	
1251287297242300417	
1251291759952433153	
1251296891117228033	
1251223975218290690	
1251223907807293440	
1251241535443779584	
1251612490741485568	
1251616547870838789	
1251609723088109572	
1251533740867833857	
1251606948551761921	
1251558624486477825	
1251556191244877825	
1251548568504147971	
1251546049820463111	
1251543539592376321	
1251536991826644992	
1251529933152755712	
1251510904866381825	
1251576258493906947	
1251379950453743617	
1251514843548573696	
1251604171477966849	
1251314520405966848	
1251595366849482755	
1251299504915169281	
1251304472682401792	
1251306981786365953	
1251322077992402944	
1251329649218596864	
1251325849980321792	
1251369893255053312	
1251349745479581698	
1251334644483665920	
1251354783828643841	
1251592851907121155	
1251590344724164608	
1251588948553498626	
1251583463934889985	
1251582087464968194	
1251578762522775552	
1251630464504401922	
1251659290185736194	
1251654269205446656	
1251651740426010624	
1251649488210415616	
1251646725682593793	
1251641681822265344	
1251634148734898178	
1251301951733719043	
1251601464574783490	
1251503282289364994	
1251483138590720000	
1251395051084820480	
1251400086762016770	
1251405136464941058	
1251410146674249728	
1251420237469290499	
1251425257119981570	
1251435324435202048	
1251445390819373056	
1251455460361867264	
1251465534744465410	
1251475588025659392	
1251465539924484096	
1251390010445762560	
1251571219041746949	
1251566181196201985	
1251502222053179392	
1251500757314043905	
1251496242946936837	
1251491682811609090	
1251485662433480704	
1251990223858348032	
1251982667521941506	
1251986449865605121	
1252012867555135489	
1252005321595289602	
1252005316214116359	
1251997779901251585	
1251922292118106113	
1251880094617960449	
1251888354116993030	
1251699416454619136	
1251696427601924096	
1251692062098980864	
1251684486229757953	
1251681092857409536	
1251679427777437701	
1251677700919615489	
1251676913699115008	
1251674563362131969	
1251674411507343361	
1251671875027173382	
1251666849198112768	
1251664659213672449	
1251664340098441216	
1251694524239433730	
1251883267286016001	
1251699579692691457	
1251797726909652992	
1251802740549922821	
1251812845291012102	
1251837963413204994	
1251707136545095680	
1251843041884864512	
1251848038659883008	
1251863141019004929	
1251817836516986881	
1251710072343887873	
1251723679916085249	
1251747382892670976	
1251752431706353665	
1251757437339779072	
1251762463294607361	
1251712150357397504	
1251777574772113409	
1251787646097129473	
1251737338537000960	
1251727233036754948	
1251777576022016002	
1251678856857206784	
1251697053958365189	
1251712585726124036	
1251897097353396224	
1251960039520251907	
1251956269553979392	
1251952465450283009	
1251948688840278016	
1251944923311542280	
1251910945204514816	
1251907181831741441	
1251903441682792448	
1251900402561417219	
1251891829383008263	
1251873264873414659	
1251967580090314757	
1251878094258016256	
1251878231696965634	
1252190823040647169	
1252197988740534272	
1252197861787303937	
1252193637515083776	
1252187907248533504	
1252184297659908098	
1252176962988257281	
1252170170744913920	
1252165885688786944	
1252161488099463168	
1252088361751400448	
1252084644197040141	
1252077040951582721	
1252073262261174273	
1252065723410776066	
1252054406272618497	
1252024240557211651	
1252200887453392896	
1252155311332474881	
1252118813539274752	
1252258424827584516	
1252278381791584259	
1252270844371505154	
1252268300903612418	
1252383745182593025	
1252285929433321472	
1252288449270419457	
1252290957313277953	
1252298555211030529	
1252150017915322369	
1252346390790828033	
1252339493744467969	
1252337451424780288	
1252333782377652224	
1252330995329593345	
1252349413390864384	
1252352780909461506	
1252360095012229126	
1252364512549724160	
1252366205295267840	
1252370067976675329	
1252371586692177921	
1252374536181264385	
1252313569095491586	
1252253216202469379	
1252383387693625344	
1252245660293881857	
1252243161008812035	
1252240625937899521	
1252254164769476609	
1252235629380788225	
1252228882830372864	
1252223233165836288	
1252222167833620480	
1252217734621999104	
1252233077314723841	
1252306055142531073	
1252301346474164224	
1252248183109017600	
1252255715252723712	
1252207703721730048	
1252140717218189312	
1252137699697463296	
1252130144661143557	
1252126110676135937	
1252122595748720642	
1252115043522576386	
1252111015317319680	
1252107490948452353	
1252103479180607488	
1252099950642704386	
1252095923422932992	
1252133672758763522	
1252212950171111426	
1252211620023066625	
1252743051992326145	
1252745643292078082	
1252710229982273539	
1252730756696334337	
1252647567374127111	
1252747695770546176	
1252738884829667328	
1252724642281852930	
1252732338116734977	
1252728089676779522	
1252701848299077638	
1252707653480001539	
1252712650175328256	
1252718511710965761	
1252653344709058561	
1252735673821466630	
1252660892413628423	
1252496060452405253	
1252665926522191872	
1252651084637749248	
1252492526940033024	
1252679524279410688	
1252695050426990594	
1252693536639791104	
1252687916826066950	
1252686080597467136	
1252681685759594500	
1252677857836400649	
1252673747221229569	
1252673473106804737	
1252668436477546502	
1252691113036533760	
1252647125978144772	
1252564437401309185	
1252590490886774785	
1252592952687411200	
1252598230652801025	
1252600505563582470	
1252603027766247436	
1252560778999324673	
1252557952671715329	
1252556546741080069	
1252537812831866885	
1252526271814344704	
1252520359313788928	
1252513890166079488	
1252569018617208832	
1252505872481300480	
1252572537550254080	
1252644281682219008	
1252642933641183232	
1252628170303516672	
1252623161058906118	
1252620646925942789	
1252610570190295041	
1252503305126842368	
1252427517970878468	
1252425697840128003	
1252417731825041412	
1252410736598372356	
1252406313306345475	
1252399815805120513	
1252398793942642688	
1252396436383125505	
1252392977395118083	
1252435378776059908	
1252482721315803136	
1252473416239775745	
1252469578967527425	
1252465618474995712	
1252459364620947459	
1252431213698019337	
1252748626683662336	
1252456882360537089	
1252455268836798464	
1252451127527759874	
1252386930085343233	
1252387659265146882	
1252387167587860494	
1252452500503961600	
1252663413572079616	
1253066102688690177	
1253042538400878592	
1253055786718298112	
1253052687026978817	
1253049379604369413	
1253047903087521792	
1253045103834411008	
1253037229921968128	
1253005446128033795	
1253033206741417997	
1253025800141578241	
1253023185097887745	
1253015743169548291	
1253012667146604544	
1253001379599339527	
1253001901676933121	
1252829249406263297	
1253034608104484870	
1252824769256275970	
1252755862478864384	
1252774418801197057	
1253073593908580359	
1252752070890979328	
1252755384340582400	
1252756601456517127	
1252771123114192897	
1252772609856438272	
1252812136796938243	
1252811113638420481	
1252807873786241025	
1252790252735025153	
1252786732770131968	
1252778641152512001	
1253073863295897600	
1252915082297737216	
1252792003005480960	
1252895604210089984	
1252880084039434249	
1252869269081124867	
1252867523520770048	
1252866237882744843	
1252848473654784003	
1252845864290152448	
1252844871011823616	
1252897947307687938	
1252838310705127424	
1252833277125120000	
1252830760735662082	
1252913800313012224	
1252749709132754945	
1252990189338677249	
1252978442993270784	
1252975479465947136	
1252972960694108160	
1252835794743484416	
1252791264413655041	
1252901624026103808	
1252904488832294917	
1252794766208753669	
1252797263858073600	
1252801940469227521	
1252805841377525761	
1253110580703043586	
1253110478328532992	
1253108322468839432	
1253100590403588103	
1252902479735521280	
1253084397810733060	
1253077619651698688	
1253076512456298497	
1253074895828742144	
1253074005210300422	
1252993077016498178	
1252910343774445568	
1252905246638170115	
1253080829028253702	
1252760288883085314	
1252805842014887936	
1252766792830857217	
1252970452290502656	
1252815406101745664	
1252814142949306368	
1252813908689080323	
1252813156918767616	
1252818479146663937	
1252770817584189440	
1252768854008311814	
1252768336963940352	
1252764293172473858	
1252821179867357184	
1252758778568572928	
1252821693581553665	
1252965400331108353	
1252950299880427521	
1252960452969144321	
1252790498437353473	
1252806849696587776	
1252947775064547328	
1252943465098461184	
1252932686177603586	
1252925138988916736	
1252922739012313088	
1252920438637973504	
1252918624865734658	
1252928567236853760	
1253195429036130310	
1253195655549456384	
1253199953142439937	
1253178156502130693	
1253166974894575616	
1253165465993728002	
1253164707273457665	
1253164375839395841	
1253163650963013632	
1253160306391633922	
1253337868287700998	
1253193401228578817	
1253167977236758530	
1253171893596753920	
1253175463436050433	
1253111399213039616	
1253241468904525826	
1253231146252582912	
1253229891933351936	
1253277462559182848	
1253192885094305793	
1253285916023623681	
1253288797401473024	
1253218854869839876	
1253178220750548993	
1253212282403917827	
1253211274667753472	
1253205490760396802	
1253203720025911297	
1253185591824592901	
1253297612771471362	
1253187090969497602	
1253238196554661888	
1253262408799465479	
1253327000170717186	
1253320235878215681	
1253311678139244546	
1253307717705400320	
1253306704000954369	
1253189371290890240	
1253204739287912450	
1253182335887032321	
1253185112176562176	
1253398268526178306	
1253342901691731969	
1253345403979825155	
1253354398316716035	
1253355468539527171	
1253364285755084800	
1253365542955728896	
1253367796374872067	
1253368154342019073	
1253375617866874881	
1253380885971374081	
1253385667486322690	
1253392256385593344	
1253364847288385536	
1253469073821831169	
1253467042386268160	
1253337990379851776	
1253466956176470024	
1253134897490743297	
1253137677597188098	
1253129910035427330	
1253129594481172480	
1253127314096836608	
1253118904400044036	
1253114421028757506	
1253136534481616896	
1253146385605709826	
1253151456259198976	
1253148934664531970	
1253147430398259201	
1253146444845838337	
1253146181535797248	
1253143866787627008	
1253139795771080708	
1253153411371020290	
1253450089902858240	
1253447397524615170	
1253443588656115720	
1253441297047789571	
1253438765055586306	
1253436248108216320	
1253455508012490753	
1253462041425334273	
1253435981371371521	
1253340368336117762	
1253466848890195968	
1253466268096700416	
1253413351419346946	
1253425694459129856	
1253415860670132226	
1253413397552435208	
1253429622521204746	
1253418386622525441	
1253405813454114816	
1253403287384178688	
1253400767425380352	
1253427296045641730	
1253433329354866689	
1253408330162204672	
1253589757361369088	
1253506063178973185	
1253506502272462849	
1253549508966985730	
1253553022371799040	
1253556550142173185	
1253570467136524288	
1253541717762019328	
1253577266380111878	
1253579446616981504	
1253583223902408704	
1253586038859149312	
1253561512331010048	
1253477121692966912	
1253488927413014529	
1253491204274024448	
1253492362581606400	
1253493881980760067	
1253501309803737089	
1253504014865629184	
1253505420242546688	
1253492306709110787	
1253509362435395584	
1253522819088109569	
1253520110138114049	
1253639946801500160	
1253627008107646976	
1253629631342809088	
1253632764571725825	
1253639857202700289	
1253697712328978440	
1253755744182288385	
1253621223562641409	
1253758024847699968	
1253767131184979969	
1253769694475169794	
1253774496365936641	
1253776997844647936	
1253778495450341378	
1253752777844686849	
1253700277905109000	
1253760743813545985	
1253705058052603905	
1253616512503595008	
1253607378488045569	
1253820543129747457	
1253821303917891584	
1253780215571968000	
1253779782669565952	
1253779489038970885	
1253652394476535808	
1253657452924592131	
1253610037710401537	
1253665018039734273	
1253680136232280064	
1253682620610772992	
1253685145686638593	
1253687654811668488	
1253649913155670019	
1253643324067635200	
1253622988903272448	
1253672561269002241	
1253816252537221122	
1253705650854670337	
1253715368776007681	
1253473771413004289	
1253473819915927559	
1253713828220751872	
1253509784776486912	
1253718005701378049	
1253743029208223749	
1253726775672274948	
1253729379479367682	
1253732974190870531	
1253735482531422210	
1253736219768492032	
1253738013542297600	
1253821997370540034	
1253815275193016320	
1253815503895871490	
1253522831859765254	
1253537926505529344	
1253523325898326018	
1253524619182497793	
1253474778205302790	
1253794557088628736	
1253796123061489665	
1253824021537439747	
1253824051153428481	
1253824051228954628	
1253824562787123201	
1253790879028072448	
1253827243765366784	
1253834374564311040	
1253834384232325120	
1253815503371546625	
1253811482460147712	
1253813507948195843	
1253814749206364160	
1253831350760718338	
1253790343675482114	
1253831853955571712	
1253601588117200898	
1253595059385221120	
1253597312904986624	
1253799402382266369	
1253803676537360391	
1253807927078596614	
1253798146334961673	
1253797389971992577	
1253789127377649666	
1253784389802233859	
1253786302996250624	
1253787625070051328	
1253789594186907651	
1253951377186779136	
1253952161161064450	
1253959669128757248	
1253964739740405761	
1253946343770349569	
1253975547975217152	
1253979833161392129	
1253945851078225920	
1253983448492118019	
1253987386461208576	
1253972066266726400	
1253990315121352704	
1254010044569587713	
1254036453476257793	
1254035404799516674	
1254031923762081797	
1254028414387916800	
1254024898764140545	
1254020833686753280	
1254007760498417664	
1254004779044536321	
1254002506616709122	
1254042235747872774	
1254040372755550208	
1253940826268450816	
1253855315558203392	
1253856156377911298	
1253857649755672577	
1253861134697820161	
1253861361454469122	
1253854499996864513	
1253945840583860224	
1254043055600152576	
1253853024931495936	
1253849732348284933	
1253847965376098309	
1254110785132851200	
1254113461380005888	
1254116232233615360	
1254121274932166656	
1254123064973053952	
1253848221836853249	
1254190998147792898	
1254179663078965250	
1254172101700997121	
1254170088338608131	
1254134369582809091	
1254146433034354690	
1254149201170219008	
1253843569644908547	
1253845195013140487	
1253846147648696325	
1253846950144815104	
1253900059386707969	
1253847208878845952	
1253902065325268994	
1253938314647871488	
1253930750778449920	
1253923221411434496	
1253916676090998784	
1253911893846220800	
1253842603813920769	
1253908107115335680	
1253867837342572545	
1253869356347514881	
1253872354062671876	
1253878677034741762	
1253876915359887362	
1253876667312979970	
1253874891667001346	
1253874393027162114	
1253867770741219331	
1253864892668481537	
1253862231021846537	
1254107940371550214	
1253847460092481536	
1253881493937704963	
1253875657110695936	
1253889601439178753	
1254161534621749249	
1253885223315611648	
1254168362365706243	
1254151721112276998	
1254103893128216584	
1254046601598959617	
1254048040111026177	
1254106173952995330	
1254095596752863232	
1254053845073825792	
1254070430618587136	
1254057025555902468	
1253892509710901249	
1254058599917199361	
1254066666721480705	
1254078242262319111	
1254092822535376898	
1254058157296553985	
1253896785199878145	
1254410172161765383	
1254270490337828865	
1254274276141776896	
1254293135691259904	
1254327113630519303	
1254330904765497345	
1254342216929161222	
1254349790273560577	
1254259183513468931	
1254251383500521474	
1254395075301425152	
1254417718712942592	
1254425264899096577	
1254427655337893899	
1254466543989260289	
1254447669587529728	
1254451439482679301	
1254462779202945024	
1254432566314184704	
1254387530285359105	
1254383745802657792	
1254549595285336068	
1254202313515970560	
1254206094014103554	
1254209846746001410	
1254217657336856578	
1254224969560657921	
1254198537132421125	
1254364864446967808	
1254465185672237058	
1254481640451162115	
1254372424453369857	
1254500528081506304	
1254508068244729856	
1254474102217289728	
1254526950401548288	
1254530737501601792	
1254534495597985795	
1254537756581212163	
1254542044191772674	
1254545846911238145	
1254496747465969665	
1254908448795484165	
1254914243360624642	
1254919148183990273	
