1415691396518907907	
1415517444303634435	
1415793743714717702	
1416042475689586691	
1416159730351890441	
1416176835709243395	
1416081977300631552	
1416140856915005440	
1416138611993501697	
1416110657901113355	
1416078428076392449	
1415891800808644612	
1416006467774259202	
1416012266382712834	
1416184232511168512	
1415832562811932675	
1415846420511404032	
1416067346091986944	
1416450637202604033	
1416488401625288709	
1416479322127446016	
1416227666567499778	
1416208349339738121	
1416367171219951619	
1416378171105107974	
1416386039661441037	
1416388466561196034	
1416283532410884099	
1416402326819151879	
1416438554620739585	
1416310101628133377	
1416410777561542666	
1416895645768634370	
1416809059756482561	
1416849040449359872	
1416744716893310977	
1416736268982030343	
1416877749336223748	
1417133404345221120	
1417140966343991305	
1417156044363550725	
1417126349127528449	
1417106638989889537	
1417217703450980353	
1417222716525060099	
1417060168119033856	
1417076762291458050	
1417084876197597184	
1417190015487156228	
1417194184809779207	
1417201338065297412	
1417489996362158094	
1417514669598773253	
1417503336526450700	
1417494520309104651	
1417408968582914052	
1417403793914880025	
1417517673802616836	
1417317833613226006	
1417292181765861377	
1417284414548189185	
1417480175231582218	
1417464334159130632	
1417442945452711938	
1417434374660935715	
1417462811337310212	
1417902945744691204	
1417688305811050510	
1417801561070256131	
1417992807613141009	
1417909205709774849	
1417892186864107530	
1417836789935575048	
1417846952633544715	
1417842062070779908	
1417858172392550407	
1417867986904494087	
1417871511902429187	
1418100944781316099	
1418153867880157187	
1418214265731751940	
1418216811598802952	
1418255789937025028	
1418200422712479745	
1418140285016608769	
1418158910435909633	
1418174998771077120	
1418285692686409732	
1418287486695059458	
1418304869568503818	
1418352695673593856	
1418643272038293505	
1418597295239598083	
1418365370478612481	
1418601858818449411	
1418390473362792453	
1418458377106202624	
1418469954962214915	
1418654699864174595	
1418586748985266181	
1418712564356337676	
1418488324109520896	
1418504936707461124	
1418515741477937154	
1418526330694553605	
1418549001083932678	
1418567850051215365	
1418525853055688708	
1418988244860035081	
1418950405099302918	
1418903818218135556	
1418868329243156489	
1419341753610555407	
1419371913160413194	
1419334104710012930	
1419651242641477635	
1419658835069972483	
1419616998187802625	
1419643694425284609	
1419795188160114693	
1419789640131883011	
1419784625258381314	
1419752045708464130	
1419729248940707844	
1419593597259853824	
1419711646700814338	
1419704105946189826	
1419685212682919939	
1419804743531118594	
1419719181533171712	
1420071521133936645	
1420101715647516680	
1420081604618334208	
1420068981013159942	
1419955742870843393	
1419950956591071268	
1420134425636089861	
1419938132565311516	
1419980665903276035	
1420513559377760266	
1420522072766357505	
1420524971437273093	
1420394909853487105	
1420398703718944776	
1420270341021126657	
1420303275673456640	
1420376007928844291	
1420372247466942465	
1420363939716681730	
1420425098088132616	
1420447768276086788	
1420485586880667650	
1420487882733674496	
1420485397180784640	
1420209944263946243	
1420857987929870337	
1420756075070951433	
1420763563480731651	
1420776220162199567	
1420719771050463234	
1420662650309169157	
1420708209355116547	
1420753506265231367	
1420781184175456266	
1420747721044992003	
1420736365650644997	
1420867029431734274	
1420742217648517121	
1420852309693771784	
1420896789973147657	
1420836803389661186	
1420833010459586568	
1420801307867295749	
1420874548866658307	
1420606529439424515	
1420578789596205064	
1420574312143237121	
1420583871159185409	
1420551145194463234	
1420568789805113347	
1420982720386187267	
1420965130012082178	
1421161182413656065	
1421138562196586497	
1421123472605032458	
1421116158024069126	
1420975860266438656	
1421243773602914307	
1421224457306247171	
1421191546548985856	
1421181253362012162	
1421176541506068488	
1421045675861725185	
1420997845725978627	
1420942493345099778	
1420934462557327364	
1421068067883335682	
1420917891118112770	
1420925937097527297	
1421257964741070850	
1421253156646838276	
1421579688644915201	
1421607067778002950	
1421584465877479425	
1421564585287507973	
1421410352261177349	
1421295657407635458	
1421446509451751430	
1421539163132805123	
1421508737681043458	
1421504712910725130	
1421290299406569476	
1421455868370079749	
1421492303366131713	
1421459648423604234	
1421496888403058691	
1421727427533942789	
1421818259993735168	
1421969262810386435	
1422282581148569602	
1422286718762373126	
1422327992450228224	
1422221928673300481	
1422266978190901255	
1422252150948864000	
1422694795307278341	
1422690115088957451	
1422550371139035140	
1422576760428847110	
1422676792230416390	
1422557892562010124	
1422569236292120583	
1422648752360366080	
1422390822507622405	
1422376578265325573	
1422370423065481217	
1422358836262969344	
1422355090367827969	
1422409486673879040	
1422412871187714055	
1422606978145263617	
1422520205545201665	
1422821764069986304	
1422792768322158595	
1422906926703292418	
1423017666604896265	
1423004070701305861	
1423009387069771780	
1423013408555692041	
1423016565625311242	
1422996016433872907	
1422992011150438405	
1422935375505502211	
1422946705562030082	
1422954267011387397	
1422980709879357460	
1422886700058095620	
1422901432328523777	
1422910711051718665	
1422724436432719875	
1423068443679526914	
1423034107769016323	
1423052830781452291	
1423028548281974786	
1423018926368305157	
1423261769569558536	
1423254482826190848	
1423273119205240840	
1423276869995032578	
1423279313340665864	
1423280644575043596	
1423123603697045514	
1423122845492826113	
1423118415397543940	
1423128637952434177	
1423152764943839233	
1423156092226375681	
1423145759181004800	
1423271349942956034	
1423301518149758978	
1423367719156699138	
1423425118445920260	
1423412123804356609	
1423381208847761410	
1423385721222705153	
1423142353502707713	
1423082090631925761	
1423429694817546251	
1423079076089245711	
1423111671086727169	
1423471549135441929	
1423730577396621314	
1423441435622264832	
1423665667643899904	
1423669442345463809	
1423735133014740995	
1423679017916506112	
1423612987961643014	
1423609303878012928	
1423597907790475270	
1423604048972951558	
1423633720024702977	
1423506380753879040	
1423697900509466625	
1423795406807371779	
1423787742773710856	
1423777417257226244	
1423759111825592324	
1423769870831955969	
1424135522818068480	
1424109108874055681	
1424105843767787527	
1424101297934962692	
1424086459225608192	
1424078903488942083	
1423992365493198855	
1423815342070054913	
1423954614878101505	
1424013081189896196	
1423931976130703360	
1424415195712139265	
1424331535356923906	
1424513550299566089	
1424294571421413383	
1424868019277385734	
1424856791695900675	
1424877672421810181	
1424837101758132226	
1424879687759802375	
1424694963971952648	
1424676861980839936	
1424649414916911111	
1424652939713470465	
1424804191831220227	
1424766201771794440	
1424749085647585284	
1424786865887006725	
1425039478482214927	
1424954913088581634	
1425109725411151875	
1425053317294706689	
1425055838503378953	
1425019119561285632	
1425078006834413572	
1425081727630733316	
1425083297617559554	
1425166574638469127	
1425107669497561095	
1425111444266176512	
1425223193934012420	
1425598177621725185	
1425590431224672256	
1425585722887741442	
1425600686914420745	
1425477628128071681	
1425521171366391814	
1425425018775904261	
1425460781093724169	
1425457014147330055	
1425449520519917568	
1425276060673978371	
1425283606222712832	
1425298693020962818	
1425312728474865665	
1425487459933171718	
1425489043580755982	
1425494819498078212	
1425567942859792392	
1425539581483552775	
1425535664062353412	
1425506851081310219	
1425838270554931206	
1425792955235848192	
1425846078507728899	
1425796747830435847	
1425800492047810560	
1425811836910379010	
1425823301977350153	
1425836231473000456	
1425851326249029635	
1425779620595572741	
1425668638883856385	
1425655517393870849	
1425689444913405953	
1425693590882291712	
1425706408092311558	
1425642311254429697	
1425944196494602241	
1425949125103788036	
1425953586048126983	
1425966964447588357	
1425910239916920839	
1425758995818717186	
1425736571475607559	
1425697905244090369	
1425636175314923525	
1425631896655081475	
1425625994262720514	
1425620284888031237	
1425612165998915587	
1426019155367583745	
1426257316572237828	
1425976114263085057	
1426016427245514761	
1426117842307518465	
1426098971215339521	
1426133950402023426	
1426162893612007425	
1426160858984419331	
1426043715697709057	
1426168408937164802	
1426028918507724802	
1426038569081221121	
1426181770370850816	
1426299023758069760	
1426282813582684165	
1426291483569709057	
1426306588038647810	
1426251722037547011	
1426027497569849344	
1426272634438832128	
1426375793131888642	
1426373284292136966	
1426372262505103363	
1426370752597606403	
1426368723380801538	
1426363206478536705	
1426344325575753733	
1426989623272673283	
1426970708123570182	
1426969587388719108	
1426785803313766403	
1426740486132408321	
1427412882178908165	
1427319767598260234	
1427310479656071171	
1427359557689425932	
1427095277027082244	
1427125491916546048	
1427259347193716743	
1427238759012179971	
1427234955223080960	
1427208565895442437	
1427473029915873284	
1427456730263347204	
1427449978822221824	
1427431521544179714	
1427549591805833235	
1427476317587615744	
1427739760370589698	
1427730598030987277	
1427684176480903176	
1427722168960491530	
1427674617280348162	
1427665304382054405	
1427657769847562244	
1428128614181113868	
1427950167488090120	
1427952171635646464	
1427963772560359433	
1427969023501914112	
1427974844084260864	
1427918223094263812	
1428062637322035207	
1428073018870444034	
1428006798708158466	
1427999231781052418	
1427827862585872386	
1427812775892504583	
1427801385270132736	
1427799149383127046	
1427794622630273028	
1427816540364279808	
1427790130652319748	
1428023923845783558	
1428428065915510786	
1428220458621677568	
1428226703449546759	
1428243106571374593	
1428147610116820999	
1428158893033730053	
1428258186373615616	
1428405184074592260	
1428397637435330562	
1428307013575008262	
1428346524459745285	
1428356110394683401	
1428469585313947658	
1428454497316114439	
1428444583109791750	
1428431613046689796	
1428367417126780928	
1428161182817472517	
1428496018547613700	
1428165320267735047	
1428499803739144193	
1428417752776183822	
1428658335595782148	
1428537549811761155	
1428627890703306756	
1428641462581932036	
1428688302538993667	
1428805561424941067	
1428757994938974219	
1428748704228446215	
1428752463918682118	
1428547780319006722	
1428513825142284292	
1428820650504986634	
1428524948298113032	
1428854089581010949	
1429076616186109958	
1429151839337975809	
1429005408564301829	
1428908316500103178	
1429141764162605056	
1429183037196152842	
1429076431015927813	
1429089169167486982	
1429096219196940297	
1428926860944150528	
1429115347660050446	
1429396912554143750	
1429367818856902660	
1429802375674486789	
1429700204043935747	
1429953239848476672	
1429876733419851780	
1429938001099083779	
1429946993913303043	
1429866064251396096	
1429794317216923655	
1429756585677631493	
1429822509139087360	
1429869815519395841	
1429944240977678341	
1430024835376291843	
1430019756963344387	
1429984564680617986	
1429959455953899523	
1429975927539347458	
1430243556153831425	
1430220896032235527	
1430199236398878730	
1430062598704312321	
1430171831793762306	
1430173555333947395	
1430141613276385336	
1430130298591793158	
1430072658171940889	
1430122991455817748	
1430128272583581698	
1430147125481033752	
1430282725081030657	
1430317001990414338	
1430285306197118979	
1430570175787569157	
1430549311222394883	
1430551061979451401	
1430553099140308996	
1430547407100649474	
1430575759203131395	
1430544037363261445	
1430402325441617921	
1430417412588019721	
1430645946870898690	
1430651484417441802	
1430675140556230657	
1430343826355412993	
1430319292315279363	
1430409883912921091	
1430519092541280259	
1430496470701125638	
1430487048478199810	
1430485386145447937	
1430483098072981506	
1430479334427578369	
1430462722869760000	
1430447635786309634	
1430508020749017092	
1430990190382882822	
1430986428159250435	
1430942108471410692	
1430734245417394177	
1430763475559755780	
1430794441497972739	
1430805666252349440	
1430683991271694336	
1430685379540180993	
1430704453825429511	
1430707041027469321	
1430711866947510272	
1430847759964385285	
1430943726235435019	
1430924764424675330	
1430915503275581444	
1430874180950581253	
1430870422996783112	
1431059283450503172	
1431230538426339337	
1431195049543573505	
1431112006564786176	
1431104457920720897	
1431072525669179392	
1431395110097498112	
1431386896081604609	
1431281648092524544	
1431310311278141444	
1431342005976772619	
1431355449668952065	
1431317368765091849	
1431404079343878146	
1431372717379489792	
1431663158981169152	
1431429555131228163	
1431610278198796289	
1431587420911378438	
1431557436888977420	
1431497293228871682	
1431640492433887233	
1431859169083207682	
1431768625912946690	
1431798826420015105	
1432130996858675207	
1432222064912609282	
1432161199400103936	
1432403520548966400	
1432396962561732615	
1432460959814193153	
1432372625708359683	
1432264095647117312	
1432261830353854468	
1432309042270060546	
1432644398874046464	
1432664763432116224	
1432744284026023941	
1432700976281100292	
1432614152640638978	
1432508463238766599	
1432493385567330306	
1432931264399613954	
1433029129537040384	
1432946358965657602	
1433021856542601219	
1432855750251065346	
1433182900502081536	
1433120003889500160	
1433412422921031681	
1433433299721113600	
1433446855187206144	
1433465371722452992	
1433550336279597058	
1433528588989571076	
1433484143971688451	
1433233239959871488	
1433248356315406337	
1433278568914587653	
1433293633545977856	
1433361075769159680	
1433935357561774080	
1433877481958920196	
1433829662317326341	
1433859879593287696	
1433812615176785923	
1433610761742471170	
1433799492025847819	
1433768018161590332	
1433742839796666374	
1433948204396130306	
1433973157061332992	
1434116563968446469	
1434003329219190789	
1434180468170186759	
1434299978810372101	
1434290957718102017	
1434162356666384384	
1434279891726385152	
1434365698927702016	
1434501630196654085	
1434507272307232769	
1434641008516550659	
1434662103126773761	
1434875293206994946	
1434890394056237061	
1434728118691012609	
1434831583320494083	
1434859194931363842	
1434949553296396294	
1435082666756476931	
1435067825073397762	
1435105572404203524	
1435197914293358594	
1435224339167723520	
1435626524275793926	
1435577426369818625	
1435586747463786497	
1435603868461801477	
1435713569178464260	
1435717350704177156	
1435556938713124867	
1435569888907628545	
1435956689203781634	
1435949132238176256	
1435937801103675402	
1435936045166641156	
1435921199444414464	
1435979324449034240	
1436011550461071368	
1436108381069119492	
1436104573878476806	
1436089201993388034	
1436085397675823110	
1436082435469545475	
1436081080973631489	
1436078494430208002	
1436003982401486852	
1436045761742000129	
1436049545281036288	
1435898541134778369	
1436015364618342402	
1436038211587952644	
1436034438157283330	
1436031493428686853	
1435778036968968193	
1435838133329879047	
1435755119593787396	
1436200538417270784	
1436281965813149702	
1436253395011219464	
1436223193937850369	
1436185429477363714	
1436407154240598019	
1436458690941526025	
1436476866379005958	
1436472579821346830	
1436434590411988995	
1436404638140469266	
1436133676547551236	
1436403368193372161	
1436162774468644864	
1436142173284622337	
1436355095344582656	
1436345468171132928	
1436337918314831875	
1436334143369924617	
1436393305512808450	
1436396677133373481	
1436374432449273859	
1436313528567279632	
1436525170009726981	
1436479673454759945	
1436501540798402560	
1436585346662338563	
1436528964126875652	
1436521153439358981	
1436515423688839168	
1436517632920928257	
1436507559268167753	
1436887332746141698	
1436902666454581252	
1436977908778741762	
1437083684948135936	
1437008132027338754	
1437400765459488779	
1437389604588490754	
1437328974464552961	
1437359163907129348	
1437412036791705606	
1437464892177625098	
1437461133624057862	
1437374284125646850	
1437557165594750981	
1437537164322091011	
1437561925660037121	
1437545895701139458	
1437542869225594881	
1437495110653124612	
1437506459516932098	
1437443475277033474	
1437605246998663170	
1437588933555150848	
1437602123655569415	
1437571550245490695	
1437619872293343235	
1437712502167674881	
1437702708803379204	
1437642551918465027	
1437585916248436737	
1437898221540552705	
1437906006886043648	
1437902751623786499	
1437922801579667457	
1437891457222914054	
1437802604042592261	
1437798818972635144	
1437793487232061443	
1437863482897096704	
1437815956890427404	
1437732884400463873	
1438223633634275328	
1438125505052659715	
1438291364526149633	
1438265820745019394	
1438261633382559749	
1438260787613782016	
1438240303236980737	
1437984798119694337	
1437982275434651648	
1438074876271734787	
1438060288729927683	
1438020018919333889	
1438584785761411079	
1438623847117381632	
1438402848216207364	
1438428972161945602	
1438563389756817411	
1438555556130836485	
1438360765057077248	
1438544474695667720	
1438540715840229379	
1438533204726714369	
1438529387075362823	
1438525698487033864	
1438370681616539652	
1438605117536804864	
1438608896009048070	
1438364688237142017	
1438336002410565639	
1438552051718496257	
1438985781062819849	
1438895630076764163	
1438965496607563777	
1438804987648397314	
1438944630872100870	
1438912028068958208	
1438699268336926722	
1438692558385913856	
1438686578172436482	
1438703033580466177	
1438789874048544769	
1438774792732151811	
1438752353713369088	
1438744803504791558	
1438710814131765252	
1438965653046800387	
1438903098295078913	
1439223859287412737	
1439250640459517957	
1439336948657704961	
1439152492043030530	
1439314060424716288	
1439311028379062274	
1439212734034366464	
1439065658579431424	
1439043780750057475	
1439688268996616197	
1439627888404353030	
1439439156426444801	
1439722239520382976	
1440066021377773582	
1440069784167542798	
1440049425536016389	
1439922317237366795	
1439843619108704256	
1440020469462220801	
1440024295963516933	
1440092426903851009	
1439910877797437440	
1440413295798722572	
1440390839184728075	
1440112315127537668	
1440209195517689862	
1440249200919277568	
1440317441100242944	
1440317455130234882	
1440122632096174083	
1440269645127188483	
1440280420768096269	
1440473465513918467	
1440485987449143304	
1440511446564040705	
1440601819315523593	
1440508737324683264	
1440518998873960454	
1440825023254577161	
1440743994338603017	
1440726539784450049	
1440806289609613312	
1440796726965587981	
1440752816662794250	
1440916598639022080	
1440930454312456194	
1440869901082767361	
1441097547880091649	
1441024640978235394	
1440833570793082886	
1440854715898683393	
1441135244946526215	
1441248981393178633	
1441436035435663360	
1441419933439696896	
1441458691669176322	
1441524026506022917	
1441235343064272898	
1441347205168877568	
1441281307787477005	
1441205841885990915	
1441603823676628993	
1441591738599100417	
1441577903821447172	
1441571614794027008	
1441568402653462528	
1441558327591424008	
1441769716188467212	
1441734271497117697	
1441779717254811648	
1441740035859046400	
1441553095205425152	
1441866112862281731	
1441892809573691393	
1441880588491841537	
1441900352161390593	
1442179732863258631	
1442216699755778053	
1442270284468211722	
1442423808296513544	
1442511875929956352	
1442278078210666500	
1442452229622018052	
1442578807186071556	
1442619264230432771	
1442585932423745541	
1442989989646651397	
1442889096662245378	
1442861932030144512	
1442731075046940676	
1442842790862409735	
1442896974328446976	
1442646632630206466	
1442806343530909696	
1442836537364856835	
1442826695128588293	
1443188819172409348	
1443176747219013635	
1443232225781338112	
1443229178669805582	
1443133476480471041	
1443244263198937093	
1443108342495318020	
1443320078896975879	
1443274394051227655	
1443302612640612352	
1443045373824704512	
1443055698607214600	
1443364531288350727	
1443048284361220098	
1443323993172451331	
1443093454930817025	
1443466917096919041	
1443482005048643587	
1443489579013709826	
1443648116167778308	
1443724504023240706	
1443710649859776514	
1443704396412555266	
1443689890412212228	
1443572611665915904	
1443580189229731852	
1443732101543645186	
1443999192775634946	
1444056192804868096	
1444048489793695748	
1444046979575726095	
1444040944282636291	
1444036951053639682	
1443908616218681357	
1443935257942765570	
1443938149458194435	
1443928969259126795	
1443888427821379586	
1444082470303973381	
1443892990003621891	
1444318562185846799	
1444334887776002052	
1444195713089429514	
1444259641526034436	
1444139607667392512	
1444135320707031044	
1444090020739096579	
1444402074192650243	
1444365580639817731	
1444346961696546817	
1444115214119706634	
1444387731677851656	
1444550549366611977	
1445051349297684483	
1445097705970229248	
1444950479214190592	
1445033734642802690	
1445384794100097031	
