1333873527439691782	
1333855946230128653	
1333830732209414147	
1333911488197758976	
1333785451774111748	
1333803068933062657	
1333863480684916744	
1333886338957864960	
1333563762054348801	
1333564026647928834	
1333923519508443142	
1333906190041047042	
1333894926074060801	
1333828228339916800	
1334244759477555200	
1334242242479927300	
1333939785065521152	
1333940283596222467	
1333942640539209728	
1333943734065647617	
1333947755694317570	
1334007145013121024	
1333984331677769730	
1333980733677965312	
1334217041478344704	
1334212977541722114	
1334205736922988544	
1334200687761256449	
1334193131240251392	
1334191879487942659	
1334189878544916484	
1334183080999981058	
1334175519458414593	
1334250663321202696	
1334227700135825408	
1334230838125465601	
1334270148698640384	
1334170591029567496	
1334131483913674752	
1333968127646789633	
1334040873059880961	
1334041805223063552	
1334052217192673282	
1334070813549584385	
1334022267655909376	
1334059631744847872	
1334103084633649154	
1334105698326769669	
1334116381294546945	
1334127759371677696	
1334082139445489664	
1334422399987691521	
1334414846826340356	
1334603347828027393	
1334384650102464518	
1334369540940193792	
1334358221243510784	
1334351196560220161	
1334306448667529222	
1334386982407925766	
1334314311284613122	
1334452339168718850	
1334316170430832640	
1334320650694103040	
1334429942927470594	
1334598318270402565	
1334537919948857346	
1334545443997569025	
1334555524197740545	
1334562531650760704	
1334575649659506689	
1334441510763458561	
1334445057265577986	
1334448544032444419	
1334460377694920704	
1334315790129127424	
1334468207340621824	
1334622825609572353	
1334625786037489673	
1334471192506351616	
1334494592482283520	
1334488068951322625	
1334519507159805952	
1334527869821874183	
1334528265382453252	
1334510895641354242	
1334814986020003840	
1334654328905342976	
1334685866497888258	
1334678335121620992	
1334676558150250496	
1334664000483840000	
1334658484718202880	
1334705509073612801	
1334826989279191040	
1334874196996993024	
1334833600307531779	
1334837404964941826	
1334849780850241540	
1334852475405406211	
1334860064281268225	
1334877142283390976	
1334882862181584898	
1334788052036759557	
1334747023837421569	
1334750784718835713	
1334760311832932352	
1334762131158347776	
1334831587079446528	
1334764626102239233	
1334771434070151168	
1334955897387409408	
1334960927825911808	
1334965989692346369	
1334943073399427072	
1334982490079911936	
1334991487306784771	
1334992126850064384	
1334996299096141825	
1334945598219366401	
1334894001074417664	
1334913349709131785	
1334915369241178114	
1334963447503736837	
1335003458072506368	
1334940555902640131	
1334878461673017344	
1335318701327978505	
1335041684237848576	
1335033702716465152	
1335033648878325760	
1335027625249697794	
1335026426765078530	
1335019198360080386	
1335014947764531200	
1335313057954848774	
1335058528185139200	
1335064871323328512	
1335071674392342528	
1335079212286406657	
1335052699809640453	
1335052610961690624	
1335044379451543552	
1335303157274931200	
1335055240396111873	
1335235579303387136	
1335214358800920577	
1335207564653584387	
1335230205997297667	
1335124516649971713	
1335116983935885316	
1335084483599536128	
1335346721296162817	
1335339442027028481	
1335328129536176134	
1335169816320159745	
1335486891693658114	
1335377191773876224	
1335688189084831744	
1335648976884932609	
1335539752125263875	
1335619017218940928	
1335532201568591872	
1335403853009850369	
1335418962507689985	
1335728350590083073	
1335392278844764161	
1335818597206253570	
1335905667379556352	
1335856633650565120	
1335885904813191175	
1335898372683812865	
1335935879496540160	
1335947208051535873	
1335735832146272256	
1335739579207458819	
1335747122050822144	
1335849042866278402	
1336047852204793864	
1335750914355974145	
1335766247288561666	
1335781347202379777	
1335781128863698948	
1335796444389847041	
1336042595697438726	
1336065468210311169	
1335965206615379975	
1335966294407933952	
1335968056036757508	
1335972384684314626	
1335982423897673731	
1336055401276710914	
1336010104739667968	
1336002532875722752	
1336313362431569920	
1336393160679886848	
1336298263612420096	
1336290943721418753	
1336279404255858689	
1336268051197665280	
1336252960276361218	
1336249183360208896	
1336098234012459009	
1336404414945517573	
1336332480593371136	
1336366195998658565	
1336352635935469574	
1336351601884360708	
1336348094183714816	
1336309608009392130	
1336245402694266882	
1336239473127002114	
1336140953640427526	
1336449462772899840	
1336438595444498434	
1336100941213421570	
1336452771210551301	
1336151530756579329	
1336434370920452098	
1336233841963507712	
1336118553129459712	
1336110763057016833	
1336108512468938762	
1336103223350992903	
1336226525436383234	
1336222994855841793	
1336214952420515843	
1336212467127635968	
1336207652230193152	
1336196592962052096	
1336192074165653504	
1336130883556958209	
1336791376281948161	
1336710968898891776	
1336709721236103170	
1336707778388381699	
1336705464306970633	
1336760056117940225	
1336682010241355778	
1336674483189452800	
1336671972441395200	
1336794190206935042	
1336719782851317761	
1336721043873001473	
1336757527829164033	
1336654628893696001	
1336566510886801409	
1336552406457303042	
1336551436746977281	
1336519383582175234	
1336466001144197124	
1336508086832467970	
1336487967825809408	
1336494998343331846	
1336505519620624384	
1336502947140792320	
1336650570850037760	
1336641619278356480	
1336619378230616065	
1336592700649467904	
1336722299865673729	
1336747511575433218	
1336737394859663360	
1336724816733360128	
1336723566902063107	
1336662486121123842	
1336749975867416577	
1337124969201987584	
1337168958512836608	
1337122435519406080	
1337119911550869505	
1336944019457380352	
1337118665125322754	
1337097578043879425	
1337089740051533827	
1337113629758550028	
1337114878788694025	
1336947761220968448	
1337140299726983168	
1337079707171500035	
1337135267099144212	
1337007941417885696	
1336978225667448834	
1337000378278305793	
1336992843567673344	
1336981753605525506	
1336973969354878978	
1336966147569233920	
1336955584642510849	
1336952311374110722	
1336951559494754305	
1337048197995393030	
1337046753565155329	
1337127459188338735	
1336827451935174660	
1337041889728602112	
1336850232466935808	
1336871069450444801	
1336917562332995585	
1336913800667258881	
1336910012422230016	
1336907495806103554	
1336902601594580993	
1336902462641467395	
1336899442922848256	
1336891170618748928	
1336939473259606021	
1336941495841120263	
1336940983427149824	
1336940211536711681	
1336932942925410306	
1336932661839896577	
1336928930331234304	
1336868511541567489	
1336867530653229056	
1336840571969802242	
1336856361041268737	
1336849639581118464	
1337036871172558852	
1337043717623046145	
1337317471821451265	
1337310176156782594	
1337234340762144769	
1337232661052612610	
1337389205740281860	
1337359245382197248	
1337402710568673287	
1337406295733919753	
1337351448909189120	
1337225627473162242	
1337220073740791808	
1337392983084298240	
1337321275660890113	
1337261106184806400	
1337235194084921344	
1337235828506939396	
1337236191117148160	
1337239433410732034	
1337241949959548934	
1337246983061262336	
1337249751146901504	
1337252015974445056	
1337254532745547779	
1337414132203663362	
1337217053435043846	
1337268648948457473	
1337415868301668355	
1337520342185758721	
1337536801771294722	
1337535580163358722	
1337516883399028737	
1337495051216281603	
1337205307840270337	
1337419421321670662	
1337431966724087815	
1337457165385273347	
1337454613176446977	
1337429453308383233	
1337421902428721157	
1337185965832593409	
1337482317628141569	
1337479792740982786	
1337473494494404608	
1337788585840402432	
1337755101499428864	
1337864123674206210	
1337781784092798980	
1337785298382622720	
1337774293401407488	
1337585733150912512	
1337568112665899008	
1337577985575161856	
1337589619337125891	
1337883697404649473	
1337602963662102533	
1337554997353975808	
1337777244912185344	
1337789323266154496	
1337653470703345664	
1337638364594442242	
1337634788203642883	
1337615749070909440	
1337855025914187776	
1337795527019261955	
1337848780012613638	
1337706536899121153	
1337766933886881793	
1337768354610819072	
1337751844647542789	
1337825760694898688	
1337827075802226690	
1337819519490908163	
1337906342389043203	
1337659608521912320	
1337815743006650372	
1337800211889090570	
1338214636269821958	
1338267984507367425	
1338261202410106880	
1337985629947355138	
1337947124374364162	
1337970530218090496	
1337955436142751748	
1337940350900559873	
1337921706577498112	
1337910165232898050	
1338061123174756354	
1338076241182793731	
1338151734422745088	
1338209005903241223	
1338199359125598211	
1338548079809744898	
1338543054769319936	
1338607488166469632	
1338618220450738177	
1338597772254040064	
1338298684820353024	
1338427015880462339	
1338416007614959618	
1338310263716581379	
1338301769433174017	
1338595406649888770	
1338440616745775108	
1338502529785753600	
1338508042564857856	
1338506811754745856	
1338500257584386051	
1338480129849298946	
1338472592190083074	
1338453717176168449	
1338272541069238273	
1338446185963663362	
1338579277256810498	
1338565690035494921	
1338568227471978500	
1338560660628762624	
1338555650792632322	
1338633304698990599	
1338637895695880194	
1338901672672833541	
1338906704101191680	
1338993520431034372	
1338986217136861186	
1338982225044500480	
1338978424120094721	
1338974645073154048	
1338967132709728256	
1338959562968272896	
1338944479764602883	
1338940909736652801	
1338672051968622594	
1338668239568707584	
1338649362256322561	
1338796975840432128	
1338778557808582662	
1338767016698802177	
1338714150554333185	
1338709117238734849	
1338706007363563520	
1338702037098356736	
1338812059987943425	
1338816125593935876	
1338671149497024514	
1338842527991033861	
1338838757957660677	
1338857632786870285	
1338861510030811137	
1338883583885316099	
1338892828118831105	
1338863920811921408	
1338853872773816321	
1338997294872584192	
1339057708893409282	
1339196839678140416	
1339193642246877189	
1339182515538563072	
1339061211183321089	
1339208700641366018	
1339152309742432258	
1339106773156892675	
1339080341752074241	
1339046372830482433	
1339027547913326593	
1339291425461170178	
1339229017946386433	
1339110783934926848	
1339254977810882560	
1339114563942424576	
1339133184152383489	
1339140744586649600	
1339326699264217092	
1339329245529722880	
1339212464886603776	
1339329735516708865	
1339314403993411586	
1339335714694193160	
1339348560131833856	
1339352914456940549	
1339401428981456898	
1339623857657962497	
1339623229497991168	
1339622790203322371	
1339613836257734656	
1339605272373809154	
1339604042029420547	
1339602769284636672	
1339712336676982786	
1339650363390111745	
1339706999064449027	
1339696545776750597	
1339689594586079232	
1339684582556397569	
1339674502381367296	
1339664175895875584	
1339465394898219008	
1339395375354920960	
1339395156672430082	
1339611342727229442	
1339386980044562433	
1339597752641101827	
1339495577239826432	
1339508501459181568	
1339521741878603776	
1339540894983352322	
1339596562859610115	
1339542616090800129	
1339555987599048706	
1339559758655868929	
1339573586135281665	
1339589252590391301	
1339598999251140621	
1339466635770523650	
1339533336163872773	
1339600264639041538	
1339373667604639748	
1339368462087409665	
1339469149832163328	
1339717733978615810	
1339417963892535297	
1339463345754296321	
1339369410105126912	
1339455092446138368	
1339462101467852801	
1339425189361295360	
1339425492491853824	
1339428954604793856	
1339392282647269381	
1339480974917300224	
1339447622298443776	
1339433150909476867	
1340068440959295489	
1340071581725417474	
1340075318833504258	
1340065080126410752	
1339865758747291655	
1339948543486922753	
1340049214747930628	
1339954120007008259	
1339956115765932033	
1339868772874784773	
1340054297111900163	
1340047255240208384	
1339779542089646083	
1339724267085283331	
1339760797145128960	
1339730765093859328	
1339732359663349761	
1339734876312928256	
1339736901830455298	
1339729902837370880	
1339758028774547456	
1339755008838029312	
1339752348457943042	
1339752775777923072	
1339941049834360833	
1339737392987533312	
1339861748791308289	
1339835562023370752	
1339843100655702017	
1339771689652137984	
1339776425822449666	
1339812916418256897	
1339831799074217992	
1339938468068282370	
1339933438451716097	
1339935951364055042	
1339963697507266564	
1340006450102460418	
1340016510157410304	
1340033077037379585	
1339876830464110593	
1339883893244243968	
1339986303073603588	
1339895971971514373	
1339905028409180164	
1339909422886301696	
1339914560275288065	
1339918344623960067	
1339925886586372096	
1339899487523909632	
1339978776051105793	
1339888196348485636	
1339923199761543168	
1339976226627317760	
1340349612926898178	
1340395502362374145	
1340282535415336963	
1340143935809794049	
1340424201002430470	
1340431789265969153	
1340364035842306052	
1340394240279457796	
1340299874064076802	
1340329828441010181	
1340303403981922306	
1340305772996141056	
1340315724917723138	
1340317096861949952	
1340317282904514561	
1340333829404409856	
1340143820739129347	
1340099188672012289	
1340093305724538880	
1340301028613353474	
1340142646426103808	
1340132992186986497	
1340138834021941251	
1340147632560168960	
1340152628928516096	
1340254777507278849	
1340265659666751488	
1340280997758300160	
1340148076728619008	
1340118437394313218	
1340128594237009921	
1340092133890551808	
1340091752116592642	
1340658479279828996	
1340666540459495424	
1340773370191867908	
1340688686900535297	
1340454426411188224	
1340469487557087239	
1340741270365462528	
1340775255288254467	
1340767693226598401	
1340752613776760833	
1340748833228263426	
1340795519162040325	
1340782815902900225	
1340967776232595457	
1341026906309799940	
1341005529737555969	
1340995047966334979	
1340990443790749696	
1340986656082583552	
1340985316870664193	
1341170833234907136	
1341170334838501378	
1341079766716342278	
1341074713288855552	
1341054588787585025	
1341059618391339009	
1341060896714592262	
1341063404358950914	
1341085310810288130	
1341089770248781835	
1341164088001478656	
1341122566174384128	
1341106189254471684	
1341099909848723458	
1341091085007859713	
1341048304080216064	
1341165301690458113	
1340953673413832704	
1340869637337182211	
1340884761376677888	
1340951435631095808	
1340960725578215424	
1340854552136957954	
1340846306558943235	
1340820540853022722	
1341485415006674947	
1341492776937132034	
1341482964245487618	
1341476667701690368	
1341385502935502848	
1341473616345620481	
1341409321645694981	
1341410688762327046	
1341415708727652352	
1341455076116877315	
1341517290542665728	
1341519865115455488	
1341524183252144130	
1341475959736836096	
1341531996447752194	
1341458529312514051	
1341459571815161864	
1341461038936551430	
1341463101695275008	
1341464552920199173	
1341465054395441154	
1341454000466636800	
1341373145677058048	
1341451056048386050	
1341360338760024066	
1341235262622470145	
1341171866568974341	
1341175695934959617	
1341181848630808576	
1341235856699473920	
1341191236598771713	
1341192250370502659	
1341204330561548288	
1341206760296751104	
1341212915639193605	
1341215620705169409	
1341234160212459521	
1341246688711860224	
1341243567260356609	
1341241208333545478	
1341238862748725251	
1341237781142544384	
1341184944081694721	
1341369667022106628	
1341270022904229888	
1341435865453703168	
1341438401308979202	
1341443398893522947	
1341443942433349632	
1341444411218137093	
1341444922654781442	
1341445462981816322	
1341446942837108739	
1341448527927533568	
1341327145960927232	
1341334190697164800	
1341350388511981568	
1341353039043698688	
1341356591182991363	
1341442895933546498	
1341851654824599553	
1341543785382088705	
1341545593605394432	
1341575954964070405	
1341563763837841410	
1341562938029694976	
1341570244222054405	
1341557144487747584	
1341554113637539840	
1341550339028357125	
1341566996266278916	
1341647492086177792	
1341591091905224709	
1341579796665434112	
1341578790657544193	
1341783159353057280	
1341805780878520320	
1341563934910902272	
1341823400428363778	
1341825936866635789	
1341833468733485058	
1341843810729553920	
1341843882967875584	
1341722766781919234	
1341737857472458752	
1341745397992140801	
1341773076145553411	
1341775593986273280	
1341885305025159168	
1341877534607204355	
1341892850414452736	
1342190474325536769	
1341915022205870081	
1341959539684487172	
1341949486998937600	
1341944738501505025	
1341927100664729601	
1341917965491589126	
1342179646587154438	
1342132820991467522	
1342127431025569792	
1342124027226304512	
1341902389310320641	
1341899015793881089	
1342167143115321345	
1342225066017361923	
1342232599176081409	
1342213730915020801	
1342221280813207558	
1342528972765196289	
1342518273661947910	
1342512936552701952	
1342505816490971140	
1342510487745998849	
1342461083043430400	
1342474078028967936	
1342266571390070786	
1342573488092147716	
1342588498252075009	
1342554038194331648	
1342547696025022464	
1342501861618835458	
1342644424979980288	
1342832809015205889	
1342862518377717761	
1342938286101299200	
1342934735761375347	
1342926421367394306	
1342911831602565121	
1342964687487569921	
1342904524458119168	
1343257046397956096	
1342991132909830146	
1343255367380332547	
1343251571988164608	
1343225160334245891	
1343217592719314945	
1343230873555107840	
1343327075441258496	
1343365856215117824	
1343548440417075200	
1343702561510084608	
1343678581382254596	
1343527157532946434	
1343443820298592259	
1343400048240054272	
1343593075285905410	
1343613954027888640	
1343606405497049089	
1343602672528744450	
1343576201202454529	
1343568651362971649	
1343564894625533952	
1343703564351377409	
1343557355674460160	
1343353989899956224	
1343345967098159110	
1343749044028506112	
1343746341911015424	
1343927013116145667	
1343927779771953152	
1343725954636668928	
1343709046000418816	
1343709461626585088	
1343711593318785028	
1343923485291257860	
1343721653428170752	
1344067479748935680	
1343900838767566849	
1343908648788123649	
1343776527905939456	
1343771358845661189	
1343768967924559872	
1343855549067227136	
1343829375804977153	
1343848501546000386	
1343780897770897414	
1343851778874474496	
1343758838336516097	
1343878446246727680	
1343957496445206533	
1343961245406388225	
1343976540405714946	
1344025691742998532	
1344046840518479875	
1343953695113965570	
1343889537643270144	
1343893292929396736	
1344018123259842561	
1344049794621317120	
1344293694296436736	
1344289903966879745	
1344278335770263554	
1344270788434817026	
1344267004249837569	
1344302699047772160	
1344426933061300233	
1344185598232436736	
1344401622852632578	
1344202694215524352	
1344225492791144448	
1344233034984419328	
1344236847367655425	
1344244623884115969	
1344308399354368007	
1344402048268296200	
1344413599071170561	
1344329118075256834	
1344373426325245955	
1344376505879703557	
1344191762324185088	
1344255707185606656	
1344424356231983106	
1344131386509320192	
1344121467118747648	
1344138922620821505	
1344139902087274496	
1344085053027004416	
1344096353291546625	
1344084568706580480	
1344086065594986496	
1344108716178731009	
1344115216884391941	
1344118214456967169	
1344473727816196096	
1344476209397186561	
1344471092170084353	
1344488633122705409	
1344488700240007168	
1344493759543857155	
1344501297559515139	
1344753961761431558	
1344752207275679749	
1344744590050533377	
1344742883136561152	
1344723785686126594	
1344777878538498048	
1344730563744309256	
1344667164662509568	
1344655831091064834	
1344652063414878209	
1344629634424516608	
1344599453890707457	
1344682293982584832	
1344569254759325697	
1345033330283196416	
1345044657928069120	
1345018217962549249	
1345007130458415110	
1345112594793852936	
1345105023575928833	
1345082387076702208	
1345048412400578567	
1345014432846512129	
1344919568318394368	
1345079755977142278	
1344856148587982850	
1344857439288631297	
1344833243091263490	
1344813871886970880	
1344806577082138625	
1345195129766899714	
1345218519076581379	
1345191840371396610	
1345373295823249409	
1345309116483465216	
1345418355868643329	
1345399727001645061	
1345392186385444866	
1345379089767682049	
1345158121774313472	
1345183045926719488	
1345508941854355458	
1345493840514396160	
1345497648846024712	
1345459870447894528	
1345833373948923907	
1345527813856776199	
1345520512928256002	
1345671514125905920	
1345580915989360641	
1345991877531721729	
1346135576467140610	
1345882906439409667	
1346109212514988037	
1346105377834885121	
1346101850970402823	
1346086522823573504	
1345943288197611528	
1346022329785135104	
1346071418455412737	
1346046487554355200	
1346041447703842817	
1346033901974790144	
1346139591426928641	
1346135588064407553	
1346241519179718656	
1346233474731175936	
1346229981312126977	
1346199761095942144	
1346190399539466242	
1346052521144557568	
1346585035110047744	
1346324311695642626	
1346597375884849158	
1346559620723171329	
1346552080127975429	
1346484130461179906	
1346547068094001152	
1346542015278948354	
1346465257632444416	
1346594855796011009	
1346351857938161664	
1346384451316686853	
1346407613186142209	
1346308974434521088	
1346301681986916352	
1346297895054700544	
