1217063826195144705	
1218043804529438721	
1218544596126523398	
1218806933781696512	
1219399217246064643	
1219214218647547904	
1219091441533755392	
1219561955826053120	
1219566632881795073	
1219568776372543488	
1219551598424285184	
1219546586847629312	
1219534246269870083	
1219475983276953601	
1219477497148067848	
1219578702536810496	
1219686139751288833	
1219708428706250752	
1219777227052720130	
1219832341801197568	
1219865303644946432	
1219857995632386049	
1219856992455536640	
1220035524582412293	
1220043810438250496	
1219889970611204096	
1220073019088961536	
1220085207367397411	
1220088914268119041	
1219918691565015040	
1220013272172236801	
1220365481737105408	
1220451423147773952	
1220438841653452800	
1220293268598067202	
1220340458250997761	
1220322342934581248	
1220299747380072448	
1220286072569192449	
1220242563153780736	
1220250580431536128	
1220260325783756800	
1220281627437424641	
1220319194119622656	
1220194737174601729	
1220362415755403265	
1220149448992530437	
1220853829090136064	
1220707852370747393	
1220667091914756096	
1220668701038563328	
1220670286095364096	
1220671890567651328	
1220673464715108357	
1220836442986942467	
1220663262783721473	
1220570937957015553	
1220540258917462017	
1220520344131440641	
1220538937816559616	
1220527668162187264	
1220531939209351170	
1220627406832263168	
1220647546537889792	
1220582017374543873	
1220587318341439488	
1220585546474565635	
1220602410151948291	
1220607476938301441	
1220750643478126593	
1220731754308407296	
1220516024438665218	
1220730495492919298	
1220891567944339457	
1221130664273203200	
1220930814843801602	
1221026947083513856	
1220877949110493189	
1220866312584548352	
1220864790182219787	
1220994984192679936	
1221055400243494913	
1221199849791639558	
1221101947769454592	
1221211679276572674	
1221243639562752002	
1221281660538359809	
1221519457824268288	
1221504358048768002	
1221357390580285440	
1221474163480825857	
1221907695634210816	
1221912278213320705	
1221905258114437123	
1221904538401169410	
1221924576818495488	
1221931294428483584	
1221936191278370816	
1221931542144081923	
1221786607340195840	
1221654057863012353	
1221666632201916416	
1221669686410125312	
1221613847414476803	
1221741149670559749	
1221743921086287872	
1221745439608836101	
1221747958561099776	
1221756763894140929	
1221772367501975555	
1221723071352123393	
1221716241011834880	
1221726799945773057	
1221725292412186625	
1221845214857519105	
1221838118145462272	
1221743417190948866	
1221891374011887617	
1221883085995827200	
1221812196868534273	
1221800057692966912	
1222197091293892608	
1221979686248570882	
1221990759043424256	
1221989464953802752	
1221984585757724673	
1221963477784387584	
1222286517558792197	
1222291040994054145	
1222296536111091713	
1222298564262535169	
1221982674300084224	
1222018090789232646	
1222017401858023424	
1222016418285346821	
1221979922811510784	
1222015686874148865	
1222086555810127873	
1222083441648381952	
1222079890784210945	
1222067915228360704	
1222057237817982977	
1222045910567354368	
1222029301203324928	
1222004138546028547	
1221999106790436869	
1222014206729490432	
1221982495299833860	
1222160991389192192	
1222255799680098310	
1222248800263331840	
1222230944809136134	
1222089361497477122	
1222092144070086656	
1222097274903441414	
1222099170540040193	
1222101526409371649	
1222107070301966336	
1222109252438962176	
1222095855446044673	
1222114631335976960	
1222116769927745536	
1222121169387696128	
1222127227527225344	
1222132242849435650	
1222094007599276032	
1222113363053961216	
1222489606723162112	
1222492117366464513	
1222502188909572097	
1222430582023622656	
1222435362003398657	
1222444035912228865	
1222440261889986560	
1222443533572943874	
1222445291573514240	
1222477525659635712	
1222474534156165120	
1222436801543049216	
1222532375470641153	
1222392216880107520	
1222372103325962241	
1222360585297416193	
1222369056780701696	
1222370316061696000	
1222351461306314753	
1222348042789105664	
1222345610013093893	
1222570281501437952	
1222419379180265473	
1222426055585271809	
1222401022804602880	
1222395534809403392	
1222392960618246146	
1222457138796277762	
1222577695256666112	
1222648790194315264	
1222647657182781440	
1222392145358835712	
1222318737560424454	
1222311643738230784	
1222319666997211136	
1222333954457505795	
1222605385594474496	
1222615701229318146	
1222626755145535488	
1222337289906479104	
1222663493603799040	
1222652951216513031	
1222656856914636809	
1222659059528192000	
1222649088774230016	
1222649004028239872	
1222648926748250112	
1222640871750938624	
1222644752941797376	
1222648218246418434	
1222311176606011392	
1222794331901374464	
1222790570197778433	
1222790572349501440	
1222792638983823360	
1222794838220865536	
1222802137312350208	
1222799891682025474	
1222805160310792192	
1222813497790291968	
1222816076918071297	
1222819938500521989	
1222796356533858305	
1222788801036156928	
1222995810952130566	
1222686476552544256	
1222721640943038464	
1222722104090603520	
1222739238527127552	
1222687481314844678	
1222688222783909894	
1222697460595859456	
1222698509075468289	
1222703608174731265	
1222707616905867264	
1222712940605906945	
1222821223735885824	
1222998022642073601	
1222678505395277825	
1222785523334467585	
1222671035339878402	
1222773950540894210	
1222982871775895552	
1222754087005048833	
1222972818373124096	
1223028844300554248	
1222971747126956032	
1223021345258250241	
1223020003697549312	
1223019486313316352	
1223019142917361664	
1222944949634813952	
1222838943797927939	
1222836215696830465	
1222830924477485056	
1222828253976694784	
1222877130243149824	
1222897300172705793	
1222892246707658752	
1222892018034188288	
1222826933135847424	
1223072312309796865	
1223072672642478083	
1223126290917548032	
1223124007081238530	
1223182585913888770	
1223388022382743552	
1223276756037140480	
1223146431910940673	
1223146670667583494	
1223207431678971906	
1223215434587045893	
1223219894113701888	
1223224941983694856	
1223249381664706560	
1223201030235738112	
1223197000239407104	
1223156242144813057	
1223160263156871168	
1223040968389165056	
1223168564250796033	
1223180380989202436	
1223180664230555649	
1223184716884598789	
1223188694187769856	
1223302444614148096	
1223299326170095617	
1223285947250376704	
1223390908147740677	
1223354997762613255	
1223325077917372416	
1223044164524429313	
1223365903548633096	
1223366276908830726	
1223178380297867265	
1223082490929090560	
1223352545697062915	
1223086274409570306	
1223085246381424642	
1223136592899997697	
1223070998028869632	
1223516614173306884	
1223482729116860417	
1223531709716684800	
1223482355454808064	
1223452342147788800	
1223422769704177665	
1223444417207590912	
1223398416149090305	
1223397895153627137	
1223424706709159936	
1223432701706981376	
1223426047632388097	
1223445135943401472	
1223731533564874752	
1223461098881454082	
1223448650178842630	
1223463749325148161	
1223686721142915078	
1223705851564822530	
1223670111334211584	
1223713659303665666	
1223726492363956224	
1223739582560206848	
1223592103999082496	
1223650490006884354	
1223716176213291008	
1223661363941249024	
1223655278866051073	
1223822364279963650	
1223889557990580225	
1223878982539661317	
1223793184456814592	
1223765233052811265	
1223803257606287362	
1223863885054332929	
1223790923210985473	
1223891377362173957	
1224090137228906497	
1224033537764085762	
1224171416624541696	
1224157060943765504	
1224175694617419776	
1224151782223491073	
1224150271179313153	
1224195073249808385	
1224176967634780160	
1224190551890825217	
1224193058201382912	
1224201115383795712	
1224205635048308738	
1224208675016990720	
1224286004384862209	
1224377969973563392	
1224470145441071106	
1224477698782875649	
1224240382608846848	
1224229049544953857	
1224232207113510912	
1224268844237312000	
1224266611772854272	
1224264997972467713	
1224261326408765441	
1224259254456127493	
1224257177344446467	
1224230595448000513	
1224711749984751616	
1224657012405022721	
1224653742584336384	
1224787224509677571	
1224652350809395200	
1224637617221836800	
1224649663011262464	
1224636257487159296	
1224634888185425920	
1224633030968594432	
1224519461069344768	
1224631682600402944	
1224534554188374016	
1224484281231249413	
1224484802008666112	
1224591847223369734	
1224619647665872896	
1224581123726086144	
1224577346340098050	
1224539603090247680	
1224547569583493121	
1224551908079210497	
1224560886544846849	
1224650992354054144	
1224799845980033026	
1224529528187387905	
1224661403291803649	
1224689228610785280	
1224663930267742208	
1224726843024125958	
1224741936990429184	
1224644293287141376	
1224837552659673088	
1224835051688468481	
1224883734366818304	
1224885331704582144	
1224845367679823872	
1224854723427209216	
1224909763722514434	
1224943025245368322	
1224938911736258561	
1224947312180584449	
1224948001409576961	
1224883096140550145	
1224861615914389504	
1224880593768501251	
1224984544429989888	
1225106849587961862	
1225049001419997185	
1224993954862706688	
1224988265448689665	
1224986838743572480	
1224998818585939970	
1224977490793435136	
1224977248391921666	
1225041432941072385	
1225038894393106432	
1225031354087301121	
1225084206725967873	
1224912676419178499	
1225019480524410887	
1224915508274892800	
1224929665149808642	
1224922331899944961	
1224914080483377153	
1225008626173120513	
1225005639325319168	
1225007141234319361	
1225536639734370306	
1225501997039857666	
1225552310270615558	
1225447380058808320	
1225425558919622659	
1225442194355556352	
1225371253059571712	
1225367370027413504	
1225365445202644997	
1225359184545374208	
1225357300183031808	
1225351470213685248	
1225340907052032001	
1225324790241779713	
1225287213870723072	
1225218514891440128	
1225215892495241218	
1225214875456155651	
1225377633732526081	
1225273218078035970	
1225248275353174016	
1225247730336968707	
1225398766166999040	
1225248922953801728	
1225385728298901504	
1225290267454005250	
1225287691337682945	
1225291389073752064	
1225300348878934016	
1225303656733593601	
1225308388252360704	
1225291156331823106	
1225310027688370176	
1225310320538857472	
1225309705846886423	
1225622070719062017	
1225617753056464898	
1225874397979971587	
1225851735622799360	
1225841735277912064	
1225907119561551872	
1225866846135562248	
1225597020628570112	
1225596341327409152	
1225688415024209920	
1225661750365671425	
1225664494598152192	
1225637101242204161	
1225685134629720064	
1225735667608674304	
1225727238378807296	
1225718983183216640	
1225754009765662722	
1225721644255080448	
1225716324640468992	
1225771224585863170	
1225766175377969153	
1225712313929322496	
1226006339614334978	
1226004259319226368	
1225976334419136512	
1225994366545776642	
1226001727494795265	
1226192710383652866	
1226220999655510017	
1226180135315025921	
1225984191533404160	
1226005265516056577	
1226284607118741511	
1226007795813769222	
1226136398903816193	
1226039483751129090	
1226021905846677504	
1226035960665825280	
1226038019523829761	
1226075723401715713	
1226370210078371841	
1226355098932084738	
1226485924403478528	
1226496004192636928	
1226558916542242816	
1226555152649347074	
1227011686332280832	
1227005825677393920	
1226998368565678081	
1226997027592134657	
1226992185339453440	
1226961812786176000	
1226996236798001152	
1226914002023911424	
1226890302700605441	
1226843739978653698	
1226812375225053185	
1226814020327559168	
1226828257577840640	
1226829887106928641	
1226839327130472449	
1226903457745031169	
1226845803999846400	
1226809006347505665	
1226810282141536256	
1226807276037660672	
1226770048683040768	
1227181478301306881	
1227152837764878336	
1227156684973453312	
1227271112897290241	
1227041469929795584	
1227256209725644800	
1227194437186527234	
1227186307140550658	
1227178442149519360	
1227176735986343938	
1227174638846926848	
1227242468648747010	
1227055101686226944	
1227055779963973632	
1227359227330596864	
1227306332568653825	
1227308847892660224	
1227321437960253440	
1227072548522856449	
1227092913575911424	
1227096376909213696	
1227219958930837510	
1227114063467028480	
1227491638529781760	
1227551811751628800	
1227693889492078594	
1227714269015420930	
1227726858617266177	
1227546424591749120	
1227543652404224000	
1227539134841065473	
1227534081598074881	
1227549347371503617	
1227554767515398144	
1227496010273804293	
1227442303524098048	
1227486400230182912	
1227483994851282944	
1227446255271448576	
1227443046985408512	
1227454048007282689	
1227925439903039490	
1227927948864434176	
1227912782881939456	
1227911342629249024	
1227899019277545474	
1228043286348214272	
1227829297198571520	
1227841614602809344	
1227847635324882945	
1227852430337073152	
1227855191241830400	
1227868037455413249	
1227772153187225615	
1227763866450497537	
1227759684150493185	
1227778166644568064	
1227778418986639361	
1227778618950070274	
1227787257089810432	
1227887689543843841	
1227978777172549637	
1228010999921487872	
1227897553775185923	
1227902861092192258	
1228282766690787328	
1228380916990521346	
1228156743982747648	
1228125598847045632	
1228116897016627200	
1228125278209236992	
1228280424906002432	
1228170271900631040	
1228265176484532224	
1228126704419450880	
1228260886441271296	
1228129235140780032	
1228226297198858240	
1228218091407986688	
1228196690970042371	
1228718889397342208	
1228773740001013760	
1228770996783587328	
1228770317700608004	
1228779286540226560	
1228476516608200707	
1228474182280847367	
1228474092166221824	
1228622553532555264	
1228540962198183936	
1228514548807802881	
1228513779790512130	
1228512013510434818	
1228709070930087938	
1228963747752038401	
1229174904618131456	
1229080515795398656	
1229095616720121856	
1228903594025504768	
1228872916353372161	
1229395079330222083	
1229290144521445377	
1229544805757145088	
1229325640253530113	
1229323365531496449	
1229314318648385536	
1229330165240606722	
1229301458933293056	
1229297195570155521	
1229288127119994881	
1229537260326072322	
1229362589521645569	
1229377466021666816	
1229368589020520448	
1229360604806250496	
1229354354601316353	
1229339640806637568	
1229336580910874625	
1229412734330077185	
1229548581046177793	
1229382005814693888	
1229556130386341889	
1229773738108911616	
1229812822269280256	
1229712410413543426	
1229749907566755840	
1229765914788290564	
1229697717879951360	
1229669377500299266	
1229677646243491840	
1229680198007676928	
1229804904472072193	
1229663085373214720	
1229877775928102914	
1230074885441015808	
1230225584837529605	
1230076451736686593	
1230177578801156096	
1230185300141494272	
1230210468754731008	
1230099488003493890	
1230097077172133891	
1230089069545377792	
1230035821304172549	
1230071386053447680	
1230056563227996161	
1230112318975074304	
1230134336587997185	
1230005366332805120	
1230003593228496899	
1230258290870890496	
1230112541117952003	
1229996041661034496	
1230028012285906944	
1230011147639836672	
1230014657651449857	
1230438391923269632	
1230436650645434368	
1230394192356134912	
1230430234798936064	
1230519411884396544	
1230610600293695488	
1230600546492571648	
1230789329594744832	
1230817112899358720	
1230837948326785024	
1230920128474296320	
1230785883831443456	
1230844644315058176	
1230915124833198080	
1230730141044596736	
1230736434379685890	
1230737436080136192	
1230743984072355840	
1230779929853386758	
1230781996227493893	
1230983054883205126	
1230933441891442688	
1230716292526555141	
1231131521613991936	
1231242263327649793	
1231244775245959172	
1231265410055577600	
1231280246319652867	
1231433509031546881	
1231613958290841601	
1231584521981775873	
1231579746338844675	
1231375673983414278	
1231749351556382721	
1232082806878212096	
1232075241737900032	
1232057653934919680	
1231954444826357760	
1231998746424205318	
1232022400704884737	
1232045048335863808	
1231816534483460096	
1231811750212882433	
1231855465837006849	
1231841586235035648	
1231831899737350145	
1231916387603447808	
1231929694318141440	
1232443791493226496	
1232394862319808512	
1232384796539658245	
1232383099637551104	
1232378518916489216	
1232346414254034947	
1232342026412273665	
1232437015875969024	
1232442919237255168	
1232439434181672960	
1232412490954395649	
1232436205062643722	
1232422791175163905	
1232414990298230787	
1232327306959630337	
1232319353791619072	
1232254574569848833	
1232262726317154305	
1232245711871365120	
1232243357839249408	
1232241838330961922	
1232240332626124800	
1232270519896039424	
1232316836810653700	
1232302143794745346	
1232213919500001280	
1232196049198100481	
1232178431783243777	
1232183492198486016	
1232180935254302720	
1232188489640423424	
1232247274245414912	
1232272502744846338	
1232617720312627200	
1232619003794853890	
1232613925369319424	
1232604394874638336	
1232612247836467200	
1232616024928854017	
1232533082886021120	
1232547871293136897	
1232625493805010944	
1232610561025880064	
1232546099061194753	
1232602692066926592	
1232811150460497922	
1232596746385182720	
1232679215025270784	
1232686787535003651	
1232811804440637444	
1232808530727591936	
1232787709514723328	
1232792729677107201	
1232628932907880448	
1232496517321093121	
1232508132393410561	
1232468527078133761	
1232483038426066944	
1232571930936561664	
1232599040812101632	
1232674186600034310	
1232672577350447105	
1232658784620892162	
1232671985496444931	
1232710093478801417	
1232710691607502851	
1232718750891302914	
1232719371862237184	
1232742405335666694	
1232644012529594374	
1232646518492028928	
1232651585395863553	
1232692058776797184	
1232937128834871296	
1232929368235790337	
1232928876222910464	
1232820140875620352	
1232913523765846017	
1232831287041413121	
1232847968551755776	
1232895841490362368	
1232897295810732033	
1232951777902895109	
1232957906938626052	
1232920812207910912	
1232964509863743489	
1232968240910995456	
1232973319911153666	
1232977353078386688	
1232979181744664576	
1232985540825436160	
1232996325484105729	
1232910760336150533	
1232966566322606081	
1232853415455318018	
1232892289812439041	
1232851059648888834	
1232878681057562625	
1232890579077472257	
1233061753862447111	
1233139358175309830	
1233167690816196610	
1233160165320470528	
1233048395549417474	
1232855802777612289	
1232869240841084929	
1232872638361591808	
1232873722572410880	
1233025676703346688	
1233174585140531206	
1233016952735633408	
1233083734318026759	
1233094256333598720	
1233100772168130566	
1233117113767821314	
1233122141262008324	
1233069308202360833	
1233081358072807425	
1233335813859049472	
1233334419869577216	
1233333008591183872	
1233346767489511424	
1233337221022932992	
1233340055801995264	
1233488053722808325	
1233348277623566338	
1233202833119465478	
1233204850269224960	
1233207054455787520	
1233270880773562370	
1233208692478238720	
1233214751641083904	
1233214774135152640	
1233216848289812480	
1233218030454366209	
1233272633543753728	
1233274914301497344	
1233277678935007232	
1233343830948294656	
1233234179850108928	
1233229341221322755	
1233225389725581314	
1233223338358661123	
1233180414807879680	
1233182800557289472	
1233187821483155460	
1233253255511183362	
1233257034616840193	
1233310398557884416	
1233308108493086720	
1233291263027417089	
1233192864479350785	
1233505821646114816	
1233504929689559041	
1233523310996135937	
1233525495117045760	
1233527582710280193	
1233542260178006017	
1233349769050935296	
1233424139849019392	
1233322165807783936	
1233406525491814400	
1233458732102815744	
1233414082239303680	
1233471962263019520	
1233479512312221697	
1233468749233238017	
1233499875012218882	
1233429229448155139	
1233363542377717767	
1233482072091758594	
1233373272970059781	
1233376384548065280	
1233381726665269251	
1233384130903248896	
1233386401879797760	
1233396474194616320	
1233404008791990273	
1233399001791320065	
1233648357802946565	
1233629487339888640	
1233591704214818816	
1233597712362242048	
1233610622379708416	
1233616334208077825	
1233616518472224769	
1233621181963612165	
1233633273282166784	
1233583292022218758	
1233874615396687880	
1233749782784610306	
1233768963777101825	
1233759157448257538	
1233822549273956357	
1233837741814800385	
1233836519372337153	
1233835410599686147	
1233828780503859202	
1233819245546483713	
1233782954003959813	
1233784021672452098	
1233799128896983041	
1233804144483454978	
1233851971133739009	
1233891077972799488	
1233878396830199808	
1233582941793660929	
1233579782333517826	
1233569900595163138	
1233565565731692545	
1233561324359168000	
1233558485821988864	
1233554078900326400	
1233547304528904193	
1233562544616431616	
1233689881903321089	
1233663467632066560	
1234187918165659648	
1234172825612759040	
1234184166398451712	
1234169043868884992	
1233948292565872640	
1234164758812798976	
1234252091742400514	
1234233228086665216	
1234131542378778627	
1234180372986028033	
1233965217085784064	
1233970236224942080	
1233961420313841666	
1234398311945318400	
1234390684163067904	
1234423065284661248	
1234387238873632770	
1234474050979868673	
1234471615959830528	
1234455147838922753	
1234461726248185856	
1234460978739339265	
1234454391211659270	
1234449702025912320	
1234445391359365121	
1234399680366284801	
1234481121515200513	
1234467262318415873	
1234401351305703424	
1234407249466085378	
1234385890518142976	
1234415838763061248	
1234411782418112512	
1234409440612319234	
1234402689557114881	
