1245870904879353857	
1246125997952512000	
1246130583736070144	
1245987173041688577	
1245931637667287042	
1245916718322466823	
1245912995668135937	
1245874433170046977	
1245870604701454342	
1246005426434576385	
1246010040760315904	
1246012759180967936	
1246015335003828224	
1246019886763081731	
1246022497415372801	
1246028077081247749	
1246035631760867328	
1246037899860115456	
1246042724891078658	
1246045733620506627	
1246051310010580993	
1245964769305276417	
1245966286850572290	
1245999839818780672	
1246062425914433536	
1245997187613458432	
1246065725686665217	
1246069523175915520	
1246072490188771329	
1246075026710958081	
1246077523978588160	
1246082456484184069	
1246085194345517056	
1246059952986341380	
1246100161186738176	
1246102688946884609	
1246109015500783617	
1246115504760258562	
1246116530800246785	
1246117776600772608	
1246057378908438530	
1245869137290657792	
1245867359404994560	
1245867341306417153	
1245863628902785024	
1245962495124287488	
1245872655334400002	
1246158088891174913	
1246168898585735170	
1246172864916729856	
1246182838204076035	
1246185453994336257	
1246188259333607424	
1246150556919439361	
1246137912078602241	
1246135444506578945	
1246132874799198209	
1246145476476522498	
1246142962062458892	
1246140445857636352	
1246196746906206209	
1246192126251208712	
1246216187043819520	
1246222449386991616	
1246220464579645441	
1246219580227403776	
1246219264933142529	
1246216443697467393	
1246215655453609986	
1246203853512617986	
1246199324347977730	
1246130369247707137	
1246574045308518400	
1246566005536706563	
1246479533471121409	
1246530750826061825	
1246523959631400960	
1246508844693557248	
1246506086347259906	
1246554651681488897	
1246372851411750912	
1246375485036265474	
1246388565602381826	
1246392331064037376	
1246399880840519680	
1246570007812866048	
1246396114032627712	
1246236746544791552	
1246496352173010944	
1246257808309452801	
1246253292746874882	
1246245792337158144	
1246242175941259264	
1246239057253974018	
1246238200563032064	
1246231964023001088	
1246226248453492736	
1246278344032817154	
1246283860947742720	
1246344276574908416	
1246341885955883011	
1246339490542731264	
1246334635832946695	
1246331957849608194	
1246328661688627205	
1246325703420850176	
1246286638248071168	
1246289788552052736	
1246296646184558592	
1246299313136902144	
1246290918413664256	
1246304136569794561	
1246308352696684547	
1246312596279570432	
1246315753055322113	
1246263243649286144	
1246270296061095937	
1246273310360551424	
1246274311104716800	
1246445196142927873	
1246441416710148098	
1246437652200636416	
1246436038383472640	
1246433857391529984	
1246432912083427331	
1246430686904549376	
1246430083713204225	
1246428315243683843	
1246426305312235520	
1246422323797921794	
1246429076161728513	
1246365479612157952	
1246500796763684864	
1246452993144258563	
1246478650049953800	
1246456007259291649	
1246475906782310401	
1246471424077975554	
1246470610785570818	
1246468088729677824	
1246463313971752962	
1246460298141347843	
1246459416871927808	
1246473108300668929	
1246362149288587266	
1246354587373764611	
1246275068050788352	
1246459278745055235	
1246897910064852994	
1246894141470060544	
1246890382237073408	
1246886575159406592	
1246882824617111554	
1246875285183700994	
1246871501191745536	
1246867750867415042	
1246864105224486912	
1246899170297987076	
1246947001146761216	
1246943239489413120	
1246937371066671106	
1246935676727242752	
1246931889627312130	
1246928125042229250	
1246901685789876231	
1246909248942026769	
1246920561772695557	
1246588888887570432	
1246773609252691968	
1246796243566813184	
1246784922725109766	
1246743405117521920	
1246732073911685122	
1246679235307200513	
1246664124752441354	
1246600197121216516	
1246596430229311488	
1246762268274110465	
1246860180467453952	
1246821887218462720	
1246766045580451840	
1246826658063138819	
1246815138881159170	
1246841301028548610	
1246837576419487746	
1246852614194692096	
1246777370536808448	
1246769822765133824	
1246803801463537664	
1246973446346735618	
1246958320033947649	
1246965893155950592	
1246969644633731072	
1246980989886386183	
1246977187745542144	
1247071810149134337	
1247052688333975557	
1246992291128016897	
1247060249493876736	
1247026522294231041	
1246999849154813952	
1247007386054819842	
1247014932278886401	
1247018718946889730	
1247030030045253632	
1247034061878673408	
1247037581507866624	
1247045132060364805	
1247011422116229120	
1247275663087808512	
1247279506655719425	
1247280694998564867	
1247282243313324034	
1247287948904628225	
1247290865778855937	
1247169708509536256	
1247167207160889344	
1247244388868263937	
1247237674555056128	
1247202051232325632	
1247201999554326534	
1247195901136908290	
1247271113584975873	
1247265702228213762	
1247265288598343680	
1247264615412744194	
1247193918501986310	
1247273060920692746	
1247248799560388608	
1247262146255355905	
1247188096900370435	
1247186318855192577	
1247177293388185601	
1247124418763149313	
1247119386030354432	
1247157118022623234	
1247111042007814150	
1247108754677661699	
1247106096273260546	
1247126922968158208	
1247103758653366273	
1247096462858747905	
1247093587512344577	
1247086908825579522	
1247082891818995712	
1247113710402928640	
1247164676594688000	
1247101462938816512	
1247310771752747008	
1247129442742394880	
1247134479711383552	
1247174736032993281	
1247172224475443201	
1247207454905184261	
1247212496479453187	
1247215703356252161	
1247218899025833984	
1247220538524815361	
1247131998973558786	
1247222565384396801	
1247227591603433472	
1247152089857482760	
1247149584083795969	
1247144543172116481	
1247142026577088512	
1247139544601890816	
1247225099360645123	
1247310288191401992	
1247181308402507776	
1247306404819390465	
1247307763799252997	
1247067780215640064	
1247075333142130689	
1247292306048376833	
1247294460947345411	
1247296705156046848	
1247301338708533249	
1247306046994964480	
1247291433066860548	
1247316028507459585	
1247329330041991169	
1247318981796642819	
1247328850289332224	
1247316685171748864	
1247461024321753088	
1247347443248791552	
1247344622378024961	
1247315562033627137	
1247313200527237121	
1247329541581725697	
1247329917731135489	
1247466858040655873	
1247331571348262914	
1247464027862769664	
1247439757849886720	
1247438216816480256	
1247437230987190277	
1247411561670508546	
1247414581602942976	
1247330608813969409	
1247416084036288512	
1247434960107122690	
1247424129218883585	
1247426994310197248	
1247431430747144193	
1247432681400537089	
1247313592845848576	
1247334496053100546	
1247417088257462272	
1247600028694306816	
1247449219742470144	
1247595014773002242	
1247446749213573120	
1247575888486707201	
1247405517275828226	
1247582437158371329	
1247580756970438656	
1247578109467078656	
1247534971327115268	
1247535872519467009	
1247529577397637120	
1247584971608506369	
1247552222252187650	
1247542170086551564	
1247544697452724224	
1247549736762183680	
1247554728810201089	
1247557260139737089	
1247562300845891585	
1247564815549304833	
1247569863016689664	
1247572374146383879	
1247574542219988992	
1247559781889585152	
1247441002756964352	
1247391281472569345	
1247398222072614912	
1247400232553496576	
1247401484985262081	
1247403645521596418	
1247372985704595456	
1247368255955701760	
1247363570247098368	
1247353918910316547	
1247352178316058625	
1247354174658019328	
1247355245564284928	
1247356169364086785	
1247357427764416512	
1247388147815768066	
1247387022794383360	
1247408776942170112	
1247597526284468224	
1247524551493214209	
1247522386343333888	
1247520301706960898	
1247511968568807424	
1247504661277523968	
1247502330452418560	
1247502296268902402	
1247499370959945739	
1247496867954528257	
1247494367448875010	
1247489314147237888	
1247375558608027648	
1247665973987082244	
1247655425039835138	
1247642887464071169	
1247642577089806342	
1247610127034781699	
1247607629016379394	
1247605104565465094	
1247668006576107521	
1247652898001113094	
1247650377513795584	
1247657937507700736	
1247645369913278466	
1247646018474258434	
1247647867621322754	
1247649304640192512	
1247603495424774144	
1247617680389046277	
1247627728955867136	
1247629777583783936	
1247630268850155520	
1247634156995186695	
1247635510106951689	
1247636529801027586	
1247640305186340864	
1247641722361794561	
1247641932307640321	
1247615163005652992	
1247660474390511623	
1247625206778208259	
1247839125648146432	
1247861771941089282	
1247841638334042112	
1247846662824964096	
1247851701379497986	
1247856757717831680	
1247859260844838914	
1248037696791916545	
1248029122451963906	
1248027874755575808	
1248025361285361664	
1248023107991986178	
1247832792161009664	
1247821514839384067	
1247837095772729345	
1248030398535401472	
1247728636456775681	
1247738696658550784	
1247828541590450177	
1247737934880661504	
1247739952852541440	
1247740724323336192	
1247741730679590912	
1247744981596434435	
1247746239858237444	
1247747508979109888	
1247834876067426304	
1247748756411314178	
1247755057728118785	
1247760103350005760	
1247762623820488705	
1247866812492111874	
1247770173974560768	
1247773944154710017	
1248022291109249026	
1247751296246886400	
1247796606142799874	
1247736225517142018	
1247792567552339969	
1247813821063815169	
1247815715823943681	
1247864304612900865	
1247733928414326784	
1247700716900229120	
1247730905185214466	
1247688120444899330	
1247688340847149057	
1247689018827046925	
1247934752658788356	
1247939805960384513	
1247942326284161027	
1247944829331484674	
1247947377253797888	
1247952357641641985	
1247712916532494338	
1247714282118283264	
1247932267420422144	
1247929724304850948	
1247924679047864327	
1247922176700841989	
1247915681846263810	
1247912568699727872	
1248014026530885632	
1248012760639606785	
1248010272654024705	
1248006481959456768	
1247703297403699207	
1247703055723687937	
1247704371887878145	
1247706144841162752	
1247707444702326787	
1248005209038585857	
1248003973396615168	
1247902328121749504	
1247997666182774790	
1247999419456335872	
1248002701729894400	
1247698227861782528	
1248008998915174401	
1247692667804360704	
1247682991377219587	
1247682026318241795	
1247681434363613186	
1247998775324483584	
1247897602349076482	
1247895510305763330	
1247891998675095555	
1248021561665355776	
1247876875491446784	
1247718625429139456	
1248020330326552576	
1248021894160408576	
1247881897419644929	
1247781482883514368	
1247732417542205442	
1247875127070674946	
1247869317699571713	
1247889458004779011	
1247886996397117440	
1247884429696987141	
1247714652714393601	
1247716201528205312	
1247987595264643074	
1247985113457197057	
1247982567565000705	
1247873412837584896	
1247980044540088321	
1247967471749005312	
1247964959193075712	
1247959913785065472	
1247957417507336192	
1247724863013498882	
1247723132137373696	
1247721103579062272	
1247709755969323016	
1247970017989332992	
1248324843285733376	
1248327344588283909	
1248329856481443840	
1248332397134872578	
1248322312417554434	
1248360054820085760	
1248309737403416576	
1248362743889092608	
1248295208342769666	
1248339259196571649	
1248339956814225411	
1248341176744382467	
1248342405222256640	
1248343676927041536	
1248317294809419777	
1248349999248953345	
1248355274253008899	
1248356326733828096	
1248362610686386177	
1248338352169943040	
1248336304275890176	
1248316995566624769	
1248298753037144064	
1248307221529800704	
1248351392382607360	
1248294697887567880	
1248286701606391808	
1248199900170510336	
1248373816067162118	
1248394001985630208	
1248377672356384775	
1248380177895149570	
1248387748005703691	
1248392806437015556	
1248365086101602305	
1248372651845799936	
1248371388202635265	
1248368864448176137	
1248304687285223424	
1248398125540102151	
1248397426366406656	
1248396154619834373	
1248374354515095553	
1248367623492063232	
1248370166309715968	
1248259117573177347	
1248271226906324992	
1248273923143274499	
1248280618808553472	
1248222186797699072	
1248218070633545728	
1248214346687221768	
1248187209439739904	
1248212213560758272	
1248188959903166464	
1248191445997060096	
1248193961916858369	
1248196494705987592	
1248255141465161729	
1248252879283998720	
1248249333113171970	
1248244810844000257	
1248205010212659200	
1248223164364193795	
1248232980914622464	
1248235952683855873	
1248065840349667329	
1248070381526753281	
1248126747045810176	
1248125012986531845	
1248122972088324097	
1248121232362475520	
1248118945548132352	
1248117471720194049	
1248113672372748288	
1248111647450902528	
1248109899843846144	
1248106126274682880	
1248102360796315648	
1248098598102937600	
1248091030567649285	
1248088524802400258	
1248048011072151552	
1248085999332331522	
1248051433426915328	
1248055107360604161	
1248139853725917184	
1248132554252791815	
1248068261289156608	
1248064419067723776	
1248061055424704527	
1248060631246180352	
1248059930910887939	
1248057815945658369	
1248055545413742599	
1248052759762317312	
1248077106875162625	
1248075942607683586	
1248073421403107329	
1248179119751401477	
1248172317366202368	
1248168277655916544	
1248162993877200901	
1248159490467409926	
1248156468286808066	
1248154968676319233	
1248136321647939585	
1248151182297751552	
1248468698458800136	
1248468515025072128	
1248462172859973632	
1248460992045932551	
1248456441649741826	
1248454671133372418	
1248682175559602176	
1248684687477936128	
1248694805074501633	
1248416686220300298	
1248424077519286281	
1248471029929766916	
1248418804297682947	
1248683561642680321	
1248743847448006656	
1248699787064610818	
1248717408774361089	
1248717412284981251	
1248718660128198657	
1248722453708316673	
1248724974732488705	
1248732754801549314	
1248734790964174850	
1248736304105472001	
1248737781226049536	
1248738803520540673	
1248740314212380673	
1248697273527173122	
1248483621893099521	
1248479843953459202	
1248476080106700810	
1248472293384192002	
1248757925625171969	
1248446542140207104	
1248440529735606272	
1248439861180116993	
1248435185076424704	
1248491178816724994	
1248494941216493573	
1248716424207650816	
1248446650458058753	
1248760449866309632	
1248755429246734336	
1248415797610872844	
1248415246101798912	
1248415084834983937	
1248412425084219397	
1248409723533012996	
1248406709619412993	
1248402174675013632	
1248400348600872961	
1248425413379932161	
1248429301109633029	
1248430117744852995	
1248431412505542656	
1248746358795915272	
1248747871639396356	
1248753893221302273	
1248759777146044421	
1248709875946983425	
1248568907306278912	
1248651698672975877	
1248657054119706625	
1248657745299062787	
1248664368906219522	
1248667100920647686	
1248562035929108482	
1248589748240887810	
1248591583739510795	
1248594097461395458	
1248639471639236609	
1248621796401676289	
1248620794264956929	
1248616755745808384	
1248614230904852480	
1248611750062112769	
1248609194661400579	
1248604177376428034	
1248601649750343687	
1248599141141417986	
1248596613544792064	
1248576482814898180	
1248721190967029760	
1248570578862309384	
1248644426336997377	
1248502489243996166	
1248672127013838848	
1248677138305372160	
1248554562119782401	
1248548797967368193	
1248546271675191296	
1248543760914530304	
1248541242830606337	
1248539994014339072	
1248536453912690688	
1248536324178620416	
1248534706624356358	
1248526143222951942	
1248524642316357632	
1248521361498267648	
1248519107013677056	
1248517344898568192	
1248509790424309760	
1248674642539220992	
1248506258585341960	
1248955474231398400	
1248962000673275904	
1248963020224696322	
1249080064886689793	
1248974365523431424	
1249067973760950272	
1249110460906889216	
1249019408850268161	
1249088088577638400	
1249085323654696962	
1249082571419516934	
1249060662275387392	
1249024923147874304	
1249027717460373504	
1249034493387780096	
1249040025989365760	
1249057913844436994	
1249019620583002112	
1248971851457576960	
1248891305691840513	
1248843248593858560	
1248977975695081472	
1248983709258301444	
1248985677930381316	
1248997011103375367	
1248999212160815109	
1249000279418245123	
1249004804032155648	
1249007567994576896	
1249009353421660163	
1248947915311194112	
1248944171014070273	
1248940369817067522	
1248932821621760001	
1248967074497679361	
1248929066562007040	
1248921510213046272	
1248917722546802688	
1248913968430809089	
1248910179179036673	
1248906409317629952	
1248896317788577794	
1248895059585630211	
1249012601725554693	
1248887510068940802	
1248883750970241024	
1248868656332898305	
1248853558008647681	
1248849761043730435	
1248846008202809344	
1248925290404986880	
1248836186853916672	
1248827142940626950	
1248786886975512577	
1248789393936134147	
1248790643540983808	
1248792421703528448	
1248793156168097792	
1248804485188800512	
1248796927392657413	
1248808262390157312	
1248812030041169925	
1248815792940036096	
1248794839946342400	
1248765475196153856	
1248767296153235457	
1248769945875382272	
1248770506825793536	
1248773029582249987	
1248773032409251841	
1248774041491722240	
1248775547083272193	
1248819581826797570	
1248780331274117122	
1248771518399725569	
1248823358810177536	
1248830920897019906	
1248783102459154432	
1248834679148548097	
1248974963807260673	
1249453522711691264	
1249445966543048704	
1249280117827940353	
1249283897067798528	
1249287672100802560	
1249291438082449409	
1249295211513159680	
1249276330090418181	
1249302755522629632	
1249310326648123392	
1249311580640206849	
1249317869307023361	
1249323885645856768	
1249306532740771842	
1249325412850810881	
1249265027430973441	
1249185736408080384	
1249193314819194880	
1249208383837782016	
1249231029438689281	
1249268777394593792	
1249249909498355713	
1249253682874646528	
1249257450706014208	
1249468606934646784	
1249457335698960384	
1249461074979627018	
1249326492837908485	
1249393105176014850	
1249329195068653569	
1249396886093664256	
1249408227479093251	
1249411996921073680	
1249419544038445056	
1249423307818119170	
1249427105181548550	
1249374240245252098	
1249374217377697792	
1249331715472007169	
1249348069642121216	
1249349025498894336	
1249438409925550088	
1249359117422080001	
1249362906090799104	
1249365939054940160	
1249366691701760001	
1249351832830435328	
1249676262676803584	
1249830995567751169	
1249824044905570312	
1249823469254180875	
1249819669587996672	
1249701390437552129	
1249808355838898180	
1249800807899451406	
1249832749529214978	
1249797019771830273	
1249789515901874177	
1249786941882748929	
1249781943073484800	
1249779394345869313	
1249776890761687040	
1249774412091588612	
1249793266570137600	
1249846088795906048	
1249836796780916736	
1249840312207450115	
1249672916553404423	
1249678205579075585	
1249681015775297536	
1249691439174430720	
1249668675252162563	
1249838555100262400	
1249666470155517952	
1249693838773452804	
1249749207700967424	
1249815889609924608	
1249696361190170625	
1249847605946916864	
1249703922199076864	
1249766835228151808	
1249756765371142148	
1249706482272256003	
1249708945305993218	
1249711456871948291	
1249714024738062336	
1249716486312202243	
1249720013566685189	
1249721812382035974	
1249730794626711552	
1249732976377815040	
1249734100581339142	
1249741437392113664	
1249746691441426444	
1249754266635579392	
1249726888559476736	
1249540345802756096	
1249650064840163328	
1249498802710609920	
1249506346422145024	
1249644111021445122	
1249646057790865408	
1249559195801792514	
1249608022579720192	
1249551654250328064	
1249544116196818944	
1249640492675076101	
1249542106596737024	
1249536569532432384	
1249534260744200195	
1249547874049888256	
1249525250083217420	
1249529018271051779	
1249538326807359490	
1249633682907967490	
1249578333031063552	
1249513906864828419	
1249555431283986433	
1249495042852638723	
1249517687753052164	
1249607005909606401	
1249502636904263680	
1249661154680606721	
1249655582086365191	
1250131742259806209	
1250194645595885569	
1250192140539494400	
1250136805887938561	
1250184585641672707	
1250134245391155202	
1250141797231271936	
1250141797289992196	
1250144580340768774	
1250146829523656704	
1250149331342102528	
1250151907114602498	
1250156908121636867	
1250159424842407939	
1250167312881274881	
1250172258728972297	
1250174490698383360	
1250174754369294343	
1250179786728787976	
1250189609314791425	
1250129220556197890	
1250197178590658562	
1249849909416730624	
1250078880590946304	
1250081390344929280	
1250083924988002304	
1250088939484037122	
1250091528908873728	
1250095119845523459	
1250097324438798341	
1250099005234782209	
1250106403106312199	
1250116645634420736	
1250026784722235394	
1250019887088533504	
1249932929398079488	
1249936937697280000	
1249940499139526656	
1250073840463613953	
1249948036945633281	
1250063767771271169	
1250058738024710144	
1250076360128770048	
1250038631286308865	
1250043903631413249	
1250051301007921152	
1250053711449198592	
1250056237124931589	
1250061329588682766	
1249952036684169216	
1249965886603243521	
1249902756703412224	
1249891642980667392	
1249887628280946689	
1249883844272144390	
1249882082479874052	
1249880120971735041	
1249877918567804928	
1249876295686729728	
1249874518769885185	
1249872528299954177	
1249869499920195586	
1249861191800950784	
1249857430709731329	
1249853653093175299	
1249851887022747650	
1249906749542486016	
1249963379248312321	
1249910298045231105	
1250209491372687360	
1249967136765882368	
1249970927992999937	
1249973944481873922	
