1385081186884726786	
1385145368615309312	
1385192169955287044	
1385175312615550980	
1385141377202364416	
1385066097435623426	
1385736131300532224	
1385643421763837955	
1385708027844640772	
1385413873222701057	
1385541976515305475	
1385522852498231301	
1385727749407531011	
1385659199196106754	
1385685006194987017	
1385700897129439233	
1385602141054771202	
1385662554047930368	
1385596067744415747	
1385579263072641024	
1385564151788015619	
1385590563202912260	
1385762476516691971	
1386040801130688514	
1386066422871302145	
1386085311365664769	
1386009558519275524	
1385986184896208902	
1385926769178550279	
1386017138985537536	
1385949435088232448	
1385771981891674114	
1385788523064832000	
1385805721938407429	
1385808053124075522	
1386289155924058114	
1386175664857010176	
1386168123057975300	
1386363617998737409	
1386350267222970372	
1386730568466026498	
1386508974447599618	
1386473873399500807	
1386606504686542849	
1386614557225979904	
1386658865262088195	
1386634280093331460	
1386736103684706308	
1386746919263801354	
1386760779861434368	
1386779400453120000	
1386806081721077765	
1386817876615704580	
1386640116828053505	
1386643759010619393	
1386651309005230091	
1386655076916338693	
1386662614160269315	
1386485445261938689	
1386668131804794887	
1386671906334527492	
1386675681245995010	
1386690802613723139	
1386696627352702983	
1386705899939577857	
1386980191994617858	
1387163188106514436	
1387013712075231233	
1387010144005935106	
1387085164283564041	
1387077905193357319	
1386869731135836160	
1386851360654733318	
1386862714136506380	
1386923566806011907	
1386942208750886914	
1386948500110385152	
1386900431792705539	
1386885347305533445	
1387119383156252677	
1387232621642539013	
1387236647742451716	
1387326224985313283	
1387255766470430726	
1387225336681832452	
1387217525021323267	
1387296536141381632	
1387342842998165507	
1387320702483763200	
1387300605786525705	
1387372533993836545	
1387349397126721536	
1387444052497403906	
1387462931261149185	
1387474251746365440	
1387477981896052741	
1387481819667386371	
1387485557459128321	
1387439992604172293	
1387376080433131523	
1387380096512761859	
1387394933280083973	
1387410526226075650	
1387459135839604741	
1387519544881786888	
1387527098408050693	
1387553747186896898	
1387859256741961731	
1387673038024478721	
1387734686856790016	
1387587719212290049	
1387580175886524421	
1387578884665790464	
1387578798045007872	
1387727143153582081	
1387663202243158017	
1387708282559770625	
1387712036155662337	
1387889509703065602	
1387908330056818692	
1387757334886330378	
1387764886155976706	
1387776237502967812	
1387798972950093827	
1387749793896747012	
1387844389955948546	
1387825274113384448	
1388187675262341128	
1388198983047262211	
1388168794481348608	
1388142980092121088	
1388087484073058306	
1388111748121743361	
1387964992553631750	
1387961216560214017	
1387953868542255108	
1387995647635296256	
1388074658247974913	
1388040475693694976	
1388034141963407360	
1388127274562621440	
1387926692359020544	
1388100170634731520	
1388248064020856833	
1388259901898645506	
1388274242115018756	
1388221901647011841	
1388561387094429708	
1388501234013949958	
1388535201593167875	
1388587803609546752	
1388595342506090503	
1388372633985634304	
1388330597697966081	
1388282290640465924	
1388614265716846596	
1388483839685799944	
1388478390827683840	
1388463286249721858	
1388448183672520705	
1388493502699409415	
1388810547399962625	
1388840780828192775	
1388855878464442373	
1388825658617368576	
1388787883738271745	
1388674654253068290	
1388659563755343879	
1388712366557249541	
1388735036518715392	
1389210681275260936	
1389335484573356037	
1389348378182660100	
1389355479936143370	
1389191790973132803	
1389189978878619649	
1389186223927971842	
1389169374477668360	
1389152259758514180	
1389125095852056577	
1389288678384709633	
1389259743479336963	
1389250164636983300	
1389145227110268929	
1389242619822288898	
1389082358507208708	
1389067228654538752	
1389037057096495106	
1389021946298437636	
1389248450085142528	
1389532024277508097	
1389535305145929728	
1389537035417919491	
1389580598067539969	
1389701000064389121	
1389688694127407110	
1389653564344127493	
1389675225432866820	
1389656637980479497	
1389546632967041027	
1389452510709043200	
1389444951214264322	
1389437401878175745	
1389429868534800384	
1389414755165736960	
1389384552678887424	
1389501068099440640	
1389614594914754560	
1390026073451155457	
1389976969220169731	
1390010944487571457	
1390035294821441545	
1390061396516294662	
1389961861014200321	
1389875295457533953	
1389894148828897280	
1389905246990782466	
1389909559536390156	
1389914522782162944	
1389933407615037442	
1389856807930273798	
1389764194422169601	
1389796055743705093	
1389810313869074437	
1390173495980658688	
1390192377197891584	
1390197658891993090	
1390204955810836481	
1390172747708485635	
1390222576782389249	
1390263860398116865	
1390168194275545091	
1390146827505176577	
1390231274204323845	
1390165432347336707	
1390282716906729479	
1390280685437571073	
1390316714315890688	
1390326404772945924	
1390286509941706754	
1390294044266438656	
1390295784957136896	
1390425901024874509	
1390407542006747141	
1390384814700863488	
1390393496612311044	
1390610876173111296	
1390583208983543812	
1390588182312411136	
1390607163630948354	
1390607328655912960	
1390592753634058242	
1390564585271435266	
1390560586984005632	
1390622461239209985	
1390456610468896770	
1390716844072439809	
1390798996583723017	
1390780121544593409	
1390614931595304962	
1390635523639635971	
1390667778059812864	
1390481557027233793	
1390471938900955143	
1390464320492998660	
1391007993731420163	
1391014541455151107	
1390879414095917059	
1390856915278827522	
1390859718319616004	
1391034174807715842	
1390992636232744962	
1391113214587457536	
1391124760843673601	
1391166133189939202	
1391169812261388300	
1391045278967402497	
1391116717158457344	
1390894513602895874	
1391090529195134976	
1391528944046850050	
1391279037071466496	
1391264427887009794	
1391419481440886788	
1391407691789123586	
1391698546500542464	
1391619025789198339	
1391603945676607489	
1391815387902353409	
1391777072146702336	
1391834948487852039	
1391763481565802502	
1391840610953441280	
1391743604234854402	
1391868349257236482	
1391747618863190017	
1391875972509614083	
1392238364007481356	
1392260996232790022	
1392223048607182849	
1391921277754122241	
1392158868315250688	
1391970344588677120	
1392087122992058370	
1391996755038937088	
1392052898180313092	
1392056913844637697	
1392065706779455491	
1392151288390070275	
1392147560832376833	
1392111499116564480	
1392136263243685888	
1391917251008372742	
1391936370617327621	
1391953171187212289	
1392096427199827971	
1391957749735559168	
1392107869441564674	
1392578112626597889	
1392547665733357571	
1392439440145096705	
1392502391761776644	
1392528808784416774	
1392550165148483587	
1392562807976116224	
1392568033378504704	
1392464638676242440	
1392344069905526784	
1392759521194516482	
1392907411997044738	
1392700405143019520	
1392688189916254210	
1392666256097087490	
1392836290631045122	
1392887410162388998	
1392906247985377286	
1392840072777588738	
1392938870480777219	
1392860982083530755	
1392853424023216139	
1392697753340362752	
1392934702957436928	
1392691345987342338	
1392987203278680066	
1392987675133714437	
1392925394551050244	
1393317959129518085	
1393333073790570497	
1392993319551225862	
1393343955924885508	
1393212266942697479	
1393287556545064961	
1393279990272245768	
1393272468165570564	
1393277710986842112	
1393072581935173639	
1393068831292133381	
1393018386800648193	
1393008420672974855	
1393038393337126912	
1393045883852365826	
1393336848349532164	
1393048598829486082	
1393051287265153024	
1393131221325078529	
1393080131678212097	
1393359588347551749	
1393363413196328963	
1393369980318724100	
1393376344550088704	
1393461665337839619	
1393627512450830341	
1393631033946427393	
1393642368801419268	
1393581988049825794	
1393506487096467456	
1393529114166956033	
1393543698064060420	
1393559570329526281	
1393380814906347529	
1393567886724247552	
1393562233276444672	
1393683619990974466	
1393721666736476164	
1393778277622370315	
1393868850723184643	
1393824046089912320	
1393785550356762626	
1393899082436030467	
1393908105457582080	
1394140663915089920	
1394192561242259457	
1394409482340474882	
1394392585905577990	
1394355818540240899	
1394344516707102721	
1394348270227427332	
1394306758995288065	
1394199028892590084	
1394213127068266499	
1394270743391870976	
1394259572609753095	
1394231243865305090	
1394333174512111616	
1394208843693953025	
1394721473684721664	
1394771177411944452	
1394767533559975937	
1394771797082578944	
1394785134264598530	
1394486215185997825	
1394479610683928576	
1394518374995083268	
1394514617079111680	
1394612508376371205	
1394578534912466946	
1394573573432414208	
1394707116787654662	
1394657796570943488	
1394555881627561988	
1394505292721934336	
1394601199597461509	
1394543717348958209	
1395054196131520515	
1395111048450019330	
1395131472386924557	
1395080608011931654	
1394846779376549889	
1394945686286831622	
1394908452959444995	
1394873215030267904	
1394968345598959616	
1395027738218598401	
1395025716798967812	
1395018166686863362	
1395005088700133379	
1394997530711281665	
1394895870328557571	
1395465629294080000	
1395178983294214151	
1395175699850448896	
1395363697686630403	
1395386341328834570	
1395365455271976968	
1395391880511332353	
1395424098893893634	
1395258249847390208	
1395313629952675844	
1395280908543045634	
1395456783544725505	
1395501448805425153	
1395522505092239362	
1395699674892406784	
1395697656245235719	
1395779182827872258	
1395869785553088512	
1395854685316304898	
1395537595950587905	
1395722316475248640	
1395533815775432709	
1396107596843601923	
1396156439715004420	
1396186624808079369	
1396152641709920256	
1396039655263453186	
1396032101959487490	
1395905471396130817	
1395902957661655041	
1395900141010313216	
1396016991849390085	
1395911058884284422	
1396211039352410112	
1396603041881669635	
1396258347633020929	
1396307656101539840	
1396277218683260929	
1396348940795224065	
1396777757128937472	
1396946755711819778	
1396973071408500741	
1396942134406680579	
1396873719675506688	
1396888782939561987	
1396922682868895745	
1396813292476243968	
1396828390074814469	
1396933842406187013	
1397306943908323336	
1397335273864896512	
1397336221161074689	
1397173622834409477	
1397183181502271499	
1397205854613614603	
1397194518542307339	
1397160563667505152	
1397162304240766979	
1397300652712288259	
1397109448070602753	
1397125555833692163	
1397070196213493760	
1397096710288064515	
1397039998931714056	
1397017095175610371	
1397267909366337537	
1397130365983248387	
1397066429606899715	
1397572004379779075	
1397487447651536898	
1397564706802606087	
1397560695537995778	
1397553133497237506	
1397511599041220615	
1397505958478233603	
1397636426783731713	
1397640200885571589	
1397664345027403780	
1397403783450202121	
1397381217205501955	
1397477885783511040	
1397855136245026816	
1397896632176369664	
1397773720987578369	
1397760466307407874	
1398048105640103942	
1398054691695640577	
1397960909595807744	
1397975950650978306	
1397735252878147586	
1398017355326935042	
1398251500653187073	
1398262814943461377	
1398385916570476550	
1398349621408288769	
1398372710720454657	
1398368636180611075	
1398125905667559425	
1398138480321044481	
1398199875003682821	
1398114817483886597	
1398066762214674437	
1398096568956370944	
1398481989490155520	
1398500336655085570	
1398433701768404993	
1398618142751047682	
1398674259002675202	
1398648091771867145	
1398764845177229313	
1398627899998191626	
1398753788308209667	
1398828780781817859	
1398821500577366017	
1398972537053253632	
1399314812782485506	
1399421697879547909	
1399398744488022023	
1399359284509560837	
1399497433734909957	
1399493653769474052	
1399772760818192388	
1399870851995123718	
1399768975995805696	
1399644410338492417	
1399610680823758851	
1399603134243164162	
1399753869773713408	
1399719959048212480	
1399678637830508544	
1399712361242677249	
1399765195342372868	
1400154508689346560	
1400148019392176129	
1400135135513788417	
1400131377614491653	
1399894558398373896	
1399901351023419392	
1399903357498793991	
1399887543181758467	
1400002516381847552	
1399950418575298563	
1400091603289714688	
1400073045377748997	
1400057618094231552	
1400055865181356052	
1400050085912891398	
1400237564326469636	
1400204261263241216	
1400203963291549696	
1400561956734619650	
1400459804099837961	
1400264987042631680	
1400354330461589504	
1400246617576558599	
1400244102818680833	
1400369435710410755	
1400397104867127300	
1400381498889486343	
1400331696344535040	
1400482448241221633	
1400539066408570880	
1400568059623059464	
1400523967295799303	
1400471126883672068	
1400478659518029831	
1400612056227848196	
1400607561531985928	
1400865439895465986	
1400666700048130050	
1400818406039904261	
1400837200326037506	
1400707813937225728	
1400778617693605893	
1400765533419720704	
1400852013945065475	
1400916544247549958	
1401056477008338944	
1401101760190717953	
1400979268910338051	
1400986494769274885	
1401256276571590657	
1401176499873619975	
1401221756925403137	
1401174649946378247	
1401347135518433286	
1401464140816867330	
1401548934875541510	
1401554553569431556	
1401418862332153859	
1401781238764032004	
1401882917421432837	
1401816289321132032	
1401860765276123137	
1401864018059575303	
1402166267654688769	
1402369901411569672	
1402377688569028609	
1402400313223614469	
1402275503847915529	
1402556088436805632	
1402686987061108736	
1402621778002956291	
1402430170217291777	
1402480602474033153	
1402690734575210497	
1402653025173393408	
1402645940578754565	
1402717212520108039	
1402698527784976392	
1402636635506941955	
1403106919519293446	
1403041852551479303	
1403022934369767425	
1403019173886939139	
1402978875374714882	
1402973557488066564	
1403057134498193409	
1402817954224431104	
1402804442441949187	
1402921012044484609	
1402871591084740610	
1402928570142441472	
1402859596495077381	
1403235581170159616	
1403173134937858048	
1403220803206930435	
1403211651457990657	
1403362666442285058	
1403396656339562499	
1403381597240446978	
1403475754869051401	
1403222483818450944	
1403547896230952962	
1403709485282168833	
1403691352672686090	
1403834512648425474	
1403823207736610820	
1404053706488823809	
1404069908728762369	
1404406291842355201	
1404393223582330888	
1404502682837073920	
1404536899432239104	
1404576600746860549	
1404580320117145605	
1404413835935727623	
1404383938877997059	
1404455429829181452	
1404573651282894851	
1404768672573440003	
1404936834635997184	
1404672164851339265	
1404593649871167488	
1404611132212514823	
1404621496945889283	
1404625315205427201	
1404800884488421382	
1404766897124655108	
1404782020174266369	
1404789565387382785	
1404797114165694474	
1404849949104390154	
1404857516702437378	
1404876468409323523	
1404808453990797329	
1404982156296925185	
1404998220380581891	
1405035173436178437	
1405086446181093377	
1405112953381269504	
1405155722397106180	
1405159523485110272	
1405117990861946883	
1405326937111896064	
1405374917881647105	
1405608724610363396	
1405559640973361153	
1405538734922080270	
1405533219445825549	
1405597374295195653	
1405589836694761472	
1405426997875052544	
1405469786897883141	
1406009097758167041	
1405987755826495498	
1405973441568780288	
1405805007732150275	
1405832699051380737	
1405713647175974914	
1405763731158564874	
1405756089946185728	
1406026247843586053	
1405925816328990721	
1405922025881931776	
1405906918137380868	
1405927560102526976	
1406216704246624258	
1406344799955869702	
1406291951742337026	
1406252800972136448	
1406254228297945096	
1406119030415577090	
1406346311448858630	
1406442952344363008	
1406431657226289162	
1406582674051960837	
1406405208066899971	
1406904731839209476	
1406790254179258369	
1406794059558031362	
1407025558551150601	
1406926390868463616	
1407039401780297733	
1406954797203439623	
1406960115446599683	
1406918581888204803	
1406961879990386692	
1407485991615713282	
1407447316550799361	
1407413347289636871	
1407307404845453319	
1407318738098139140	
1407341371804033025	
1407417121349550085	
1407477090832760839	
1407271917673910280	
1407133839936339971	
1407497137622036484	
1407488848880451593	
1407567565975601152	
1407752845206724609	
1407760423055724549	
1407637561812656135	
1407697976462659589	
1407700075103637511	
1407703775205380101	
1407817821699051532	
1407690423699652608	
1407834358879297536	
1407617570858049542	
1407897774402818050	
1408182061131780100	
1408064282974064665	
1407955404789796865	
1407935790601183232	
1407929176729034753	
1408085047673036817	
1408054836000604163	
1408049031356588035	
1408198249308209161	
1408286668973608960	
1408238614459437061	
1408469638900502532	
1408557313535922178	
1408349256294014979	
1408394624524296194	
1408526045310074889	
1408837744076464129	
1408696559945097223	
1408896625196601349	
1408591108184100865	
1409149604667478018	
1409058967020617728	
1408968369198481408	
1409330981903945734	
1409557286343872512	
1409448243331796992	
1409496836117774338	
1409493059952386055	
1409464125948936196	
1409587510393511948	
1409651608309309441	
1409572406352621572	
1409568548381396995	
1409610101464481792	
1409889457650769924	
1409919673865486349	
1409949846535016448	
1409962433217712128	
1409966395429883908	
1409885647142363146	
1409870552270098437	
1409775924502044672	
1409864778592534541	
1409727347146858496	
1409711996610650126	
1409997993961459719	
1410014785647919108	
1410191423454973955	
1410196441897869315	
1410217829878599687	
1410214065234907137	
1410381583312429056	
1410251825735995392	
1410236736706392074	
1410146117329772548	
1410107350434844678	
1410121409842536451	
1410025344468500481	
1410729046707638272	
1410600851396202511	
1410568916179603457	
1410466950040408065	
1410417042365333511	
1410901078741225472	
1410837401203785728	
1410820573559726087	
1410896288644841475	
1410847345093251073	
1410843493493321730	
1410987907750498306	
1410969030236725253	
1411086185972310019	
1411079392395210759	
1411293714614571010	
1411116239955673090	
1411142696266240005	
1411155121707302914	
1411180412102189058	
1411361626943635461	
1411294406565675008	
1411339004008620035	
1411322818898411527	
1411305064908701701	
1411312935033581570	
1411191741588324352	
1411810837355024384	
1411678719748493313	
1411701432215117828	
1411746735110623232	
1411656799401480194	
1412073056181403650	
1412071286197608448	
1412197305353228288	
1412131949779488769	
1412016434264350723	
1412013414243831811	
1412011394514534401	
1412003350938259459	
1411993270721384451	
1412238866317299712	
1412345860411772930	
1412360945591017473	
1412308601629249536	
1412433681227161609	
1412524519881908230	
1412528646758219784	
1412535804497334282	
1412533317573005313	
1412278483879858179	
1412537111421521929	
1412874911215931393	
1412831812846501890	
1412877641007443969	
1412923166280851457	
1412814934300319746	
1412754554706333697	
1412649989361262592	
1412630657994477571	
1412625593330372617	
1412615129938661376	
1412655621757968384	
1412713272034344960	
1412676527699988480	
1413080431780667394	
1413071883315073027	
1413037408136962049	
1413068115257212928	
1412985983239430144	
1412971711658696711	
1412974775958491143	
1413105647483293704	
1413219106422235149	
1413199983134842885	
1413188687291162627	
1413267940649185282	
1413120876053159937	
1413173557090209796	
1413129995489218578	
1413128265020104705	
1412952457928450048	
1413394246502125569	
1413357432429072389	
1413326208532680704	
1413335232590274560	
1413486882609143811	
1413317068498292737	
1413310312145723393	
1413311908208418817	
1413517084332527623	
1413543516135989253	
1413475561360527361	
1413581508573634562	
1413590429182926849	
1413412623379542017	
1413322663502794752	
1413717389343174657	
1413727502149767170	
1413742542022221824	
1413940104100515840	
1413841449498591237	
1413951229122723847	
1413943653781934080	
1413870647843987461	
1413898371803254785	
1413902265841188864	
1413895759477477378	
1414317346383142912	
1414260736847761412	
1414049572029087744	
1414177696440008706	
1414306027605012481	
1414669479519215618	
1414645779822780423	
1414664496363212801	
1414668546513195012	
1414733929022640129	
1414396621295689732	
1414577817174556677	
1414581572183994373	
1414543837528264706	
1414945709502078976	
1415098478284447747	
1414957034349473797	
1414974155070615554	
1414990510805168135	
1415061253689679875	
1414909999780962306	
1414788812123815946	
1414830045013725188	
1414801679665573888	
1414808428061548544	
1415130960241303557	
1415140435077513221	
1415107805892186112	
1415166034588352512	
1415171157934944261	
1415384997385719811	
1415344110425214986	
1415298814769045508	
1415306376935522307	
1415291264191369218	
1415276168597676036	
1415404482561728515	
1415442677487874048	
1415421559032930305	
1415453819606118405	
1415484038798888962	
1415473705803780098	
1415509256091090944	
1415505416528740357	
1415503140858834953	
1415489310619574276	
1415540639132004355	
1415637000582049793	
1415634825877274625	
1415740482437750788	
1415721594949935109	
1415752036369448965	
1415665003894616066	
1415676309884129287	
