1234382102650597376	
1234573857752862723	
1234310465502707713	
1234581767492964353	
1234514705433137157	
1234523865117626368	
1234523906461110273	
1234526392999653376	
1234528919220629512	
1234595451292307456	
1234600656876572674	
1234608293731065860	
1234625291814830080	
1234616122487574529	
1234622042156290049	
1234505797566156801	
1234508752839200768	
1234579653651767296	
1234576996992155648	
1234274749926322177	
1234308209894182915	
1234306210729467911	
1234305702065311744	
1234300409155637253	
1234297430100922369	
1234286083246100481	
1234312531281358849	
1234315251178442755	
1234379437401092096	
1234375654969397248	
1234371927558574084	
1234355008042389504	
1234331372875108353	
1234329107191693312	
1234318281638584320	
1234384212393938944	
1234388607097606145	
1234270985731411969	
1234954222623428608	
1234989476851511296	
1234897612714713094	
1234980650823741440	
1234989452709072896	
1234908922072440832	
1234911438050865159	
1234900098632601602	
1234985674689826816	
1234966795196534786	
1234983173341057025	
1234981903708540929	
1234978665672265730	
1234976908397314048	
1234961775763869699	
1234913958328520707	
1234892552316358662	
1234984412468539392	
1234916476659937281	
1234924018794405890	
1234642917911859205	
1234810063912493056	
1234631271462162432	
1234661768221224961	
1234668269933457413	
1234691730714349569	
1234690425295863808	
1234919183189790720	
1234688458393825282	
1234685703151161344	
1234685110508826625	
1234676492606402562	
1234671086224019456	
1234668668186836992	
1234684770174537728	
1234773752157790208	
1234775335297781760	
1234687420345528320	
1234808783601389568	
1234797034814812160	
1234644686654124033	
1234794966553104384	
1234793364979146753	
1234791754794250240	
1234790143988555776	
1234788541831483392	
1234786573390172160	
1234784989335695361	
1234783361018798081	
1234820905219624960	
1234868664458936330	
1234860402778963973	
1234858598477520899	
1234853549131128833	
1234843993260855296	
1234827712721715200	
1234827364007399425	
1234856120239501315	
1234801581339684864	
1234660065283457024	
1234971834786828288	
1234693344095240192	
1234693181557571584	
1234710604327374848	
1234709353095139328	
1234705795499134977	
1234703784837877760	
1234702445026185216	
1234701346533773312	
1234697362699935744	
1234712866311331840	
1234695261106188288	
1234762766495428609	
1234743821218516993	
1234742559995580416	
1234739543871565824	
1234734507867152389	
1234732521511903233	
1234730025296986113	
1234727971862306817	
1234727600465022977	
1234720381497462786	
1234699327337123841	
1235049292244512769	
1235027203785539584	
1235063687259385856	
1235067717582876672	
1235351446809456640	
1235021600367366144	
1235353100661256195	
1235025067521617923	
1235334277946056706	
1235346973005406208	
1235334522536853509	
1235334997734719488	
1235350679805399044	
1235351115513901057	
1235147616494772224	
1235144207251144707	
1235078987480588288	
1235192043175112706	
1235089869099208704	
1235098023161745410	
1235156467495374849	
1235149729027289089	
1235151409018023936	
1235159879255552007	
1235165636764061697	
1235167011984093185	
1235168415071047685	
1235097090079862784	
1235180750166724609	
1235085323274612738	
1235073618809249792	
1235140193407111168	
1235134919082414080	
1235113011926327296	
1235111761763635201	
1235105473130463234	
1235161166319673345	
1235093644064907264	
1235324246202736645	
1235324172517208064	
1235297594089312259	
1235300214870855682	
1235294014066364424	
1235306530003701760	
1235311586396573696	
1235228568541687813	
1235316640826482694	
1235004549179592707	
1235003297121153025	
1235002042541920258	
1234997889870336000	
1234997016129761280	
1235233692727021569	
1235309092287188996	
1235232217363816449	
1235327434960121858	
1235333180187717641	
1235281379849637889	
1235278921446363138	
1235276766501101572	
1235273817045393408	
1235266287263248386	
1235261242442424320	
1235283888513089543	
1235258737235025920	
1235218470406680577	
1235500365606522880	
1235520494335475715	
1235518760339099653	
1235515399665405952	
1235507075570184193	
1235513717493829633	
1235503693254078469	
1235523920456974336	
1235514642694320129	
1235525215859478529	
1235385799295864833	
1235577574283149312	
1235403641542057985	
1235365689373884416	
1235366823480131584	
1235366939893157889	
1235382220774391808	
1235371553296179200	
1235386457918967809	
1235498306098393088	
1235491801944846336	
1235496650828730368	
1235413007087304704	
1235530515257741314	
1235449739971145738	
1235411548840980480	
1235430109059964928	
1235437647289626625	
1235441430904164352	
1235442183848812545	
1235487591564181504	
1235408288038219777	
1235528258197655552	
1235493393448361986	
1235539393374572552	
1235540671492239360	
1235544964014190593	
1235535559243661312	
1235553172363644932	
1235565749810364416	
1235568525470646272	
1235571867483766785	
1235574839114686464	
1235538072130842624	
1235656398006095878	
1235584428883181568	
1235613565098262535	
1235611097174020100	
1235595953727574017	
1235632306813120513	
1235649332495319040	
1235637402301067264	
1235636460017061888	
1235645022273523712	
1235646285182644224	
1235645325056053249	
1235486288993832960	
1235608903024611334	
1235666677192437762	
1235676474163658752	
1235387706265473024	
1235398631374508033	
1235399690318905344	
1235389854722252800	
1235585886236160000	
1235716311688208384	
1235713224487518208	
1235705417629609984	
1235701665321410561	
1235697761258860544	
1235693804897947648	
1235483369116401664	
1235526511664533504	
1235476912274837505	
1235453258493087744	
1235455259625115648	
1235458538593497090	
1235460288897593344	
1235462064036069376	
1235464071840964610	
1235452752580489216	
1235473586749464578	
1235465584541749248	
1235480131516477440	
1236036690864730121	
1236045106735611904	
1236049200074326024	
1236049793354432513	
1236054125487558658	
1236064295894634499	
1236068605256765447	
1236058023388475392	
1235911727692296204	
1235747798764552192	
1235747815713689600	
1235748060719915009	
1235748314445795330	
1235748631426277378	
1235754525417295872	
1235762048929271809	
1235831511842095105	
1235766070935502848	
1236003641338875908	
1236013698898112512	
1236023780553764864	
1236026300390916097	
1236031318720499712	
1236001123733057536	
1235941582043521025	
1235953568760414208	
1235929244078936065	
1236034482207109121	
1235959335718707200	
1235924096149606400	
1235968744406597632	
1236036347242188808	
1236038887866327041	
1235921077810888704	
1235931923467378688	
1235769190394613762	
1235943272780050437	
1235779243063283714	
1235797015902253057	
1235798793024614401	
1235805828755730432	
1235824203984584706	
1235787048222699521	
1235778739084161030	
1235794899179638784	
1235792489451266048	
1236075854335180800	
1235903193269272576	
1235791724255088640	
1235721786945396737	
1235723612469915648	
1235716801994076160	
1235731143900778496	
1235735114765799424	
1235735998279098370	
1235736254953574400	
1235737306817941505	
1235724778260041729	
1235915577627160577	
1235787227436904448	
1235841070568583168	
1235845835142774785	
1235863400745332742	
1235869249186365440	
1235879067796287488	
1235739874067648512	
1235838789185966080	
1236286992062840832	
1236086927876595718	
1236079173111775233	
1236283230862663681	
1236085788238102529	
1236230382321876992	
1236088513847848960	
1236260575166021632	
1236264356758917125	
1236136636402012160	
1236165506589233158	
1236245481749196800	
1236167751061958657	
1236190490560786433	
1236172042174697472	
1236183585817792512	
1236181305869598720	
1236178571321843713	
1236174180388950020	
1236137979971809281	
1236152310084100096	
1236090882555875329	
1236131907013931008	
1236129141252120576	
1236126392229781504	
1236124301025304577	
1236123923521114114	
1236138271022989312	
1236114025752256512	
1236111129421770754	
1236109590229585920	
1236104542196023296	
1236098905135341569	
1236112674716635138	
1236217389198569472	
1236112007151132673	
1236332016284635138	
1236364251633197056	
1236362005776392195	
1236353687590756353	
1236346893216735233	
1236345419413753856	
1236323485351321600	
1236344119439626240	
1236341052497367045	
1236359220636848131	
1236407279282462722	
1236404533036814337	
1236398999822794754	
1236386667528966144	
1236341350687219712	
1236368794131533826	
1236316687173136385	
1236422385961783297	
1236416848318660609	
1236426410090270720	
1236291024244346881	
1236296139684577280	
1236694440464564225	
1236675591442751489	
1236683168343830536	
1236690680522645506	
1236698219175915520	
1236713321107279875	
1236717102196809728	
1236521047568134144	
1236724632083972096	
1236551240340865025	
1236445286068822021	
1236448818713038850	
1236456626175049728	
1236467950019895296	
1236479520389152768	
1236490590637916160	
1236494374768447488	
1236514675896041473	
1236517270714830849	
1236528584103165952	
1236441528656068608	
1236619181984043008	
1236653179162460160	
1236630516666949633	
1236656955638366209	
1236607864313184262	
1236592767280832512	
1236588984568078337	
1236653666838499329	
1236659826308132866	
1236705767534792704	
1236747289491910659	
1236733911352381451	
1236720857722097665	
1236762390336647168	
1236819042339631104	
1237078206341165056	
1236875237519765511	
1236883948946558976	
1236887709609836544	
1236889162781020160	
1236892218239188992	
1236893573548847104	
1236862039072571394	
1236912127119687680	
1236910743100051456	
1236909347554447360	
1236908033466339330	
1236906672511123456	
1236900285433421824	
1236896380125433857	
1236856759110832128	
1236943835487494144	
1236937288757719040	
1236928740967448576	
1236918355170414594	
1236834115711877120	
1236837873028136960	
1236868583591940096	
1236865805259886600	
1236864318223847426	
1237068179698003968	
1237088273308225538	
1237090009934675969	
1237090808836341761	
1237093316858183682	
1237095830773006340	
1237098552125542400	
1237100865774911494	
1237102141313073159	
1236996439768813569	
1236992669009743872	
1236846988202774528	
1236973780414672896	
1237083264508219404	
1237080722378231808	
1237075730682478593	
1237020339252723712	
1237017821416165376	
1237013005138898949	
1236960834338861058	
1237035436327022593	
1237050547024379905	
1237065620052750338	
1236966233922207749	
1237104648160456705	
1237150088423710726	
1237149030091816960	
1237144236451074050	
1237108569352409088	
1237111194332397568	
1237112423695495169	
1237126043259080704	
1237128550353973248	
1237131064482639872	
1237136117079715840	
1237139643772145664	
1237140838981001217	
1237122963578720258	
1237108408890920960	
1237158307384758273	
1237161104150839297	
1237152007930216448	
1237156667617349634	
1237227854737346561	
1237264689979162625	
1237262430000091136	
1237259427171962882	
1237257138348711936	
1237234502826672128	
1237249599032766464	
1237242040037060608	
1237265705847918592	
1237181363083763712	
1237255214899646464	
1237268466199035904	
1237220120956669953	
1237272491938242560	
1237226947362656258	
1237208077021126656	
1237208310111232001	
1237209275442790403	
1237210272915509249	
1237211842600144896	
1237213529129783296	
1237215464893353985	
1237218899961294849	
1237222761891799042	
1237179437818527744	
1237224086901751808	
1237269729322110976	
1237179070661758976	
1237169544386486272	
1237225167862091776	
1237511431098171397	
1237516338429648897	
1237518726930427906	
1237522113348567042	
1237526646028038144	
1237177043453960192	
1237527986217168896	
1237524358240694274	
1237189135816970240	
1237190183377928192	
1237195019636834305	
1237196736105496576	
1237200734002851840	
1237203086587891712	
1237197536806481920	
1237188859236155398	
1237181729724661761	
1237277531511848960	
1237455707559124996	
1237450659441577984	
1237296659203264513	
1237297656092921857	
1237300182099820544	
1237336428973117446	
1237340683528175624	
1237343738147594240	
1237332642091106304	
1237358806063091718	
1237328909856919552	
1237304948225904646	
1237309600103309314	
1237311227233275905	
1237312859912142848	
1237314480633249793	
1237316089903747072	
1237319032161873920	
1237322446279184384	
1237323716176084993	
1237317754073513984	
1237420477959802882	
1237282323495673856	
1237375463292653568	
1237377700643430401	
1237378979138592768	
1237383570920017920	
1237373924058583040	
1237389008071733248	
1237396576663994368	
1237402505623076864	
1237407919068647426	
1237369278279626753	
1237370140360093697	
1237366363490004992	
1237364153829994496	
1237360330986192896	
1237289605394845696	
1237287335282323458	
1237284818884399104	
1237280054998192128	
1237405374770282499	
1237470812963209221	
1237480859944566785	
1237465764468228096	
1237485896032804864	
1237490682010402816	
1237493453950509057	
1237495961573785605	
1237498749959667714	
1237501257641844737	
1237487251430486021	
1237463251945955330	
1237423001680908289	
1237425495475707906	
1237428035013525508	
1237443132133904386	
1237445652449280003	
1237458216809873409	
1237808033230700545	
1237810531911831552	
1237813066450034688	
1237843398213558279	
1237823145681321986	
1237833184642990080	
1237837342532145154	
1237866684079202304	
1237818099459674112	
1237830490901680129	
1237888665474306051	
1237887494923808768	
1237885673861836803	
1237878986522288128	
1237877303109025795	
1237876926523432960	
1237852164313079808	
1237871505024794629	
1237871863155621888	
1237854672020357120	
1237861493523099649	
1237866194264186883	
1237864758763614209	
1237864340197216258	
1237863493509906432	
1237860085608501251	
1237795443670728704	
1237562895468130305	
1237687725123403782	
1237563005736382465	
1237554105293271040	
1237545520257630208	
1237544935907196938	
1237536145744875520	
1237570452400136193	
1237598780548984832	
1237591723309592576	
1237588730514300928	
1237582271873335297	
1237532658646700033	
1237597118761586688	
1237709899464925186	
1237721204565385216	
1237724992751783937	
1237684203925504001	
1237682457568313351	
1237678671604916224	
1237672161990541312	
1237664333481619457	
1237659354561761280	
1237654764760039425	
1237653004226084864	
1237628341492101121	
1237626068875587584	
1237694803422347264	
1237623297631817728	
1237797968704651265	
1237713668495810560	
1237782850809847811	
1237781108173012992	
1237779078738063364	
1237770317881397249	
1237755218600886275	
1237747624532488192	
1237743849730179074	
1237728760427937792	
1237621038650994688	
1237541740795457536	
1237604437213863937	
1238205123115077638	
1238204038556106763	
1238200278396125194	
1238194446690369548	
1238229395803955202	
1238252898921984000	
1238206197897052166	
1238252588006506497	
1238250919524958209	
1238249538323963904	
1238247667718914051	
1238246976417923075	
1238243740936032256	
1238233514534932481	
1238208186521354240	
1238221068013371393	
1238224738385833988	
1238223324280492036	
1238221885822959624	
1238240141510090761	
1238238657011744770	
1237993951937925120	
1237986945424334848	
1237952937894318080	
1237952260220608513	
1237948114318786560	
1237940685967446016	
1237979651512963072	
1237898949115035650	
1237901395535241216	
1237905914558103552	
1237912747108696066	
1237915387070742530	
1237916146881495042	
1237921152720408578	
1237924751286435841	
1237983682436182016	
1237953210972803072	
1237954217660182528	
1237964565159260160	
1237893278034358272	
1237893943561539584	
1237894582529978368	
1237928257984630784	
1237974379310583810	
1237972091749765125	
1237966830267965441	
1237957264981536768	
1237914445881446400	
1238193108585766913	
1238091143944044550	
1238135187302756353	
1238130148345511937	
1238122606131363842	
1238117582303113218	
1238115059110424578	
1238110047428915202	
1238104980625797120	
1238103340489281538	
1238127631545044992	
1238140226964504582	
1238142723514937344	
1238185957402255361	
1238038261697781760	
1238018419053780992	
1238009849029459968	
1238007601046130688	
1237999041084088322	
1238076020466556932	
1238039968485969920	
1238068487869906947	
1238189538230616069	
1238191691577917441	
1238145243415031808	
1238062518125441030	
1238043062523363329	
1238046014721929216	
1238183840851599360	
1238044355924983809	
1238181628033277952	
1238178004511096844	
1238174061626351616	
1238170418974011392	
1238150276877553664	
1238162926541910016	
1238192360770674691	
1238157836502347777	
1238157836229763074	
1238155314005975041	
1238152803958300672	
1238159090142056450	
1238094948592992258	
1237988968056193025	
1238083599280242688	
1238254196731908099	
1238389099217764357	
1238329708695171078	
1238407026650292230	
1238533051057082369	
1238533050335723526	
1238531839012343808	
1238530529345052675	
1238515429603184641	
1238510405275791363	
1238444957783994369	
1238438169139384321	
1238364688091660288	
1238364194854010880	
1238360910294646786	
1238353117936324608	
1238345818039615490	
1238342038099279872	
1238338272948113408	
1238336763896238080	
1238411027395510272	
1238413752845979648	
1238416438530105344	
1238417752039329792	
1238419048167346182	
1238420399442010114	
1238401641034002432	
1238423588526489600	
1238426319597297669	
1238429116279422976	
1238434690299723776	
1238392362537234432	
1238442463829917697	
1238327155831996418	
1238424962597355521	
1238535557225070595	
1238541337936486407	
1238554045637373958	
1238593056242352128	
1238591741705498624	
1238589846094036992	
1238585845524975617	
1238580064205275138	
1238578349242540033	
1238576523499786243	
1238595455199719426	
1238566461817401345	
1238486988900241410	
1238598064534929408	
1238605119622651906	
1238543677296951297	
1238573684274626562	
1238605136571875329	
1238606883251990530	
1238608565264416771	
1238609102235930626	
1238615695866372097	
1238600684787900416	
1238316655601737731	
1238285644176203776	
1238291293224275969	
1238313756599488513	
1238312866765291520	
1238311284237615104	
1238310802018512896	
1238306933100228611	
1238306085049700352	
1238306079588651008	
1238303313172594690	
1238303062000832513	
1238302287094833153	
1238300281965854721	
1238299018280742912	
1238294980214611969	
1238294085859004417	
1238291940069847040	
1238315751926349824	
1238565829509296129	
1238508389094883330	
1238446223058776065	
1238446971175743488	
1238448485130797056	
1238314749579988992	
1238452025957986306	
1238460356210679808	
1238475920039690240	
1238492037151895553	
1238500838118690817	
1238503858759966720	
1238288322625241094	
1238454529521221632	
1238283683892781056	
1238457562753896448	
1238257348491317248	
1238256884769046528	
1238261049347825665	
1238257488631410698	
1238259609154007040	
1238258200727740416	
1238261485283020801	
1238258872944599040	
1238263369573990402	
1238263790631878658	
1238269715413454849	
1238270382169300992	
1238270644925628416	
1238276353184669700	
1238278901538922498	
1238314452761677824	
1238267465546825728	
1238315529011695618	
1238713492577927170	
1238718028566671360	
1238857454068404225	
1238635627886903298	
1238649247949565952	
1238650899700088832	
1238633478230609921	
1238645296361541632	
1238767087184732162	
1238781981569306626	
1238797299087822854	
1238801225832857601	
1238804834452746246	
1238808372650086401	
1238814657944653824	
1238816176979021824	
1238818222419456001	
1238785952446889985	
1238710485484273667	
1238680272943681536	
1238663883939815424	
1238672718687600643	
1238663306388398081	
1238655705256689664	
1238661105767067648	
1238752007277731840	
1238631201121939458	
1238630974512074755	
1238617585484271623	
1238618620240048128	
1238624532719636481	
1238625160581779456	
1238625850574147585	
1238623647960649728	
1238736890599297024	
1238662239600758784	
1238725576258715648	
1238928910441734144	
1238923379693977600	
1238917838930403328	
1238916569675202562	
1238913794446970884	
1238932998285930499	
1238905497211805697	
1238902750668378112	
1238901471183282176	
1238898722412642305	
1238895944915210242	
1238725576262848512	
1238908268610805761	
1238887924625805313	
1238828338300551169	
1238842388833058816	
1238847282394644480	
1238847993194983424	
1238854010976768007	
1238862970878377984	
1238865754033917952	
1238853414559326208	
1238819916905660420	
1238941241703833600	
1238721785631322113	
1238845101390036992	
1238974456133038091	
1238966914547953665	
1238963159702085635	
1238947529095557123	
1238944003065815041	
1238882274747322368	
1238959359109083137	
1238880387536994304	
1238867343071215617	
1238868760989175808	
1238875305059782656	
1239200963476492290	
1239204515695525888	
1239314219167821830	
1239310361653895177	
1239306662328119302	
1239302864759066627	
1239301213193220101	
1239299835884429313	
1239197190775504896	
1239288322197016576	
1239281238512467977	
1239268895539826689	
1239254714094686208	
1239250028792872961	
1239244699078180864	
1239242495692812288	
1239238715022729219	
1239231147797872640	
1239285785670664198	
1239034846950969344	
1239084185928773632	
1239114379389526016	
1239008442867757056	
1239336842333491201	
1239339973679165440	
1239016224950018050	
1238993369457704963	
1238985269413646337	
1238981499812229122	
1239329304829259776	
1239000875743563776	
1239321756848005120	
1239193394771042306	
1239178054200631296	
1239176043661078528	
1239168227596525568	
1239159681999872001	
1239195557937254405	
1239144604949254147	
1239129465957101570	
1239223499698376705	
1239212536882434049	
1239004662960992257	
1239023526822191107	
1239208752982695939	
