1346290380426403841	
1346275497974624257	
1346268199634022407	
1346260166791016448	
1346432011205009410	
1346464019067133954	
1346373392912560130	
1346457706215976972	
1346494189769531394	
1346534458351116289	
1346518096849334275	
1346445146771042312	
1346433915054141441	
1346437575154786306	
1346833150908002306	
1346869160672972803	
1346898538781880323	
1346865390283063302	
1346864129034878978	
1346630101568532481	
1346614672166952967	
1346777297702031360	
1346805233721204738	
1346799961057472512	
1346689184833171456	
1346754655985012737	
1346807509579952129	
1346818829129814021	
1346831416940781571	
1346758463288987648	
1346815053455044609	
1346660290977550337	
1346664065192648704	
1346678827511132161	
1346652762604494848	
1347196318339493888	
1347148642885525506	
1347035266100457472	
1347130510213062656	
1347675719602741248	
1347637978361946113	
1347373473602170881	
1347580092227215365	
1347683261561139202	
1347578826298155008	
1347597733687910408	
1347498299159412738	
1347486984990765056	
1347476898889281536	
1347475664157487104	
1347456773486243840	
1347441175725289472	
1347462989327310849	
1347589653994602499	
1347736361894354944	
1347875804856918021	
1348019236824875010	
1348011717092143107	
1347917338608340995	
1347906504867917829	
1347898697602969600	
1347943982828052489	
1347951284121432067	
1347953998897287168	
1347966422115356674	
1347955053680881664	
1347980225272021009	
1347709944615882753	
1347698385726353408	
1347713468699439105	
1347755007685353473	
1347845619642150913	
1347721263431741445	
1348264338449170432	
1348117380476624897	
1348094231236268038	
1348072103682191360	
1348404280932368384	
1348253296843231235	
1348396718761631748	
1348314174800199681	
1348328811474120705	
1348320971808235520	
1348351436170649600	
1348389231731875840	
1348370541036580866	
1348366561619357704	
1348649407718297605	
1348671022338289669	
1348645863841820681	
1348633277008121857	
1348608617440808965	
1348658454001549313	
1348710539388706816	
1348697282594680836	
1348445799898820608	
1348650904547975168	
1348540178957295617	
1348502426840682498	
1348630822908284929	
1348581691565207552	
1348765733245906945	
1348746775805517825	
1348744276776251396	
1348740484055838721	
1348460885040369669	
1348483811621957633	
1348526062297370624	
1348672318407634944	
1349114316239331329	
1349141908405313538	
1348793890388783104	
1348785388840738817	
1348789386104762371	
1348797565966417927	
1348853018138202117	
1348849076964651008	
1348807181316083715	
1348867573186760705	
1349108981105627136	
1349040978527744005	
1349058976370077696	
1349046013647089665	
1349042230443597826	
1349039666750779396	
1349034750477033472	
1349062363186659329	
1348994443219759104	
1349014654509572099	
1348982171772583936	
1348975240907513857	
1348967871574061056	
1348989372444667905	
1348936540911792129	
1348940319799308288	
1348944355101388800	
1349104431409852418	
1349029651700703232	
1348928975964430336	
1349371137625649153	
1349210770047959041	
1349179539730132992	
1349446140702371840	
1349425910764744704	
1349486616000212993	
1349330872370139137	
1349317792873504769	
1349213149422100480	
1349310249610698752	
1349349005755621378	
1349168184029552640	
1349818569333346304	
1349809783625408514	
1349808551808516099	
1349691513102626817	
1349646220671782912	
1349661298410315777	
1349665079772504064	
1349672697979166721	
1349702839627612160	
1349717927998742530	
1349721709423816704	
1349539414221991937	
1349563564491739139	
1349565893588770817	
1349574736431501319	
1349597380493144066	
1349612472332857345	
1349800987591135240	
1349768279200583681	
1349765735766175748	
1349638648602501123	
1349706609526775809	
1349954717439332353	
1349885324961456133	
1349967317992673280	
1350128138337071115	
1349871489487671298	
1349874868653854724	
1349880166902865920	
1350143246299762688	
1350150799171723267	
1350153285748011008	
1350175154383552515	
1350179776829534209	
1350193130105139204	
1350199455551807491	
1349948436620185600	
1350020413020131328	
1349932281805332486	
1350014629645316096	
1350227874628964358	
1349936928368558081	
1349905557918986251	
1350028464934547456	
1350068991151190017	
1350065240361361408	
1350085349310128134	
1350087907659423744	
1350090376498065412	
1350093397076439043	
1350344816555646977	
1350329708890763264	
1350256928149151752	
1350299498321477636	
1350427854157324290	
1350555949103243269	
1350578595991867394	
1350571060635312134	
1350273002852687877	
1350271479808712704	
1350437924345688065	
1350266997670637572	
1350263217323450368	
1350259304440467457	
1350367444829925376	
1350248322590760960	
1350275964467617793	
1350278916045484034	
1350307068180393986	
1350944513548816385	
1350790249333579779	
1350729834742378496	
1350617948315152384	
1351191396456267776	
1351293524520677383	
1351300149486768132	
1351310324809523200	
1351206485775310849	
1351208999727886339	
1351230395199717376	
1351103556695322625	
1351111107470045184	
1351118412051853312	
1351146972628004870	
1351157186748006400	
1351099859235966977	
1351092000578297857	
1351005474519441408	
1351080398021926914	
1351643580507574272	
1351617960830447617	
1351600351292628997	
1351570137808297987	
1351562579160817665	
1351620900597207040	
1351672339906363395	
1351672313243168773	
1351670529170747393	
1351667860603625478	
1351656876660969472	
1351424170882695168	
1351379137320153096	
1351354130837639171	
1351439278623092738	
1351522333345918982	
1351514795879636992	
1351450341494153217	
1351499703607816197	
1351488345965277185	
1351482144128954369	
1351465701052186624	
1351462170006073347	
1351454374174842881	
1351552522247397377	
1351550005753106433	
1351880944114921474	
1351877941504970752	
1351790335777787905	
1351809220979601410	
1351831909790339073	
1351812721273139201	
1352034652257710081	
1352029075997659141	
1351858277374693377	
1351741543271510020	
1351713741516251138	
1351690250729484294	
1351686967910658050	
1351783748308664320	
1351749065734844417	
1351707265548619778	
1352383429560709131	
1352353538790322176	
1352358311094411264	
1352360596495331340	
1352370403331731456	
1352329474398965761	
1352379774522548226	
1352312532548120581	
1352317548314947584	
1352340216191836164	
1352402092388921346	
1352404453148815361	
1352302449860747267	
1352294887614410754	
1352171839741681664	
1352066155545042944	
1352272238326800384	
1352277311186468865	
1352194265984675841	
1352205581344497664	
1352209350224441344	
1352259675744575488	
1352231991924695040	
1352236945028624384	
1352240829704900609	
1352554863645908992	
1352571737037295618	
1352545048026632192	
1352586852197396480	
1352601923879370753	
1352609476046508032	
1352515130525970433	
1352439859143651331	
1352448434926546946	
1352466299256008705	
1352493377040875521	
1352620712889094147	
1352727438254604289	
1352707887240523783	
1352715436786405378	
1352753932163026945	
1352767365872803840	
1352690013637636096	
1352631619652345856	
1352634136721321989	
1352649770720964608	
1352652275777478657	
1352667361619419142	
1352672598396723200	
1352681204882018304	
1353077814413512704	
1352995610169905154	
1352769542594953217	
1353103988678402049	
1353119091817668608	
1353020434527244290	
1353005589421568000	
1352972118552702976	
1353010115071377409	
1353047357529710592	
1353051151701307402	
1353394922301382663	
1353402233371697152	
1353410195406393345	
1353417322451623937	
1353423844434866176	
1353462627666698245	
1353412517171666944	
1353145561680113665	
1353360666367832064	
1353453533950062593	
1353769637629059072	
1353782204120379392	
1353772162402938881	
1353773385768185861	
1353787265252732938	
1353681582746460161	
1353801389051408385	
1353813557046075392	
1353658901904941057	
1353670213762506752	
1353677780895080448	
1353662682528948225	
1353789751632007168	
1353643849097351168	
1353640274765996033	
1353693300805533697	
1353704232562683908	
1353709232445648909	
1353706715896827905	
1353750162460602375	
1353739384579878912	
1353725593054040076	
1353711725669834752	
1353523017985515520	
1353609837402316801	
1353620597012635651	
1353623405396979712	
1353628710642069505	
1353881250315055110	
1354196571114643474	
1353919934980644866	
1353939754765733889	
1353928066855292928	
1354178232975810560	
1354189633853251584	
1354193628063739906	
1354201144415952897	
1354207044081999875	
1354215381389500422	
1354162031436455938	
1354070336652759041	
1354009963912433664	
1354115750605320193	
1353987320702234625	
1353983796371214337	
1353976247148273669	
1353968699431133184	
1354147372088107009	
1354149656847114241	
1354006206029963264	
1354036384504418305	
1354047711113322502	
1354055278099124225	
1354068332522168326	
1354097609930117125	
1354104323869962240	
1354111651499409410	
1354034620489203713	
1353855283089580032	
1354357503526662147	
1354575600191737857	
1354573207014154242	
1354349705774456832	
1354429471072382979	
1354432756890148866	
1354414344688300033	
1354391481507864577	
1354384190222069762	
1354364797396135937	
1354361291738144768	
1354455402210074627	
1354554561223131139	
1354539113500860418	
1354533216263266307	
1354481811024445442	
1354479815227809793	
1354478043235037184	
1354470852696420357	
1354277946962415619	
1354236471180451843	
1354228597318447105	
1354224199745888260	
1354219872662728704	
1354295886524911617	
1354331902040276996	
1354304875467833345	
1354314961909145604	
1354719649187966978	
1354903457841471488	
1354899586423418884	
1354832982973014018	
1354814019308163082	
1354804451878395907	
1354800676539392001	
1354795144747372546	
1354836711394652173	
1354889544076824580	
1354847999436972035	
1354685912987398144	
1354772487230382081	
1354599395669532673	
1354595520564617219	
1354594658379304964	
1354580045289955333	
1354650983511584768	
1354626240838332417	
1354644200512344065	
1354645484967763973	
1354622260674441218	
1354612169036369920	
1354610599234138114	
1354610815022714885	
1354715850033549313	
1354712345528954880	
1354605834626588672	
1354670806614355970	
1354753612283588609	
1354922233576222720	
1354776247025373187	
1355119771994501121	
1355105071747493888	
1355108464473858048	
1355112228702330880	
1355116026007064576	
1355271015769792512	
1355105634442739714	
1355030209767071745	
1355290255197401090	
1355286117659107330	
1355278940944924677	
1355104673628303360	
1355228906505252870	
1355074224784871426	
1355070685253611520	
1355054745438846976	
1355032532832690177	
1355089574071033856	
1355267248349450246	
1354989912173518863	
1355240595468464128	
1354988298033188870	
1355013262035841025	
1355016427783270400	
1354971793103138816	
1355225503813283847	
1355000977326301186	
1355263473777831940	
1355086050503364609	
1355187750044127237	
1355221690876366848	
1355210612171821056	
1355178136070066185	
1355176390820245504	
1355151730711949313	
1355147936884113420	
1355141295648464901	
1355230567105777668	
1355591649586515970	
1355557898542264320	
1355561429429067780	
1355613818022461443	
1355640698335330304	
1355644502850076675	
1355648256462749697	
1355609993005961219	
1355554666524901376	
1355501284367990784	
1355506076683296777	
1355511340308291584	
1355541556850257929	
1355455979761098754	
1355572745812254723	
1355572007258124288	
1355385502220705793	
1355523938156220420	
1355529713968672769	
1355568990098235393	
1355433439135227904	
1355308772818870275	
1355312564847194120	
1355320097070575619	
1355338963314237444	
1355390535385501698	
1355365387102269443	
1355378201908834305	
1355380476270301185	
1355361624677363712	
1355897648860028930	
1355697368570748930	
1355712460917977091	
1355742876748099590	
1355787926861459456	
1355899387248078850	
1355818370713714688	
1355863669813489666	
1355984273954766850	
1355976665642446854	
1355969157649588225	
1355961329522270222	
1355957546033549313	
1355931104788811779	
1355972900101173253	
1356166802968092675	
1356158112768651265	
1356233367583399943	
1356191578784739329	
1356222025304518659	
1356207179703971842	
1356210744937877510	
1356369519686639625	
1356350387180199941	
1356346860533932037	
1356339306206556160	
1356335295164252167	
1356260289788989441	
1356059755467464705	
1356263819480334339	
1356074835403821059	
1356289994814615555	
1356286229088755715	
1356146291483533313	
1356302111743619073	
1356276959312027652	
1356660082654724096	
1356697673189974019	
1356705209435758595	
1356554481207508994	
1356626018598080513	
1356535603429539845	
1356539132831481856	
1356573092219392001	
1356648605566832642	
1356645055562416135	
1356505226174423040	
1356497860553019393	
1356584429083365379	
1356641187965390848	
1356588741217947654	
1356405363327848449	
1356601774329724929	
1356448511277977600	
1356444690334314497	
1356437433928286208	
1356433658756935683	
1356425857431195650	
1356420457055010817	
1356418559333847042	
1356591978285260800	
1356417263721676806	
1356408245070524423	
1356428271878037506	
1356742634535063553	
1356411202746916866	
1356438378288447491	
1357056284692987904	
1357063855315238912	
1357085836597227528	
1357107604280004609	
1357029859097268226	
1357099940699373570	
1356871323285393408	
1356905299555332097	
1356890299772137474	
1356886445294772224	
1356878890422198273	
1356933233913589760	
1356980795404128256	
1356977041288155138	
1356965732836343808	
1356954368520691712	
1356939266929160194	
1356935793617629186	
1356807405619843073	
1356757527158018055	
1356796453453185030	
1356776859950792704	
1357237727587151872	
1357228376390569986	
1357218094280761345	
1357203495288504320	
1357203274634584064	
1357197969204903936	
1357192436259389440	
1357197205887672326	
1357194924836458497	
1357131598777450497	
1357154008029409287	
1357185392298975233	
1357346954594844675	
1357384689468776451	
1357374762956300295	
1357371171579265025	
1357354504367333377	
1357339398153490446	
1357338008781922309	
1357324298604736513	
1357318321377542145	
1357172297463914496	
1357312958708158465	
1357301647312113665	
1357414897840185345	
1357475539020308482	
1357471778780626947	
1357470768909672449	
1357469657029033984	
1357464232766373888	
1357441566873419777	
1357189891772227585	
1357305432004583426	
1357623593547481089	
1357520780930789377	
1357536020221280257	
1357539717131157505	
1357551217937948674	
1357724436510744576	
1357720669862195203	
1357547253091729408	
1357717180855558144	
1357707409821753344	
1357696798207393793	
1357690455228616711	
1357679300032532480	
1357673012510785537	
1357667792338759680	
1357660276846436352	
1357654863170142208	
1357650950597533696	
1357645930930049027	
1357728223677800452	
1357709360076648451	
1357759099706949639	
1357769738353541121	
1357838491535765516	
1357796405205696517	
1357788866598612994	
1357780093649776646	
1357499431449481217	
1357498185099448320	
1357494423043588096	
1357479347683282947	
1357800176669360131	
1357815101496188930	
1357513295771631617	
1358181197948608517	
1358166093278371841	
1358162323312177157	
1358148681757716480	
1358173660314554374	
1358147224459427841	
1358124566728613889	
1358196316212518914	
1358132111904026631	
1358120039451422720	
1358060915820793856	
1357924756796940289	
1358052590987141120	
1358109488088285186	
1358066344533622785	
1358063907223580672	
1357866044807905280	
1357857919878848513	
1357860409621925888	
1357855676442238976	
1357842393102483458	
1357846793011286016	
1358505880149504005	
1358520994042896391	
1358386290065031169	
1358271797343510528	
1358362403667386369	
1358377488267771905	
1358864445502537728	
1358826706409320448	
1358876037111758854	
1358804063345868805	
1358923346688299008	
1358917554270576643	
1358894897152016389	
1358891150631989255	
1358887353058738184	
1358820899823181826	
1358588902077067266	
1358573782013722624	
1358822964687474688	
1358766867448479747	
1358567146310230017	
1358758743060606976	
1358754799508987905	
1358943973583298561	
1359069857959071745	
1359083142079000576	
1359087415839891459	
1359097121429979138	
1359113583293042695	
1359133064862048258	
1359141654775660547	
1358973479660494850	
1358990372362420224	
1359229671590748164	
1359245466236510216	
1359274100636680196	
1359171973620903941	
1359170229046308869	
1359160485439025158	
1358936429821382659	
1359173999096455170	
1359632968302665735	
1359365996977528835	
1359630683677859845	
1359627230679359491	
1359355166139568130	
1359387640706064384	
1359400078365048833	
1359405500954206212	
1359422747743502338	
1359342142666264577	
1359538145155555341	
1359553230347390977	
1359570379040305162	
1359596774009274374	
1359498901200453635	
1359491067687677952	
1359483545358643201	
1359472217130696705	
1359468177915334657	
1359457109545545729	
1359618977492852742	
1359832993951580163	
1359902517295935493	
1359792821683814401	
1359770171800453120	
1359785249069289478	
1359812161657315331	
1359740542196862977	
1359736367308275718	
1359796574210113541	
1359724094103703555	
1360012839159791618	
1360000938807857156	
1359984329527558146	
1359716320909082629	
1359997660812435456	
1360091539574296577	
1360077331428233216	
1360121729419513856	
1360049504825860100	
1360017292222955531	
1360140366398316547	
1360359551665664000	
1360208878068240384	
1360249831197933568	
1360341326475251716	
1360255368597819393	
1360162992269238272	
1360170554179911684	
1360272501054578692	
1360261161216847872	
1360673821905321985	
1360721678146408451	
1360396078454099969	
1360419942651330560	
1360431286297513988	
1360468800043438081	
1360559388067569664	
1360831177687523331	
1360921790478958595	
1360953207023927298	
1361025127501230083	
1360763200371912706	
1360748109819768834	
1360751880436072450	
1361456873061445633	
1361148491444215814	
1361133421666439169	
1361273062847619072	
1361288162392342533	
1361295470270816266	
1361302994558533632	
1361306782866558981	
1361265253569429508	
1361280113267081222	
1361246638300397568	
1361321904628518921	
1361401167683715080	
1361344543535362048	
1361193537015074818	
1361725779932028932	
1361748470210641920	
1361759787034247168	
1361774213376393216	
1361778231221899264	
1361813345645588480	
1361803702043041794	
1361818370430107650	
1361782095824236545	
1361650319671889921	
1361667696711065602	
1361680527858794499	
1361638971911131138	
1361642002446757891	
1361635192776097799	
1361631428820271106	
1361612800330768387	
1361605004717674499	
1361597451329798144	
1361579408428048384	
1361528744469479426	
1361528741952966659	
1361714455483207680	
1361699414671319041	
1361673420790980612	
1362029531574521856	
1362114663425732614	
1361909833457360897	
1361897639512522752	
1361880259730296837	
1361878116575174664	
1361873380669063168	
1361870791026081798	
1361869933823594496	
1361867580567339009	
1362012704903475206	
1361952299267076098	
1361965136383250433	
1361982499434475520	
1361997580511698944	
1361930044973723652	
1361919636003028997	
1361923218811080704	
1361854603659255810	
1361926128475254787	
1362122186744623107	
1362129964053778434	
1362139794810302473	
1362145083492102150	
1362165276981293057	
1362098258168991747	
1362031601077661697	
1362033306368430087	
1362047495451389953	
1362061774992924674	
1362069353244590082	
1362073099311734784	
1362084454538366979	
1362181475597250561	
1361836437893746689	
1361841871132237830	
1361850403781042178	
1362502184739495938	
1362510758744100865	
1362514579067183106	
1362517615353208841	
1362532946222211076	
1362539201019998208	
1362427948821790720	
1362548789723230215	
1362257795198902272	
1362273891759063043	
1362243871846125574	
1362205288267468803	
1362374825256304643	
1362398004154630147	
1362401518075465730	
1362405286791757828	
1362210657135964160	
1362290752718581765	
1362333579062235136	
1362310918760235009	
1362738433479827456	
1362711052971106304	
1362756372673216515	
1362680854653399041	
1362563538640924672	
1362673331875545094	
1362863450154745863	
1362884775380480006	
1362906295645458434	
1362854500562841604	
1362786566821847041	
1362797844055298051	
1362812979419484164	
1362824349951090691	
1362780243778543619	
1363219513953558528	
1363258400717631489	
1363250857500901383	
1363243308101881860	
1363247083797569541	
1363066125202960384	
1362929308344471552	
1363136984038924288	
1363141627355803648	
1363149169721036800	
1363179123183607809	
1362983064582897667	
1362981780261863424	
1362978425330413569	
1362967699945648130	
1363428523483025414	
1363337919323332616	
1363307729209745410	
1363299920346775552	
1363292622891155464	
1363519125801361409	
1363715197416992768	
1363790680888328193	
1363700306626949121	
1363754487626821635	
1363757434288934915	
1363779343252652036	
1363655010882568192	
1363892582376423427	
1363844740979052545	
1363805778923110402	
1363809523752960003	
1363670130106990592	
1363997194169253894	
1363996065590956035	
1363988330443137025	
1363984375570968582	
1363971088514867202	
1363970450381041665	
1363907700317442049	
1363926610307653635	
1363949235171909643	
1363934143176978433	
1363915237288775683	
1364006249805844488	
1364192548730896387	
1364205928770375680	
1364196308848939012	
1364198367312703490	
1364200083755913223	
1364202127346786309	
1364203858805858307	
1364236107777474570	
1364130399639785474	
1364149283637915649	
1364222933405757441	
1364013464059080706	
1364330257893974017	
1364299014888448005	
1364028615730622472	
1364034881383186433	
1364050529547128832	
1364065968444502020	
1364469888044171265	
