1239204740904423428	
1239524338052800514	
1239521823844425728	
1239568657258332160	
1239693203902775297	
1239635059205955584	
1239638079276757001	
1239639579054964736	
1239641123230007297	
1239560408169697280	
1239609905822208000	
1239607993974611969	
1239632555168710656	
1239605856523694086	
1239599673075261441	
1239594802758529024	
1239590797944795138	
1239581455245889537	
1239578301326336000	
1239647935178080259	
1239554529118556161	
1239605112236052481	
1239689660366028803	
1239645540771561479	
1239625011251593223	
1239545074163355649	
1239531142858125312	
1239533652964446208	
1239536842246098944	
1239540180324945921	
1239543568550805505	
1239630040150745088	
1239548456785641473	
1239550000994156545	
1239627568111853568	
1239612413705703425	
1239614935312871424	
1239617460577480704	
1239619969249402883	
1239622485248806916	
1239565649711677442	
1239690187493515264	
1239692273362796547	
1239692542456795136	
1239642029598167042	
1239659998050951174	
1239693186727063553	
1239694012723998720	
1239652874193440770	
1239694708693241856	
1239695197216354312	
1239695629812666370	
1239701403263741953	
1239702656790257670	
1239557384990851072	
1239685649885810691	
1239683124616990727	
1239680629769474048	
1239680628225904640	
1239678101803712514	
1239670725448998913	
1239670031354650624	
1239662766773997574	
1239353674222182400	
1239445283483856901	
1239447878130700288	
1239451059891904512	
1239452109768216578	
1239454862535987200	
1239457133332066305	
1239459797004685312	
1239481043733958656	
1239462310986555392	
1239344927915610112	
1239347987526156289	
1239348166564220928	
1239464808279392257	
1239467322760482816	
1239473922334248962	
1239393477068234754	
1239394731089690624	
1239397237152776192	
1239409827799011328	
1239411577293504512	
1239413610658566146	
1239415599937327104	
1239383153401348097	
1239417629921640449	
1239424917738860544	
1239427958516985856	
1239431711521476609	
1239419143360778240	
1239382141710077953	
1239377586196819968	
1239371012124422145	
1239477774412328961	
1239484310580793345	
1239440217104420866	
1239486582400393216	
1239490427318931461	
1239491094502445056	
1239494587707785220	
1239495640113086464	
1239498907287195648	
1239501675636891648	
1239506201748135942	
1239508280474587142	
1239513029269733376	
1239516775873724418	
1239442737616891904	
1239437346405339136	
1239404797142409216	
1239421392170496000	
1239519301687803904	
1239845952623718402	
1239838328767332352	
1239834188557230080	
1239831107345973250	
1239828333438926848	
1239812220080525312	
1239801410071539713	
1239806434629558273	
1239804166995881985	
1239799156824293376	
1239790098423709702	
1239849721302261761	
1239784053592784896	
1239809203780321282	
1239786308329000960	
1240042745466675200	
1239776240120270848	
1240057557546401792	
1240056849942052877	
1239782537091862528	
1240055946996482048	
1240051845290168321	
1240050301866070019	
1240046518427664389	
1239944620081020934	
1240027677878374405	
1240044822049763329	
1240040240997425154	
1240035216607100930	
1240034886729322496	
1240032699395571712	
1240028018011033602	
1239948416437882883	
1240045269410091009	
1239780257340760064	
1239859272806215680	
1240058358524190720	
1239861607083188225	
1239943149700681728	
1239927701714190338	
1239925172079153152	
1239921955781906433	
1239919860060217344	
1239906869944160256	
1239869028631482369	
1239904078949466112	
1239900589468909570	
1239890603237953536	
1239885649865592832	
1239874709711446019	
1239871624553381890	
1239778770334203904	
1240064037754470401	
1239723404942606338	
1240020126365356034	
1239710301127356419	
1239708192197705728	
1239750553367982080	
1239712405204189184	
1239720890427936768	
1239772961172869121	
1239722141685297152	
1239713511334436864	
1239718177426243590	
1239718483497234433	
1239767446195765254	
1239769198223675392	
1239763669015289856	
1239750982441095168	
1239763640473079808	
1239762808197255169	
1239761124469456897	
1239760116691451907	
1239753597740625921	
1239752341718470656	
1239721474258329600	
1239750659437727744	
1239719627292389377	
1239718797369585664	
1239750125028810753	
1240025133496049666	
1239748436922191875	
1239746816121413632	
1240001233466916864	
1239987397464645632	
1239984876595621888	
1239982369190424576	
1239979839047766016	
1239977319449665537	
1240007759627726848	
1239974863671947265	
1239969807069405185	
1239967288704425985	
1239964735082119169	
1239962475975467013	
1239961096208990209	
1239955172505387011	
1239972295264751618	
1240010284342919179	
1240012810433806337	
1240015063588667393	
1239746484423348231	
1239744806017994759	
1239742354086600704	
1239741684994519040	
1239739271956873216	
1239735902395600897	
1239730607825002502	
1239729490512818185	
1239725919658442753	
1239724640500617221	
1239772479977132033	
1239880947102879749	
1239774989311774722	
1239949633029365766	
1240017589490892802	
1239747026319015938	
1240390294073458697	
1240385897763418112	
1240387763293356032	
1240388456297054208	
1240392180964958208	
1240392807984107520	
1240395549565689864	
1240396228363509761	
1240400372939792386	
1240402873785225216	
1240406089914515464	
1240407905364512773	
1240409038757736450	
1240395335710711809	
1240426277837955074	
1240427070557167616	
1240410940643786753	
1240415489261699073	
1240417895840178176	
1240223966251429888	
1240226474961047553	
1240231484147077120	
1240234025505218560	
1240236523997597697	
1240241554452893697	
1240244077930708992	
1240246618114461696	
1240249113171636224	
1240251619125743620	
1240255294564962304	
1240257407743406080	
1240259173830529024	
1240207576324812800	
1240183928905965568	
1240162030138593281	
1240164750018981893	
1240220737283207168	
1240170876630446080	
1240215075954327552	
1240370178472411136	
1240379660304814083	
1240374290199072769	
1240375200337874944	
1240376358838112257	
1240381259811033089	
1240383019736690688	
1240369117481390083	
1240173478172602368	
1240176076418158593	
1240178691260506113	
1240363621915471873	
1240367616226721792	
1240323161541001221	
1240317426862034944	
1240269256043966465	
1240271778351636480	
1240274276466425856	
1240276791501217796	
1240284347019771905	
1240286862448693249	
1240289638322974723	
1240294410434351108	
1240296930644803585	
1240309333877035010	
1240311321675141120	
1240313283502051330	
1240362600849948672	
1240360117809356801	
1240357017652510722	
1240352548403453952	
1240186891145818112	
1240206007483224065	
1240189526473048065	
1240191729959079937	
1240192488289308672	
1240195119107788802	
1240195255431057409	
1240200717421498369	
1240203380087238656	
1240264216008851456	
1240344984072663042	
1240327238073139201	
1240327281119199242	
1240332167999340545	
1240334672590184449	
1240347516362686467	
1240321487422324738	
1240261715100647425	
1240095843929251842	
1240085718199873536	
1240077534965964800	
1240068300643733504	
1240067906433671169	
1240067584181100550	
1240111724029792256	
1240115967134490624	
1240149967584604163	
1240144916036100100	
1240141652385243138	
1240096392279986176	
1240141135328301064	
1240103088394027009	
1240155739945140225	
1240133216771739649	
1240132302262452225	
1240132103372668929	
1240131523153625095	
1240127215666429952	
1240126046504132608	
1240124032055414784	
1240122265997578240	
1240118514746302472	
1240134354938081284	
1240160784937897985	
1240156250966560770	
1240158250621906944	
1240383513800531968	
1240757937657851911	
1240453780023410688	
1240455707742388224	
1240458005721821187	
1240779738362372098	
1240780944530956289	
1240782649402241024	
1240784124899713024	
1240785389088014337	
1240789112875073536	
1240776645549711360	
1240453548414062592	
1240437879039578115	
1240450281827110912	
1240448170133458946	
1240446156737581063	
1240444972240982018	
1240441869529571329	
1240775164633255944	
1240772312938487808	
1240772491167117314	
1240766223098486786	
1240770923600531460	
1240772002702557191	
1240441712490635266	
1240440955049672704	
1240440632759521287	
1240495990236422145	
1240493472316096513	
1240491209715527680	
1240490177761402881	
1240488429323980800	
1240485672588369921	
1240484652202287105	
1240482124689522688	
1240500255411576832	
1240480895921991680	
1240478611842498560	
1240477116380131328	
1240475351207358465	
1240473343410745349	
1240471076985090049	
1240469557275435008	
1240465825708019712	
1240462011789647872	
1240479636288679941	
1240440532146376705	
1240439682036531200	
1240438106874089475	
1240436840500518914	
1240450905197117442	
1240435601566052358	
1240434325616762881	
1240433274994020353	
1240433080365654016	
1240433021406322694	
1240432846315171841	
1240432627380826113	
1240428658600349697	
1240428273705811970	
1240428035767259136	
1240450709918830592	
1240453212592889856	
1240456908621991936	
1240744880772657159	
1240742362667782145	
1240737321663725570	
1240734820403154951	
1240733011877994496	
1240728695385591811	
1240727270093971457	
1240724735564165128	
1240745083160408064	
1240719694472122368	
1240654282367647744	
1240649259629842433	
1240582060156346368	
1240578795918286848	
1240568473501270018	
1240562923094802432	
1240550739774181376	
1240542553419788288	
1240717194100645893	
1240540269675794437	
1240749526039891970	
1240752914886516741	
1240706286297075717	
1240704622903189505	
1240697073172746240	
1240695589995569152	
1240694552786161665	
1240689518795034626	
1240679839272710144	
1240749787688902659	
1240672350263218176	
1240669436215992322	
1240666864197554176	
1240664622560088066	
1240656802632667136	
1240707129914187778	
1240713724152995846	
1240714698166808576	
1240676138466381824	
1240538368783630337	
1240702090533429248	
1240518634549772288	
1240616345861062656	
1240611765848809473	
1240608991136317440	
1240606660005171202	
1240601691881381895	
1240599622000746496	
1240598285053841408	
1240592554514677762	
1240617788156391425	
1240759082279149569	
1240523425552138240	
1240619070048927744	
1240626593443217408	
1240514851337842688	
1240624104476233728	
1240505547650150400	
1240586087485095936	
1240631635902676993	
1240634145556004865	
1240636667599491073	
1240629115604140032	
1240644227945639936	
1240646732578467840	
1240587519089139713	
1240639210240999424	
1240821875183439872	
1240799205582614529	
1240839629747740674	
1240837249048236033	
1240830944828850177	
1240824397214203905	
1240822658901643264	
1240839745258901505	
1240820909612707841	
1240878508513124352	
1240819109274824710	
1240868178961543168	
1240849320544518146	
1240865424335667200	
1240863400017694721	
1240860130499006464	
1240858360997711872	
1240856353201164288	
1240853572322983937	
1240849995730841608	
1240799525259948034	
1240797966702698496	
1240797760577822720	
1240869695215087616	
1240820622630039553	
1240871466196967426	
1240880510764711937	
1240818400886026240	
1240813845901242368	
1240813566732664834	
1240812258176962565	
1240809734527221760	
1240807118912946183	
1240803979015204869	
1240801409458532354	
1240800993400492034	
1240799812699684866	
1240799627345100814	
1240844283135090689	
1240847040143405069	
1240867433306611712	
1240889833653968896	
1240888451156922368	
1240884026346520576	
1240875974566260736	
1241116113179639809	
1241110268601610242	
1241109908701040641	
1241102924366974984	
1241102161624412160	
1240902383154204672	
1241126391460114440	
1241091786547871747	
1241064495671279617	
1241066992775376898	
1241067816108916739	
1241069530694258694	
1241072037759762434	
1241074546851094540	
1241077096438431747	
1241079499401375747	
1241082250894155777	
1241084431412101121	
1241088649762082819	
1241094659016884225	
1241096949392080896	
1241099707830751232	
1240905724890406912	
1240908320535392256	
1240912226321666049	
1240892088616615936	
1240894416283488256	
1241001175534784513	
1241011784540205057	
1241016703372451840	
1241019187671293955	
1241024457336131585	
1241028388577566721	
1241033019026178055	
1240899881654509568	
1240917263508742146	
1240910941103022080	
1240792748707504135	
1240792061101703168	
1241039824775196678	
1241044349569335301	
1240790442935009281	
1241050656498163712	
1241129203615105025	
1241130156745469952	
1241131182600982529	
1241131184240852993	
1241131259268644866	
1241134068227596288	
1241136140356386817	
1241137271102791681	
1241142526490349571	
1241145861138153478	
1241146764268314624	
1241125139472941056	
1241148282736463872	
1241151440992776192	
1241151810741682177	
1241048505835290632	
1241151810783440905	
1241146026607751168	
1241057660797100034	
1241138016795512832	
1240983993870422017	
1240994033570283521	
1241052952145641472	
1241056986164273152	
1240988981556371457	
1240949888634032130	
1240923636439056384	
1240928187598671872	
1240937434214477824	
1240942356880338944	
1240930887631601664	
1240952315579957248	
1240958791950258182	
1240981581906489350	
1240966350568329216	
1240978718186786816	
1240971515035889666	
1240947501265555461	
1240976087829618688	
1241248688707690503	
1241239638506962944	
1241237362878959616	
1241235857010561024	
1241227119436476416	
1241232087178514432	
1241250963891109889	
1241252463820320768	
1241322686095253504	
1241460346004615170	
1241167922355200005	
1241169159163084800	
1241169418928914433	
1241169672181071872	
1241170420981739520	
1241172190231486469	
1241173200001732610	
1241173454164054021	
1241176574562643968	
1241179813005713414	
1241165398944485378	
1241180455375908865	
1241182057075634179	
1241171455502581767	
1241170196573892608	
1241488522625929217	
1241484760758829056	
1241288712941690880	
1241281157733453824	
1241180975385772033	
1241163576158666757	
1241160415201103877	
1241159456119021571	
1241254732552863744	
1241186801651527689	
1241183899444797441	
1241499871166763013	
1241503616038567937	
1241511182353268737	
1241209437676867590	
1241182780681105408	
1241202396862218241	
1241198623356002305	
1241198122392522752	
1241194339289702401	
1241190569990328321	
1241184095943766018	
1241155829866397698	
1241159162811252738	
1241277387284918274	
1241266054724231168	
1241262272401551360	
1241219607626743810	
1241216991932952576	
1241214158676385792	
1241213324982796289	
1241213201276194817	
1241473432367366145	
1241477457578020865	
1241481219445084161	
1241220741716217856	
1241228307082993666	
1241437933497917440	
1241442222391865344	
1241447891039911936	
1241450517722804227	
1241458080044507137	
1241264284371431424	
1241427114857029632	
1241492315748872196	
1241444978003513344	
1241315137358880769	
1241307578971426817	
1241258513713766400	
1241409245943410701	
1241414538035113987	
1241420327667871744	
1241424355747188736	
1241303814386352129	
1241311360069316608	
1241391367424786432	
1241390133158518789	
1241387371825901570	
1241385070750990338	
1241399440113577984	
1241364217472655361	
1241318910441512960	
1241378399135956994	
1241326449627410433	
1241333783149842434	
1241337767537319942	
1241260522177269760	
1241349111376498694	
1241350860850057216	
1241356677099773952	
1241357921981734915	
1241341549440577536	
1241854711331983360	
1241850911305105416	
1241537593772212224	
1241541380486414336	
1241556720947773441	
1241567298219118592	
1241575609165283328	
1241612093318729734	
1241617140278603776	
1241534570736037890	
1241632218637914112	
1241858466911784960	
1241548925011623941	
1241526513209675776	
1241828263061860352	
1241843361729961989	
1241847151149363201	
1241813156877479937	
1241767859950358532	
1241775867010916352	
1241760324530905092	
1241681306477625344	
1241685076880044033	
1241692611020304384	
1241696394760597504	
1241703951298367489	
1241764020174098432	
1241719041112313857	
1241711497178382337	
1241734141982511106	
1241737920161222659	
1241745225174974468	
1241749004800622593	
1241752765904433159	
1241757012511395846	
1241839595404263424	
1241835830349611014	
1241824516352942093	
1241820708046614532	
1241522510983815168	
1241666199550738433	
1241669961795371009	
1241852165456572425	
1241779810638213120	
1241783927704039432	
1241786840480350209	
1241795100746842112	
1241796814334038018	
1241803727356510208	
1241805622254936064	
1241809556361093120	
1241816943964848128	
1241673739592441856	
1241862262928945154	
1241866077904273408	
1241873576401256450	
1242172153530851338	
1242159392742674437	
1242161948751548419	
1242164189776445441	
1242150003013025792	
1242169519625338880	
1242229295415771136	
1242230985636413442	
1242233501979750403	
1242228665502642176	
1242175903830081537	
1242226353765781512	
1242222606188675073	
1242190366519984132	
1242193275345305601	
1242200654170464257	
1242203001894379524	
1242207850048487424	
1242220610702450688	
1242187441467002885	
1242086212564922371	
1242078690621763591	
1241892165736947713	
1241884903718912004	
1241881099569115137	
1241877354626125828	
1241934711305494528	
1241937240651169792	
1241939989069475840	
1241942268644376577	
1242026154510495745	
1242019778509844482	
1242014487747661825	
1242012233036677121	
1242009465152507907	
1241984802254991361	
1241982283848060928	
1241973977469325312	
1241960139625807872	
1242083695877599233	
1241893696490045442	
1242148643932692480	
1241944785335848961	
1241947302987792384	
1241949812397924358	
1241952321665368065	
1241954588313477120	
1241956351414321152	
1241896214913826819	
1241958633577070592	
1241909557959569408	
1242139069716541440	
1242096308376219651	
1242038399923621888	
1242088740262117376	
1242043436619964417	
1242076147116118017	
1242136531873206273	
1242050983594807297	
1242056012938522627	
1242058539796967426	
1242061059550314498	
1242063573104439297	
1241907294960566276	
1242071134994038789	
1242053512546209792	
1242134069225365505	
1242045986727485442	
1242123965189050369	
1241917100442222595	
1242131529414967301	
1241918617274527745	
1241920618691538944	
1241924900832661510	
1241927913110454275	
1241929939819134977	
1241922124752838656	
1242036121946775553	
1242093772730707968	
1242101319198019585	
1242111369287208960	
1242118959685607426	
1242028905529253888	
1241915586432520192	
1242379140852068352	
1242403303692161024	
1242400868093382656	
1242398180052000770	
1242393244576747520	
1242384167142330369	
1242375365693181958	
1242438540882935808	
1242336126880407553	
1242371444195102720	
1242363793658830850	
1242516566853537800	
1242519090331344899	
1242521580892192773	
1242524106513399808	
1242526637331283969	
1242529140865216520	
1242277660841164807	
1242584998647078914	
1242273151918243840	
1242270680613294080	
1242268930196025344	
1242370074582843393	
1242276712668368901	
1242561881090506754	
1242576130735050753	
1242573063398592514	
1242562460642615300	
1242567293722296321	
1242567958137917445	
1242570411205955585	
1242246744781606912	
1242251595204767744	
1242253305037930496	
1242258546756026369	
1242260995764105217	
1242263279755571208	
1242266444370411520	
1242514035456774150	
1242511521206489088	
1242504000165068801	
1242292837884067842	
1242288815412318213	
1242333341644476416	
1242288037075341313	
1242288036840382466	
1242287777909215237	
1242287553446916097	
1242286035566055427	
1242294085152636928	
1242282269408202754	
1242299898290212865	
1242301392712282112	
1242304361155493894	
1242307374221844480	
1242311228778831873	
1242313536082149377	
1242315232074235905	
1242316992465510405	
1242298363971874818	
1242298119162941440	
1242289053237641217	
1242586918187143170	
1242509000098353153	
1242361525303640065	
1242340897058172929	
1242407064892211201	
1242410492762697728	
1242413370977980417	
1242418395724886019	
1242420914488315904	
1242423436716249094	
1242425968662372352	
1242428474100518918	
1242433497744265217	
1242436043615490048	
1242441043674566656	
1242443613646266370	
1242446109982830592	
1242448607091003392	
1242338885415440384	
1242334359446790144	
1242318243299295234	
1242319987899064320	
1242296088226410496	
1242451144007462919	
1242581468125241345	
1242583495253385216	
1242583998188204036	
1242584477722910720	
1242536684249636866	
1242534190874312705	
1242496462925246469	
1242463719948517376	
1242468744632336384	
1242471276054220803	
1242477953314889728	
1242479050427432960	
1242481315913572357	
1242483838477008896	
1242488876192747525	
1242491383149142022	
1242498993608962060	
1242326257649569794	
1242501633088651265	
1242581246619901952	
1242587517850877953	
1242461208361517056	
1242551781487452160	
1242456979970445312	
1242589209665376257	
1242596576058621952	
1242601871132549126	
1242561841668272131	
1242560339008503811	
1242556847208488961	
1242549271502749698	
1242544237385846786	
1242541738293702661	
1242539207832240133	
1242591305294848005	
1242590543324024834	
1242590295356833792	
1242589775472852992	
1242589775460290562	
1242589541082464256	
1242589539799007238	
1242540095304953857	
1242878942605971456	
1242772097736355840	
1242779300547485698	
1242782546104123392	
1242960252569600001	
1242643140227588096	
1242607650380173312	
1242611415908827136	
1242613898701922304	
1242614219796692992	
1242616973529427968	
1242619743053451265	
1242620478319198208	
1242659427922128896	
1242623238540312577	
1242605352937553920	
1242626687168282626	
1242631558160244737	
1242632573219680258	
1242658992830263298	
1242675094981423107	
1242659741836496897	
1242700526912929795	
1242705550024024066	
1242708069399789568	
1242722653007417350	
1242629121651494918	
1242726932724289536	
1242602354186338304	
