1284054252009197568	
1284065570606940161	
1284073631199432706	
1284015700747718656	
1284021259655880707	
1283990289724526592	
1283925762672742400	
1283918555944108032	
1283916142331998210	
1283922643003924485	
1283990685998145536	
1283999352042725382	
1284004296095399937	
1284006677797380096	
1283996128980197376	
1283946401341341698	
1283950415441272833	
1284091755881799680	
1284193711631601664	
1283946564772171776	
1284147886364786692	
1284212262446735365	
1284212815784407040	
1284220801038774272	
1284222676442255360	
1284225196686290945	
1284124434882756610	
1284227690623643650	
1284230943729950722	
1284240211845709824	
1284241492995985414	
1284245327084691456	
1284246751139057672	
1284247689840881669	
1284099292077187074	
1284276213725495297	
1284262287013040128	
1284258840930852866	
1284255587602247681	
1284252052181454850	
1284139624441536517	
1284133278736416768	
1284270542560919552	
1284103106373005313	
1284198508371771395	
1284151883834294272	
1283928454384152577	
1283926441751654404	
1283926162184364033	
1284110646322302976	
1283939381418446854	
1283960841759580166	
1283955423972741120	
1283936560568819712	
1283933891015766018	
1284152555757592576	
1284631808357937153	
1284620230464024582	
1284624045607194624	
1284300714521563136	
1284310244957589504	
1284313780349022208	
1284427694491471872	
1284531647753355265	
1284533446707220480	
1284535151578537984	
1284566879189770242	
1284434519353950209	
1284529377468874752	
1284564374401712135	
1284526618795487234	
1284449847232409601	
1284524954445164545	
1284468992845975552	
1284502960312135680	
1284297457615040513	
1284292824817598466	
1284584245055324160	
1284589789459689472	
1284286280403161098	
1284332000032301059	
1284359769717964802	
1284379199319363584	
1284389467235778560	
1284330382452592640	
1284326692375400449	
1284888249165586432	
1284921976885313536	
1284861717067988995	
1284831873198325760	
1284899570447798272	
1284907121260331010	
1284994190678601728	
1284986409263276032	
1284971351577694210	
1284914684899004416	
1284676865597280256	
1284707053907382272	
1284684655158079489	
1284665526367727616	
1284657973931970574	
1284654451484250113	
1284650173604474882	
1284775258051022850	
1284805448626065408	
1284816782851743744	
1284714853748191232	
1285205344638177284	
1285243121937326080	
1285238082191720448	
1285235038511136769	
1285309765422325762	
1285316982234128385	
1285222255514071041	
1285210385402990592	
1285190259572183041	
1285178920191643649	
1285227567620947969	
1285340267311255552	
1285325358171119617	
1285324340431663110	
1285322743320244227	
1285253155970785281	
1285260709685866498	
1285330912868208640	
1285293955161174023	
1285263223495761924	
1285268256190795776	
1285135290609393669	
1285155259728433153	
1285078244824420353	
1285047038711943169	
1285016850657615872	
1285137655609663488	
1285280863073206273	
1285273318686445568	
1285288370776739840	
1285171352576634880	
1285165317627543552	
1285275798585454592	
1285413804445057024	
1285541298640949250	
1285681608322715648	
1285681439409762304	
1285680933224370176	
1285677914068066306	
1285677379273121792	
1285675443232727040	
1285673382277783553	
1285669822441893889	
1285660915719962630	
1285722544478269441	
1285718743247720449	
1285695730330607616	
1285709166007455744	
1285701357417238529	
1285701172330991618	
1285655287278571522	
1285680833261494273	
1285590412913266689	
1285574760630542336	
1285597935942676480	
1285565456485670912	
1285648512353533952	
1285594414799257605	
1285366804769116160	
1285646226730426371	
1285639463964737536	
1285626735384567808	
1285402506730905601	
1285410615717031936	
1285411224964874240	
1285410694947459072	
1285447165939195904	
1285427287857541120	
1285421994956095488	
1285420900146393088	
1285477383345233920	
1285465650102771712	
1285530481845587968	
1285532998432100357	
1285399860255088646	
1285399860078927873	
1285371647986479104	
1285374100400148480	
1285379986996764675	
1285414445120983040	
1285392077099016193	
1285398108533383169	
1285418313452068864	
1285419478273142785	
1285507584347299841	
1285414822889365504	
1285756718761353216	
1285743391461060608	
1285777006764924929	
1285771800152948736	
1285763002155835392	
1285764525820719116	
1285761512561356806	
1285760745549037570	
1285759981388693509	
1285768024935596032	
1285788927882911744	
1285734820123901953	
1285791813685706754	
1285747690572259328	
1285817133184802818	
1285814853286924288	
1285803519203778560	
1285726515448160268	
1285794449264541696	
1285783900124598272	
1285782577337565184	
1286034636066508801	
1285993033788526600	
1285922573562318850	
1285874749365784579	
1285864680750288896	
1285882562653630466	
1285934675035389952	
1285935900887834624	
1285937689045409797	
1285880027603709954	
1285907478207770625	
1285950243780124673	
1285903669066686464	
1285899943887220738	
1285889336580415488	
1285985477712064515	
1285973674529624064	
1285956076471369728	
1286013148038864897	
1286018487933194240	
1286083765324873729	
1285998108556562434	
1286080952574320641	
1286061676408770562	
1286049523190714368	
1286046559155757057	
1286039592014094336	
1285947764032049152	
1285918789859790848	
1286078259055165440	
1285872481790758913	
1285791932342579202	
1286213494522687489	
1286202156312403968	
1286155103351832576	
1286202135588171778	
1286330283038564356	
1286327740698853378	
1286197102218010624	
1286384330735067138	
1286186557582512129	
1286383329504137216	
1286380841199902724	
1286368002842210306	
1286410684662784000	
1286413580846477312	
1286447937988571136	
1286439729005826052	
1286433678499942403	
1286427909159256064	
1286426393002352640	
1286423613957185536	
1286419269220044800	
1286418465671315458	
1286187036026769408	
1286332771435196417	
1286335286188953603	
1286448356433317888	
1286386172852342784	
1286393520597528576	
1286182002870296579	
1286179486405464064	
1286228338877575168	
1286307592835346433	
1286298550083751942	
1286296017877565441	
1286294764002869248	
1286287481013522432	
1286388362597687296	
1286269878970789890	
1286258540060069889	
1286242420473188353	
1286149287340961792	
1286145976068055041	
1286273631824355328	
1286137348900651009	
1286405778820280321	
1286144807421837312	
1286407949628387334	
1286411019326230529	
1286155846490218498	
1286169197307985922	
1286169685864710144	
1286169937074098180	
1286149314671255555	
1286096642635161611	
1286097725407272960	
1286169419765313542	
1286662478001319939	
1286469952606617600	
1286810100913577987	
1286451111667392515	
1286502377865072643	
1286496848086274048	
1286494655161536513	
1286487188469960704	
1286481678920278017	
1286475231918514176	
1286469594539003904	
1286469086763835392	
1286468011759529985	
1286773981551501314	
1286776797279985665	
1286779519580418049	
1286787695583416320	
1286803051131670533	
1286806530151591941	
1286715285903478785	
1286717805979734017	
1286727863606149121	
1286735407397339139	
1286738000773349376	
1286749703854383104	
1286765849802493954	
1286753291481817088	
1286525532071395329	
1286524531528605697	
1286522747959402496	
1286520243301613570	
1286519507696197633	
1286468681275330561	
1286517714861735939	
1286515487623516162	
1286512461512933376	
1286510433084612609	
1286563537502994438	
1286547820368007170	
1286528639681560577	
1286712410359857152	
1286517866515374081	
1286620915355328512	
1286624702723756033	
1286467622918221824	
1286462993346301953	
1286460239806631937	
1286506919444742149	
1286455442994900993	
1286654909040013312	
1286685086440660992	
1286669970043068417	
1286664951256559618	
1286680050306252802	
1286596005912354816	
1286874590300516354	
1286890683782111243	
1286897492785860608	
1287085739327524864	
1287090753173368838	
1287093519606259712	
1287096170125369349	
1287098565945417734	
1287104781606162434	
1287002168185229312	
1287106114207784962	
1287111389174210561	
1287078434452242432	
1287020791377408000	
1287028844743012352	
1287040431948279812	
1287043438362480643	
1287055349598519296	
1287068353622876168	
1287108623848681472	
1286906521419493377	
1287072887636217857	
1286922633041215488	
1286972495388717056	
1286831035867684864	
1286813679799894016	
1286823155974144003	
1287149117374857218	
1287149397663453185	
1287145865694662657	
1287120687983984640	
1287120964078252033	
1287126500798599170	
1286832557582057474	
1287136067494256640	
1287000547816542208	
1286907533454532608	
1286909561123811328	
1286910049957355525	
1286915083159797761	
1286917599897387008	
1286920116882612224	
1287221360448733184	
1287515809523412992	
1287458933309935621	
1287311958228836354	
1287236470718201857	
1287194701502840832	
1287342170933002240	
1287421197991518208	
1287402341306703878	
1287376140756230144	
1287703797385617408	
1287782317088538634	
1287784833616416773	
1287777287476326401	
1287797429274902529	
1287787362693545991	
1287774782885429250	
1287898319910588416	
1287583771827613697	
1287893093438685184	
1287707920122159104	
1287711858233835521	
1287715625419366401	
1287719418219442183	
1287726955383730177	
1287754622996799488	
1287734518477185029	
1287737027992137729	
1287742073437851649	
1287744553563414529	
1287694238893903872	
1287895816011743232	
1287767223306788864	
1287649436794052609	
1287658251618787328	
1287672096475222017	
1287675121637953541	
1287681908160319488	
1287850072697438212	
1287850793874468864	
1287855087570870272	
1287862028577767424	
1287865970778726400	
1287882957437378561	
1287890116715962368	
1287688446597836801	
1288172404943073281	
1288262792659767303	
1288217683725635589	
1288257604666327040	
1288231188180738048	
1288246486392811520	
1288232621642788869	
1288229543686406154	
1288230378818473989	
1288177428909690881	
1288256866980593667	
1288182459541192711	
1288210628985921536	
1288212155259482112	
1288191341298581506	
1288152256861351937	
1288192776434327553	
1288149743437324288	
1288034661155901440	
1287900843484872706	
1288051445451956225	
1288072854358183937	
1288082298194268161	
1288093110560600066	
1288101922705149953	
1288109474226421767	
1288114564022689796	
1288118700013268992	
1288132122109079552	
1288144705281286145	
1288021644884283393	
1288032216057098240	
1288067877715750913	
1287918217126653952	
1287915943948148737	
1287911430436552709	
1287910928961470465	
1287910492820967425	
1287938658117591042	
1287957462407098368	
1287945170474938373	
1287926023451967488	
1288001995173957632	
1288008034938048513	
1288000748278685696	
1287965021868380163	
1287980119945027589	
1287997968688099331	
1287996962097246209	
1287995452009242624	
1287991966752313344	
1287983897557585922	
1288595252371238912	
1288611623779864576	
1288599464769474560	
1288601392798670848	
1288610540114325505	
1288614495514918914	
1288594013650595843	
1288291911191744512	
1288590317575458816	
1288580337271021568	
1288578950726180864	
1288578320599146496	
1288577442983157760	
1288573860627877888	
1288572426771554305	
1288622847695478784	
1288566498995380232	
1288580823453663233	
1288264386927185920	
1288285563431333888	
1288275189449408515	
1288270981400846336	
1288265134431825920	
1288264977577414656	
1288570544481345538	
1288557694291447808	
1288366667953831936	
1288427828921487361	
1288423753937039360	
1288419260499464193	
1288417252723830784	
1288411960384552961	
1288391338422149121	
1288378986524016642	
1288307839228928000	
1288311852057804800	
1288468834861670401	
1288458334794911745	
1288451982471176193	
1288449709489692672	
1288447402383421440	
1288442764473044992	
1288346291660038146	
1288335693941366785	
1288353846452985857	
1288312305730621441	
1288537292085301248	
1288534800379326465	
1288512137246187525	
1288509620865163265	
1288507099790684160	
1288501763453194241	
1288492746060308482	
1288489509169041408	
1288498287432130567	
1288692796988313601	
1288792985145147392	
1288696068893417474	
1288703618397491200	
1288699591718658048	
1288688359896842240	
1288688217693200385	
1288686024307224582	
1288759505686233088	
1288767306722574337	
1288706134942068737	
1288791143443042304	
1288693582707265536	
1288794479441387521	
1288741391359774721	
1288723767494152192	
1288922590925467648	
1288945234022477824	
1288948209272926210	
1288952721282924545	
1288956719297630211	
1288957231921164293	
1288964291966763015	
1288976416537706496	
1288982322226831360	
1288986384804524032	
1288738872864669696	
1288981164712169478	
1288708671464251392	
1288637345428897793	
1288643404310687744	
1288644194647650310	
1288647307018276865	
1288846721330618372	
1288899688423448577	
1288813107222056963	
1288819472166461440	
1288808334645170177	
1288824939710238723	
1288648320047554560	
1289134751543164929	
1289118360136024064	
1289108807126257664	
1289101253646131205	
1289083638773100546	
1289131236636663808	
1289172742701555712	
1289158889045401602	
1289147557801791488	
1289143780600418305	
1289040856738140162	
1289039938479038466	
1289039848074928128	
1289061620010737669	
1289252003286118400	
1289013468167774208	
1289007603423555584	
1288997894251589634	
1288992901939306498	
1288992074692472834	
1288998094462496768	
1289029415100461057	
1289254542446493697	
1289239436052455425	
1288988696188944385	
1289189098616487936	
1289259553297596419	
1289062763122372608	
1289053423162327042	
1289180285532168192	
1289184086536237056	
1289285001662492672	
1289312655233163264	
1289309009367846912	
1289307613755187201	
1289348412198928389	
1289347644905512961	
1289346507611742209	
1289342871334801410	
1289046880190705666	
1289325307699159042	
1289329739249758215	
1289196633708613634	
1289204193811525633	
1289206701376200704	
1289212184107646976	
1289199188941529088	
1289219303481303040	
1289229367046885378	
1289282446098300928	
1289322714100953088	
1289217324822585344	
1289194119047282690	
1289637102213160961	
1289385850342522880	
1289450540158423045	
1289394671781687296	
1289662586024157187	
1289668000958668800	
1289678313208700928	
1289693651983929344	
1289641059736330246	
1289457586379427846	
1289584703905779715	
1289598531377004545	
1289603559718359040	
1289640326622334977	
1289542913156882433	
1289561563179782144	
1289462619485569025	
1289546721526128641	
1289531396906778624	
1289524039141056512	
1289352911315562496	
1289569345467809793	
1289468659312861184	
1289608466433290246	
1289563042699718661	
1289360464649101312	
1289362992925036545	
1289388148418469888	
1289410619704135680	
1289380608834060288	
1289368490743222272	
1289379069117763584	
1289376552522788864	
1289455069780467713	
1290010731312807936	
1289795829662851078	
1289803130981384193	
1289727884911763457	
1289998090632482816	
1289988356202405889	
1290007242301771782	
1289943063339528192	
1289939278592479233	
1289920400156061706	
1289956091158122497	
1289999681326440448	
1290060094848237568	
1289712788986716160	
1289716309006192640	
1290025808262651904	
1290055052443303936	
1290320349255565320	
1290388484964798464	
1290392277513310209	
1290407365003673601	
1290421306479976448	
1290303939896778754	
1290424960754675712	
1290280281333612546	
1290293618335334401	
1290365839124975616	
1290422479266164736	
1290354249096925185	
1290185651736911873	
1290246554297614337	
1290177837949792258	
1290190942557765632	
1290238761280786432	
1290335146881753090	
1290339177817690114	
1290233706582597634	
1290435530346450945	
1290430146265190401	
1290262154189275137	
1290224404509503491	
1290206533473763329	
1290118189251268609	
1290098811847794690	
1290110891103531008	
1290090279958003712	
1290121964275871744	
1290128023388291072	
1290135583184936961	
1290087025408802816	
1290213343978901504	
1290204267404353536	
1290742050128683010	
1290638648866672640	
1290716666628911109	
1290722584242290689	
1290738722674098176	
1290745824880689152	
1290752061865246720	
1290701549921067009	
1290656970408681472	
1290683513474252801	
1290685746693713922	
1290688451721994240	
1290706584956547075	
1290633641849126912	
1290485359080607744	
1290462709331288064	
1290545515676028928	
1290475308085207041	
1290477808913915904	
1290790004663492610	
1290783509448196097	
1290777308266209280	
1290777160878305291	
1290767236471365635	
1290437579599482880	
1290438802272477184	
1290443080085024768	
1290445127694143488	
1290450683452366849	
1290451384698109953	
1290456435596431361	
1290458924295094275	
1290460204337954818	
1290471581421117441	
1290553078551392256	
1290463991484035083	
1290471190298009602	
1290468087280603140	
1290471031174500355	
1290544498288799745	
1290541226740060161	
1290539968528412672	
1290528165983670275	
1290509281146671105	
1290626088163516416	
1290618545244602369	
1290614227426738176	
1290610968075153408	
1290607184896720896	
1290599639251640320	
1290593590708764673	
1290582631424368640	
1290578702208819200	
1290497975853096960	
1290565924420976640	
1290759676003590144	
1290888011882745856	
1290949432456994817	
1290950696188227585	
1290953450440790017	
1290850488645070848	
1290855547927818241	
1290854289599078400	
1291158152952590337	
1290850514821939204	
1291158119368871936	
1291158626468536327	
1291159083320516608	
1291113989322289154	
1291018898771447811	
1291026438842454017	
1291033504558526465	
1291033766945792000	
1291052627178987520	
1291154361029201920	
1291060172241145861	
1290983422471680000	
1290973372080435200	
1290968810900660225	
1290851521404387328	
1291078218271916032	
1291140182880792576	
1291070142772912133	
1291114895031668737	
1291129968014106624	
1290856581215793154	
1290858064392990726	
1290859826034044929	
1290877945511206913	
1290867124060041217	
1290864859257733123	
1290898091034447876	
1290805829306920962	
1290875477566119937	
1290849369751564289	
1290801981578268673	
1290807508043468801	
1290808794293968899	
1290809108870975489	
1290830159675891713	
1290829016862273538	
1290826639929204736	
1290814722095357952	
1290805596762116097	
1291011117498671105	
1291392375340892160	
1291494287440580609	
1291490252486594562	
1291489422895190017	
1291476916021624843	
1291504268697010176	
1291521055375405058	
1291518563853799424	
1291400411551801345	
1291498492209266689	
1291513166564917248	
1291416253379366912	
1291417531308277762	
1291421300385341450	
1291423822860685318	
1291449006963425282	
1291408725245394945	
1291438917502341120	
1291378529641410573	
1291386276378279937	
1291473419502891008	
1291473495008751616	
1291474409786671105	
1291475409784233985	
1291451746825494528	
1291375995551973376	
1291436388869709824	
1291360897970184192	
1291245869941944322	
1291248386394525696	
1291253419785715712	
1291255936196149248	
1291237840010051585	
1291308298650759169	
1291347063972728832	
1291343303984766976	
1291324402253074432	
1291311057605197825	
1291308552724852737	
1291328208311287811	
1291280362132451328	
1291290438352207874	
1291222739177689089	
1291275330561466368	
1291226495650856960	
1291224478907691009	
1291179592892456960	
1291181592036212736	
1291179909163954180	
1291171447365345280	
1291163858950918152	
1291187264530386945	
1291211190325174274	
1291215191934472192	
1291218187355381760	
1291180983971176449	
1291798799610937345	
1291611297696669696	
1291622882280386560	
1291811401351270400	
1291796332546535427	
1291592676324892675	
1291787455239200768	
1291585105295577088	
1291738375981072385	
1291840510936657936	
1291876571486146561	
1291849346477154305	
1291652135428534272	
1291641493002883074	
1291701902338666497	
1291740901404860416	
1291581336411680769	
1291750977037578243	
1291743461264293894	
1291735876716965889	
1291730846139981824	
1291720754065793024	
1291713217752977410	
1291567509196492800	
1291566257737740289	
1291814146737156098	
1291560035848458241	
1291826609587195905	
1291748453203218436	
1291536064138694658	
1291524846682333184	
1291527935506096128	
1291529084900487168	
1291529774951669761	
1291533593181745152	
1291540019107119104	
1291542198958383106	
1291545743363276802	
1291527774126055426	
1291558614532886529	
1291889395402973184	
1291902674271526912	
1291902739946057728	
1291926760884326401	
1291941704950411265	
1291933651941367810	
1291929121967153152	
1291924855143763969	
1291921085756256256	
1291895438719754240	
1291926116966555648	
1291977697632100352	
1291947507359121413	
1291913723330920453	
1291911764649619456	
1292146327149842433	
1292146849407803395	
1292151860715905024	
1292172750694625283	
1292136770352623617	
1291981044741218311	
1291908506979893253	
1292075351875649537	
1292095573835886592	
1292086314393796609	
1292000375873122306	
1292126689678499840	
1292015451145371648	
1292283214145490944	
1292287243973996545	
1292294812490764288	
1292309891508514816	
1292317460612481024	
1292480772411187200	
1292478751033495552	
1292488076372201474	
1292260324645773313	
1292257044276359168	
1292475996311093251	
1292471203458945030	
1292504407825887233	
1292502247830704128	
1292468457028673536	
1292340100970446848	
1292362752514719744	
1292581699755421698	
1292511726475378689	
1292506187720732672	
1292505753551601664	
1292408042445733888	
1292947857625030656	
1292951621396201473	
1292934245133045761	
1292825552366243840	
1292930721674416128	
1292928997307953152	
1292927228502654977	
1292926972851564544	
1292849462432468993	
1292932740678135813	
1292778229544165377	
1292812968502136833	
1292789072549814272	
1292862460890943490	
1292845700288585729	
1292725641507475456	
1292886537454182401	
1292657206043783169	
