1276324133446529024	
1276474049271672833	
1276313564781797376	
1276468771507617794	
1276466708237168640	
1276444795980992512	
1276485389851770881	
1276432274091843590	
1276714643646447617	
1276678843487617024	
1276677640888422401	
1276666588448555011	
1276848037726486536	
1276855580595048449	
1276871233246760960	
1276878406727106561	
1276881994706825217	
1276966785099739136	
1276798925392003072	
1276717977627496453	
1276679400008925184	
1276721547861020673	
1276893330811629570	
1276948891074727936	
1276956720934400000	
1276911188899749888	
1276913711261900800	
1276916467825627143	
1276686014598217732	
1276757411236364288	
1276683510720327680	
1276926037415342082	
1277021425266720770	
1276709852891447296	
1276702474456518657	
1276697758917779456	
1276690209116237824	
1276688954398474240	
1277013871568486402	
1277025436657123330	
1276687692307116033	
1276994741461233664	
1276983923227201536	
1276981884296351744	
1276974091719905281	
1277001531108270081	
1277187764417593344	
1277206623644258304	
1277210409876029441	
1277273546256003072	
1277346048218931209	
1277339380655493127	
1277305784632856576	
1277320869820403713	
1277361167732813825	
1277364919667691525	
1277285914616778755	
1277157548274188290	
1277119817665974272	
1277081541429125121	
1277069977674276864	
1277059419260542977	
1277055394590883841	
1277054886144806912	
1277051617720795138	
1277051344143212544	
1277255698066391042	
1277552410672738306	
1277406686370807808	
1277429342000353283	
1277421804651515905	
1277399148132732929	
1277517426222141440	
1277512168410398726	
1277497288714326017	
1277490507720069120	
1277493525207228417	
1277729809381027840	
1277721270210236418	
1277703651084120065	
1277706833868853254	
1277715939082014722	
1277716227541159939	
1277744402576707584	
1277727292786122752	
1277637049663840256	
1277640496253411330	
1277648714925060102	
1277655586239401987	
1277668176986361857	
1277632962339704832	
1277556940529438720	
1277620354731646976	
1277748946912370690	
1277595219320545280	
1277597715099275265	
1277592670819532801	
1277580086405992449	
1277576297552711681	
1277566743112794112	
1277910764460924929	
1277906483255095296	
1277832988890411008	
1277904979186061312	
1277872026187939840	
1277870136217817089	
1277777015567835136	
1277782657326333954	
1277780158167093249	
1277769103508475904	
1277764818246737922	
1277833252695429120	
1277771875372892160	
1277898445613907970	
1277835505472847872	
1277829495140081664	
1277844588082929665	
1277789816529305600	
1277920598681948167	
1277813446667464704	
1277927871428861953	
1277932919344988160	
1278028292260614145	
1278050939438542850	
1278045674853093376	
1278038352940466177	
1278034587084619776	
1278079879163109376	
1278088703349600258	
1278077496806772736	
1278065855646126086	
1278028462553473024	
1278028027784462337	
1277818153817513984	
1278025792027594754	
1277980259443499008	
1278007667198513152	
1278020752529391624	
1278013209459425283	
1278000124371914755	
1277866978854809600	
1277918319690031106	
1277796513285111809	
1277797270000451585	
1277800284828438530	
1277806535570337793	
1277786192906457088	
1277811545020522496	
1277812907187802112	
1277942985615949824	
1278108824629542913	
1278110968451653632	
1277821930586898438	
1278119049713430528	
1278122396046614529	
1278127429085564928	
1278135416248508418	
1278139029075234818	
1278118889264734210	
1278136497397542913	
1278118857052282880	
1278116379867131905	
1278184322332332033	
1278180277487931392	
1278178559039664128	
1278172727770152961	
1278170128224415745	
1278157909633925120	
1278185310619422721	
1278473300667228161	
1278454882194853896	
1278460897552486405	
1278463672747261953	
1278466191502323712	
1278473545887211524	
1278474612280606720	
1278280207678541824	
1278407068941254657	
1278420917287256065	
1278411752368209924	
1278403031202254850	
1278397986289209345	
1278229622233149443	
1278393437390331905	
1278267615098679296	
1278270132238929920	
1278274919713964033	
1278292522096300034	
1278290021527814150	
1278295053690195969	
1278222074444734464	
1278225867618037760	
1278572864182956032	
1278574115562106881	
1278577897465241602	
1278554275573051393	
1278575380731920385	
1278496599413592065	
1278527840577863680	
1278518569945444353	
1278525388197629955	
1278527005227716608	
1278570347919368192	
1278542940982382593	
1278539186174414849	
1278498518605467651	
1278567245111627776	
1278558948703035393	
1278487039290347520	
1278479964476542976	
1278582930533580800	
1278584459835715584	
1278762873364324352	
1278825603802726400	
1278567083224133634	
1278757874785832967	
1278838638286168064	
1278828558748659713	
1278836113432555520	
1278755339794604032	
1278494886430478338	
1278738764278489088	
1278748442278473730	
1278707723492884480	
1278775940089290753	
1278781835384721408	
1278784465485983745	
1278789006738808846	
1278793500176330757	
1278586725988622336	
1278794054902431747	
1278809682182733826	
1278799640977199104	
1278710049096044544	
1278773198478344197	
1278720109994016770	
1278809017528340480	
1278619183438270464	
1278610140372049921	
1278648372144947201	
1278659710439342080	
1278667236081795073	
1278682370514837506	
1278671040445648897	
1278637317700440064	
1278594518414168064	
1278598029994582016	
1278604592725528576	
1278608308220432386	
1278703748643196929	
1279202539972460544	
1279203033499525120	
1279112672693248000	
1279182393878949888	
1279122749328416769	
1279163712692158464	
1279130305497116678	
1279145851055734787	
1279148174356164608	
1279151207068598275	
1279202067291295746	
1279163872784629760	
1279125277113753605	
1279115214722609153	
1279074974683279360	
1279017783376969731	
1279167912197140480	
1279072423975976962	
1279077489529294848	
1279085014383235072	
1279090067357732865	
1279092546849955847	
1279039713714847746	
1278964201789194240	
1278965969386422272	
1278972257814155266	
1278974276314583040	
1278986596549787648	
1279001398013841410	
1279007068486238208	
1279012905229451264	
1279023344969531393	
1279064879845052419	
1279062367020691462	
1279054800785637376	
1278909108100509696	
1278870335123832832	
1278882674355175424	
1278886459307692034	
1278889168622379009	
1278890226602127360	
1278950620800733184	
1278892470106034176	
1278897503274962945	
1278897779528675328	
1278897782561136641	
1278900019777724416	
1278901541802520576	
1278902536595005446	
1278894986881232896	
1278945827692646401	
1278945570007199744	
1278940033626648576	
1278843674714148864	
1278848703101575168	
1278851217465192449	
1278854185631563781	
1278857047342186506	
1278870002100244487	
1278920419299516416	
1279059859443507209	
1278928457301282816	
1278930973938180098	
1278932232317669378	
1278935529342541824	
1278937265343918081	
1278927978253225984	
1279049777007726597	
1278956931646963713	
1279430036735561731	
1279309241929654274	
1279236300269182976	
1279237322966315008	
1279248834649108481	
1279276008772952064	
1279277774734274561	
1279407397912674306	
1279282807651606530	
1279246402607079426	
1279399852334616577	
1279313016161435654	
1279346978585968641	
1279339446928904192	
1279316776749326336	
1279208575253000193	
1279286588992708608	
1279365863464984578	
1279290362004148225	
1279501256973787137	
1279527927063904256	
1279212954701856769	
1279219626149318657	
1279214592678223873	
1279211904586530817	
1279210388958003200	
1279210501763821568	
1279343587218673664	
1279498482596929537	
1279493454603714561	
1279486670526722049	
1279480620406771715	
1279478104759681027	
1279471043544039425	
1279462755569930243	
1279459216508497921	
1279455948956934144	
1279453310496526337	
1279453192896552960	
1279516598890639360	
1279531700079546369	
1279297917673705472	
1279222888596475906	
1279614744043966464	
1279584296974647297	
1279905653214060546	
1279792426551586817	
1279822371986329603	
1279618783917768705	
1279648970428596224	
1279701827156574208	
1279709374823440384	
1279826136739057665	
1279818609347440640	
1279799699546017794	
1279845059123388425	
1279860118583226370	
1279814829843402752	
1279803473224237056	
1279829951647268864	
1279762225914433537	
1279769758594891780	
1279943416470798336	
1279981152695132161	
1280011365013426177	
1280023695793291264	
1280028719575416832	
1280034028108812289	
1280038789109473280	
1280285657114406912	
1280284837065060353	
1280283057245716480	
1280282525059780608	
1280282214823948289	
1280277807864721410	
1280268238719463426	
1280061436555931648	
1280263941667598336	
1280260925321338880	
1280258361762725889	
1280069244311539713	
1280169658885312513	
1280173154946764800	
1280190585106825216	
1280194838596591623	
1280164633354162179	
1280201104198897667	
1280066472736415744	
1280082842307956736	
1280157083011297287	
1280074034106052610	
1280141981302300674	
1280139458558468098	
1280137632111042562	
1280113176894464003	
1280131909931188224	
1280111768895979524	
1280110244354494464	
1280106935107432448	
1280096429600620544	
1280607439969280004	
1280581400559788032	
1280639110416404480	
1280632540915695616	
1280619551403790344	
1280612551924031488	
1280603130732990465	
1280606250888310784	
1280641558606426112	
1280462713655906304	
1280464365691469824	
1280467878358265857	
1280471639264722946	
1280475423462359042	
1280479761190584320	
1280489265168818180	
1280459395080519680	
1280491781784768515	
1280302957318324225	
1280439930876039168	
1280437165986545666	
1280504382707073025	
1280509152079593480	
1280512038087819273	
1280513162102571016	
1280297639695847424	
1280304431263879168	
1280305022245326853	
1280329741569077255	
1280570547705962496	
1280569291969114115	
1280567295329402881	
1280564750926127104	
1280555135551377409	
1280545962872750081	
1280434904770187264	
1280423841446203392	
1280418806838579202	
1280534568836255746	
1280411255724007424	
1280534540222693377	
1280295297030262786	
1280308503643480064	
1280324210183847937	
1280328700139986945	
1280516706067243015	
1280516923915108353	
1280292541875851266	
1280526065446858755	
1280518365652623360	
1280527511575769088	
1280517269936799744	
1280532089973149696	
1280357016679124992	
1280357372779618305	
1280358650129854467	
1280364922505965568	
1280366195703795712	
1280453155302584326	
1280980701505097737	
1280984163789811714	
1280990853578854403	
1280995135258595330	
1280976400397328390	
1280972980781223945	
1281006448152137730	
1281002135367401475	
1280973741112115201	
1280742691857403904	
1280963927397085185	
1280957588050522126	
1280662452678594561	
1280739669047721984	
1280842275522785285	
1280849152163938310	
1280851656419299328	
1280885304753360898	
1280886890598739969	
1280889418040172549	
1280894458679132160	
1280899937593626626	
1280917080582377479	
1280937225216241665	
1280939734873837573	
1280913616041127939	
1280834945594863617	
1280833023668355072	
1280873676246790144	
1280815821443477507	
1280854168622829569	
1280778908426743809	
1280788236193988608	
1280801561439076354	
1280812638872768517	
1280831274219982854	
1280840281701732353	
1280675263165214720	
1280675994337259520	
1280678005896085506	
1280694262758281217	
1280694366949040129	
1280735381604966400	
1280736131269767170	
1280738161262460934	
1280739389975465985	
1280667367438053376	
1280666643023237122	
1280745951251087360	
1280734608418619397	
1280659993386197006	
1280758450071449601	
1280704919343783936	
1280705184390356993	
1280705617435324417	
1280709442577850378	
1280713494334189568	
1280714475990114304	
1280719509008125952	
1280727058751111173	
1280728596554924037	
1280729575509626880	
1280705703636873224	
1280733757612462080	
1281113129003384832	
1281113613105799174	
1281113857612636161	
1281113874629091328	
1281115891145596929	
1281118391017910273	
1281108594403028995	
1281093473186111488	
1281088691730087937	
1281089468397760512	
1281094992719732736	
1281099522777759745	
1281101043238080512	
1281101274600087552	
1281107337814695936	
1281110109289152512	
1281086175092994049	
1281109599693791232	
1281073613957980160	
1281309932529254403	
1281320525617410049	
1281325140924604433	
1281062798840213506	
1281065317276561408	
1281067058659237893	
1281083439249309696	
1281068577752338434	
1281076876971253761	
1281077625147056131	
1281078143911165952	
1281078625241108482	
1281079405092143104	
1281057751423213568	
1281073357123923971	
1281317468548608002	
1281308879360536577	
1281295786748317696	
1281374644738695175	
1281294614813704193	
1281056235119415301	
1281016024008097800	
1281033855412178945	
1281041658021322753	
1281051709800931333	
1281336292782026758	
1281340129085399040	
1281345149637992450	
1281355779447103489	
1281357046282104834	
1281360967188848642	
1281269394136539137	
1281362761210114056	
1281370109693644803	
1281294919412314113	
1281335260303818760	
1281333798349807621	
1281332364602466306	
1281275700645974016	
1281287398413000704	
1281367802075648000	
1281211551710658560	
1281359001117175813	
1281185105571184640	
1281196424701464578	
1281226623178735616	
1281231658587471872	
1281236694361047040	
1281229144718741504	
1281251863736844294	
1281254299671171072	
1281259338141765632	
1281266890745229317	
1281214043622125577	
1281156669947379714	
1281174998049329152	
1281181348980494336	
1281249351147442177	
1281694031597178880	
1281690155959689216	
1281688562069430273	
1281687854809337861	
1281687786341437441	
1281675810747723776	
1281673001554063360	
1281669977880182785	
1281666771582423041	
1281662910482264064	
1281660357610573825	
1281679837090832384	
1281669200390565893	
1281698158284873730	
1281700990853558273	
1281389822297464832	
1281649404663836672	
1281488590975926272	
1281481047440527360	
1281475776613933057	
1281474483736453120	
1281497400872505344	
1281500929477550081	
1281578922078015488	
1281573986187575297	
1281570127843074048	
1281566361295216641	
1281543744760811520	
1281536407178301442	
1281528608578842624	
1281516027650727938	
1281512750926176260	
1281378032335413249	
1281471476655362053	
1281655549621350401	
1281445053001605121	
1281429208783368192	
1281385946403893248	
1281391127648628736	
1281393972825468928	
1281377625915760641	
1281704275341713408	
1281701250199945217	
1281634288866258945	
1281624825098842113	
1281614181972795394	
1281609143346962437	
1281606622914240515	
1281599065520771072	
1281596538318454791	
1281646887330885634	
1281431210464550913	
1281385180599590912	
1281381066016776193	
1281626755829305344	
1281730168554434560	
1281421766993367042	
1281732248321097729	
1281414103060434944	
1281459904658706434	
1281456867655348224	
1281454351148617728	
1281591523101093888	
1281729182561599491	
1281452104108904450	
1281728155255021568	
1281727960081260544	
1281726670592970753	
1281722632346402816	
1281721522684596225	
1281728931549319168	
1281711071611572224	
1281717355840778245	
1281970011112906752	
1282016064533073920	
1282022876233834496	
1282026914207735811	
1281974293749018624	
1281974418370105345	
1281928500245663744	
1281977330781618177	
1282032430485057537	
1282004115556569089	
1281932013713457152	
1281992657036890112	
1281944099709505537	
1281951905216901120	
1282093230293692416	
1282075966370717700	
1282053318857154561	
1281963852532461572	
1281959207344975873	
1281955423420112898	
1281946827999387650	
1282057104979787777	
1281816515520663554	
1281819280720441344	
1281822802182627328	
1281830580255109120	
1281830849315590144	
1281831356905992195	
1281833864370028545	
1281840373241913344	
1281785785172230146	
1281781305731153922	
1281778739626614787	
1281772353945509889	
1281771188910460931	
1281762382348464129	
1281758354310787074	
1281756370212212736	
1281756296975273984	
1281755925146034177	
1281751201969733634	
1281783268417781761	
1281816260666433537	
1281792375380205569	
1281752082605907973	
1281743758237872129	
1281746285150732289	
1282457479989919762	
1282442382466863104	
1282438346871013382	
1282370404926070784	
1282423248605642754	
1282366670514851840	
1282378193715056640	
1282427047726522370	
1282102426477252610	
1282396846162350083	
1282400619438002176	
1282215628942737408	
1282147720061485059	
1282362366081011712	
1282404416272961537	
1282200286275276802	
1282192968196259842	
1282151455206539265	
1282163043699494918	
1282261196801024000	
1282290887830249479	
1282306492239163394	
1282336687247568896	
1282347755260846080	
1282351535448612866	
1282242308667322368	
1282819737790095360	
1282812535721398273	
1282812270951624704	
1282808448330145800	
1282795251304992774	
1282792705232384000	
1282691297724243968	
1282744155463090177	
1282683718923096065	
1282681195399176192	
1282785497111236612	
1282676196392787973	
1282663595306881026	
1282789649849749505	
1282782122286231552	
1282778250620489728	
1282756701737934848	
1282762105016537089	
1282765136730689538	
1282767986336702466	
1282768760676315136	
1282773426957160454	
1282777789712588800	
1282778969973174273	
1282642214343061505	
1282653548786966528	
1282638415343869953	
1282749153630707724	
1282696306750873602	
1282464796735156224	
1282741601505345537	
1282739086218887169	
1282736622639996928	
1282734053809160193	
1282731552934420481	
1282646002554503169	
1282698822884491264	
1282716455298105344	
1282706618182926337	
1282721452291059712	
1282714473611001858	
1282612748065681410	
1282623738492727299	
1282541789530947585	
1282555358028787713	
1282563182440124419	
1282567947668660224	
1282572988362174466	
1282556875159023618	
1282906704242515969	
1282885540589772801	
1282907702935654400	
1282908186698227715	
1282902387871682565	
1282908951319924736	
1282891573026422784	
1282966843209084935	
1282893858066571265	
1282894106579079170	
1282897381105848321	
1282898869441794048	
1282919002327486465	
1282904672890769414	
1282893836113661953	
1282903902795358209	
1282969362408800256	
1282971875887534080	
1282857632399794183	
1282978419295191043	
1282868191333670912	
1282869684593885186	
1282870197435719681	
1282879756954931207	
1282853569784422400	
1282880512412049409	
1282881762666979331	
1282861630364295168	
1282835353485836294	
1282845349976080390	
1282880758936489984	
1282976152924172288	
1282986209992749057	
1282962045999218688	
1282885056005103622	
1282926551798108166	
1282926830908047360	
1282931351604387840	
1282943689053085696	
1282888070166188033	
1282882017919631360	
1282883028482654209	
1283183009613721601	
1283178884087898124	
1283173661025996800	
1283166306477445120	
1283159370759573505	
1283158829677641733	
1283158184845344774	
1283155734444871680	
1283150795098279946	
1283129406597279750	
1283114064378552321	
1283049899198685186	
1283047365314842633	
1283046131866509319	
1283169444454379527	
1283039747372457985	
1283023500714872832	
1283101474407485440	
1283097485225930753	
1283083857768648704	
1283111529441828867	
1283135000775401475	
1283025989224849408	
1283119336266387456	
1283012158742298624	
1283015938267389954	
1283294228089638914	
1283277111655051272	
1283272078553223168	
1283280395031781376	
1283287719033163776	
1283288436447698944	
1283289201878999040	
1283282144857591814	
1283261537151524864	
1283261771893968897	
1283262012152254465	
1283264528818401281	
1283269588529143808	
1283289831645249537	
1283260560822304769	
1283398436927213569	
1283274595156422657	
1283466378570334208	
1283431764287991814	
1283473930733461504	
1283423607859949569	
1283527873773658112	
1283522617811623937	
1283518153549590540	
1283509266800926722	
1283500429637230599	
1283494187049070594	
1283488123264131073	
1283348112153731078	
1283343553406607361	
1283300543960670210	
1283294230392299521	
1283378279638949891	
1283382075874258945	
1283390893035266051	
1283395894503600128	
1283370763312078849	
1283398432200286208	
1283400938619908098	
1283408521980190722	
1283388344877998080	
1283257524943237121	
1283208500403941379	
1283202731226935297	
1283194616255217664	
1283189603021840386	
1283256494667046914	
1283221344788852736	
1283253977887506433	
1283242360051306501	
1283239823650824192	
1283237126792982529	
1283228748347736065	
1283226203084791809	
1283230571150209029	
1283906817559597057	
1283866275672928256	
1283906302570164224	
1283910573898506241	
1283896410333569026	
1283912864638607364	
1283754084739186689	
1283758437181030400	
1283780945665982465	
1283775922664099840	
1283770889885167617	
1283770114974900225	
1283778472297598976	
1283773408812175360	
1283579132476116992	
1283893080081395712	
1283893611428327424	
1283879678839791618	
1283881747718053888	
1283886076965388288	
1283890332535488515	
1283874471611334657	
1283865382349086722	
1283659408044630016	
1283653844170420225	
1283844115071930369	
1283833805627969537	
1283841363327561729	
1283846420123000836	
1283853000004349952	
1283861004460253184	
1283864987329392640	
1283821700875001859	
1283816194131267584	
1283811143644065793	
1283788499645353985	
1283791003170869252	
1283585936765284352	
1283648811068465154	
1283646189708034048	
1283645767962390529	
1283633474340032512	
1283656629293064192	
1283663672469082112	
1283680539040456705	
1283672495019773952	
1283657677114093568	
1283661159850180609	
1283660152416215040	
1283658877498560512	
1283604810588184581	
1283618349700833280	
1283670196159488000	
1283609242352656384	
1283745096433831936	
1283733116910108673	
1283720411142922240	
1283701324421505025	
1283691606839894016	
1283687587090137089	
1284080462214955009	
1284043520563527680	
1284018719119867905	
