1292649629167816704	
1292766151295086594	
1292770444022616066	
1292773962167005184	
1292734693373366274	
1292753332566712320	
1292619440853520384	
1293254606114287616	
1293116457052774400	
1293285220796502020	
1293274273818255369	
1293204309774131205	
1293116707058470913	
1293187093040992256	
1293193011623534594	
1293215642263392259	
1293242043700064258	
1293127531017666562	
1293133074084106241	
1293267788283498496	
1293136348602228736	
1293252089431367681	
1293324289429712898	
1293072913327955969	
1293100043101179904	
1293088793491382272	
1293085513293934593	
1293060585370849280	
1293053302108827648	
1293049551214055425	
1293038214081544193	
1293332503713980418	
1293026906133192707	
1293023091057217536	
1293007739120222208	
1293004511934656513	
1293000702357381120	
1292996699418497024	
1293310101894451202	
1293322400256471040	
1293323170850668549	
1293139607509438464	
1293142135919837184	
1293130805909364736	
1293170353884344320	
1293148909552971777	
1293351765266620417	
1293354749908021249	
1293354230879789056	
1293350231304798210	
1293337980195811330	
1293673635761270789	
1293694733844275200	
1293695609887588352	
1293695796123021314	
1293380501160394752	
1293545299953291265	
1293626928402923520	
1293632497650216961	
1293633484695773185	
1293633978176610304	
1293637719604842496	
1293560388588634113	
1293483395260047366	
1293568697211248641	
1293422774837325824	
1293423483460956160	
1293572964949151747	
1293476577565716482	
1293472569451057153	
1293652183406325761	
1293513813917143040	
1293538746990723072	
1293544039304908806	
1293952987484901382	
1293823108734951425	
1293838468163031040	
1293732883283111936	
1293741753812516865	
1293743573196771330	
1293746855797374981	
1293701550972575758	
1293715161082191872	
1293748956938133506	
1293752175127146496	
1293756038731243520	
1293759468656889856	
1293765778119032833	
1293789658485272576	
1293754292701204485	
1293958020557307904	
1293963405213171712	
1293710549394612225	
1293855575709822976	
1294044812916662272	
1293848538913411077	
1294040709029228544	
1294038630936141824	
1294008693818896390	
1293997819532054528	
1293996181320806401	
1293985726313439233	
1294047359199064064	
1293980667433439239	
1294055395321942016	
1293932853391220738	
1293910258134351877	
1293905179306340353	
1293965559873380352	
1293922758603284480	
1293891326241579010	
1293926568000184320	
1293973104654516225	
1293897607098568709	
1294358630657961984	
1294391709200035841	
1294392132426297345	
1294396238511702017	
1294317906210304005	
1294330479341187072	
1294344055493713920	
1294350844322873344	
1294389227866611713	
1294356009213816832	
1294413016356847623	
1294302814374711297	
1294404595058270208	
1294406031418765312	
1294408738321895425	
1294409996743127040	
1294376612671234056	
1294366935551885312	
1294306566120902661	
1294364418982076416	
1294208854524297217	
1294249932677951493	
1294180722106916866	
1294204658337173505	
1294175193041186820	
1294163355314393088	
1294152050587172864	
1294227286959558657	
1294297758979981312	
1294292727031566336	
1294290192992477184	
1294259993764605952	
1294246150384627715	
1294242387116597248	
1294231069546381314	
1294081580625952770	
1294136035941576707	
1294099562810884096	
1294103449315901440	
1294106749809692672	
1294105462372069376	
1294110998979383298	
1294129384857755648	
1294069004139663360	
1294078801555718144	
1294081572480614400	
1294713239910207489	
1294715995404349440	
1294721531436834818	
1294709169426239488	
1294708452376313856	
1294653605082017792	
1294665423405961219	
1294680536909324288	
1294692389932728320	
1294638485291372546	
1294506882682564610	
1294462849553698816	
1294782191780737027	
1294451580801097729	
1294487386408259585	
1294623909761949696	
1294567278210670598	
1294559718925651968	
1294552174224179201	
1294461014067429376	
1294914556263911425	
1295114386877689856	
1295121934422880256	
1295125949890134023	
1295001608368119809	
1295050239792025600	
1295008682862837766	
1294929653753413632	
1294922121823559680	
1295046440172032001	
1294812374453624832	
1294793778046410753	
1294816405813067778	
1294846617200349186	
1295080429628858368	
1295508667073277952	
1295462940053831682	
1295460392819404800	
1295498400088162305	
1295449904966508546	
1295298386304933890	
1295491362528342018	
1295475861999820801	
1295504059076685824	
1295469913658728453	
1295507246269505536	
1295384910782496769	
1295421619616264193	
1295352219303325698	
1295337091749023745	
1295367352029196289	
1295398191211458560	
1295306394040774656	
1295406060451373057	
1295396858328764416	
1295377377283969024	
1295314464590508037	
1295224089540534274	
1295249958069829632	
1295258333335769088	
1295275438772813829	
1295279970965749761	
1295178805640921090	
1295167240036286464	
1295425181792559105	
1295464475458494466	
1295546682181001216	
1295529547467837441	
1295801425642037249	
1295826882500460545	
1295795107329966087	
1295837958440968196	
1295712269725323267	
1295767839794757633	
1295773699359088641	
1295720881843568643	
1295732181361242112	
1295747304457154560	
1295819984078344194	
1295519281791348739	
1295858842899800066	
1295639083969126400	
1295787583935598602	
1295670536060764160	
1295676827520950275	
1295680605905068033	
1295688155505602567	
1295576013393534976	
1295586498570485760	
1295618949141463040	
1295626526189326336	
1296190282594234378	
1296193998013583365	
1296120376427249664	
1296091669935390725	
1296096438976479234	
1296054324867604481	
1296104016435392514	
1296168322736762881	
1296153229726748674	
1295974801044111360	
1296041791515484161	
1295946354964008968	
1295948878882234368	
1296017323233554434	
1296029273938178048	
1295982087107993601	
1296043447833505792	
1295885141466853381	
1295878439552024580	
1295873758486560769	
1296224159379398656	
1296205322860847104	
1296359332850864129	
1296331398454947840	
1296328622983217152	
1296322840023773184	
1296378455077138434	
1296381469196275717	
1296439385886461952	
1296409181176705025	
1296412917122949120	
1296420510318854144	
1296353802522632192	
1296296163449221126	
1296469584309035009	
1296347494025244673	
1296341468496437251	
1296431825552846850	
1296532467105632256	
1296583060763430917	
1296550092888055814	
1296540016965976064	
1296237646310715392	
1296537552338518016	
1296276053116088320	
1296288017116626945	
1296255399344181249	
1296284655369428993	
1296649558848606210	
1296628363617095681	
1296604446781321216	
1296648481138864133	
1296651774384836608	
1296624589133537282	
1296630090231615488	
1296748914733920263	
1296772284947009537	
1296726500872540161	
1296607561169416193	
1296677467650961408	
1296602173044854789	
1296686892210180096	
1296921014379720705	
1296854621286207489	
1296844548476489730	
1296857117039702017	
1296799229265022977	
1296892367736274946	
1296896135500627970	
1296911224115023874	
1296940094767726598	
1296945198728130561	
1296942423902433282	
1296979399695269890	
1297244180540993536	
1296973701305585666	
1296975315378479105	
1297243152944955393	
1297232092259123207	
1297303552046575616	
1297240397417263105	
1297175703239229445	
1297091655607160832	
1297190814041411586	
1297194599866413061	
1297141537885872129	
1297043082274320390	
1297473933336338432	
1297496583043452928	
1297504118781730818	
1297549233436991488	
1297541622926893057	
1297414551630229505	
1297371493723185153	
1297458821670076416	
1297896502254284805	
1297893948959141889	
1297866335460954112	
1297858728151199751	
1297873825221218304	
1297753272367939584	
1297775911035600897	
1297855243699523589	
1297983288154492928	
1297956865716948994	
1298046400521895937	
1298026345075814400	
1298019065890516993	
1298046173282885633	
1297934223551139841	
1297926693253001216	
1297921618799460354	
1297909052991774722	
1297946799894921219	
1298107033967898625	
1298126966298742784	
1298209784815128576	
1298047739113005056	
1298065320842858496	
1298316740104007685	
1298326806165164033	
1298138307801604098	
1298236224629612546	
1298277747719118848	
1298349443163607041	
1298251321313832961	
1298405274072489985	
1298401022608580610	
1298383302114648070	
1298381136251564035	
1298246269517860865	
1298392468585615362	
1298267679346712578	
1298549523028021248	
1298573428052627456	
1298558560398344193	
1298582772932648960	
1298586493968166912	
1298608644406358018	
1298613711775641600	
1298553294328143872	
1298422132007825408	
1298628861689823233	
1298448523172732930	
1298630259693228033	
1298611175303806976	
1298463863063674881	
1298631317429592064	
1298751178193465344	
1298751671271596032	
1298751772983521280	
1298768478237863938	
1298766149044314112	
1298674096520167425	
1298658967611215874	
1298646401967169536	
1298679133006901255	
1298470496992993282	
1298515794842857473	
1298518820555038720	
1298521607691018240	
1298783959896281088	
1298798896903327745	
1299078996261470208	
1298773980535492609	
1298784718230618117	
1299023897304666115	
1298976056024547331	
1298973539656175622	
1299028956281286656	
1299009554546593794	
1299003738758230016	
1298790840874172416	
1298789860606709760	
1299051592348569601	
1298822752317579265	
1298818552191946752	
1298812448636624897	
1299384279416410112	
1299381245844086786	
1299351061216538626	
1299300722010394626	
1299361108126511104	
1299308307560173568	
1299416488483475461	
1299331004440731649	
1299468301890920448	
1299474971471814658	
1299486984839344128	
1299487982949289984	
1299491053930778626	
1299408930725146636	
1299312036732698624	
1299419003266494467	
1299453607021084675	
1299196774247272448	
1299202899097116672	
1299195362461310976	
1299511973969899531	
1299568974347358208	
1299736843886485508	
1299509199198720002	
1299702930862465025	
1299779861091844096	
1299633158497935360	
1299506570691313664	
1299504125164560391	
1299817869673402369	
1299498829746712576	
1299804778793439236	
1299520499375116289	
1299537510725496836	
1300128796025278464	
1300191831729242114	
1300010639914676226	
1299995547512827904	
1300131455515996161	
1299987995446128645	
1300037060670218241	
1300188048337047555	
1299972906487816193	
1299931369817214977	
1299942688305942528	
1300418112441942016	
1300546413185716225	
1300490291426754563	
1300330745874075648	
1300335273746878464	
1300352594381090816	
1300383844508540928	
1300428147767357442	
1300354074160881664	
1300455835722821633	
1300430649422118912	
1300465909069422599	
1300354307750088705	
1300365486211952641	
1300362719103578113	
1300297521646927875	
1300312632684093440	
1300898751125565441	
1300845901355847682	
1300818222476820481	
1300803121665507328	
1300793041926737923	
1300790536530538497	
1300788058137260032	
1300780528447221760	
1300868548424798208	
1300862433452527624	
1300856339040788481	
1300852010741161990	
1300772954192654337	
1300716295902683136	
1300700929721802752	
1300708488549740549	
1300727877869199360	
1300735195079942144	
1300881389533962247	
1300616885663404032	
1301152923150409731	
1301160467541434368	
1300999418183929856	
1301022315975774210	
1301029853643378688	
1301047225078951936	
1301059808959881216	
1301259143790157827	
1301071127482175488	
1301074914154369027	
1301230925087412224	
1301253586651942914	
1301251053472624640	
1301223364292472833	
1301258871403618304	
1301151679165927424	
1301067386443964416	
1301142883408412674	
1301097577119711232	
1301301161719402508	
1301093283142291458	
1301170550820278277	
1301293884870451201	
1301278787439656961	
1301281899122274304	
1300954602150465536	
1300969467359440898	
1300988075825401856	
1300984335777050626	
1300991858517172226	
1300951835793121281	
1301542970521518082	
1301532903738945542	
1301527903033847809	
1301522854710829057	
1301600885357899783	
1301512807528226821	
1301593314949558272	
1301598360755986433	
1301475051997405185	
1301369612374806528	
1301366830368534536	
1301517843306029057	
1301349222491488258	
1301344440464924673	
1301329093519118336	
1301313999603204096	
1301334117171294208	
1301643644974313479	
1301548037232353281	
1301669067514839041	
1301376145942876164	
1301646178442936322	
1301467502933946370	
1301463480822886401	
1301457422784040960	
1301409870906888192	
1301403058631585792	
1301392254226100224	
1301450628955332608	
1301992455953416192	
1301780803987349504	
1301999495962669057	
1302000766367027201	
1301930542041096195	
1301950692618375172	
1301953195619516421	
1301960747497517058	
1301963263652114432	
1301981384282714112	
1301928009444843520	
1301909363049803776	
1301829878367621122	
1301826108069904384	
1301820560540946432	
1301898602634260482	
1301890295416709123	
1301694008507408392	
1301679398177865728	
1301845019171659776	
1301761963760943104	
1301739036751597570	
1301723939446628352	
1301712849446866950	
1301773243968368641	
1301887759381131264	
1301915449114931207	
1301860593591300096	
1301860396953985025	
1301860089784152064	
1301856296803721218	
1301920497190477824	
1301805896964739072	
1301777269095116800	
1301917984802443264	
1302384800871968769	
1302332041103642626	
1302338738639564807	
1302331693064429568	
1302328919887089664	
1302316585709903875	
1302301481287192576	
1302279649570025473	
1302237661210578944	
1302240978087092224	
1302280854148911107	
1302251646559440898	
1302256199434481664	
1302260271096967169	
1302311042937126913	
1302223471263522816	
1302097891981492231	
1302169640739667968	
1302177179699159041	
1302090086109130753	
1302086319548624897	
1302071508995575808	
1302075490467971072	
1302664128272764929	
1302679242229133314	
1302690574709989379	
1302523198790131713	
1302516925596082176	
1302493998372859904	
1302570250039365632	
1302411478474129409	
1302622608970653704	
1302603213741469696	
1302698136020844544	
1303106037369704448	
1303064503584804871	
1303060741633781764	
1303078679774294016	
1303098499605594114	
1303094712463699970	
1303102231491866624	
1303102253155471361	
1302890620948750339	
1302894439615037443	
1302970157023858689	
1302958068515442691	
1302902201866690562	
1302917054417305601	
1302905725312790529	
1302788737533915137	
1302758553271373827	
1302825948807606272	
1302853645000728576	
1302857891771232262	
1303014181633961989	
1302887355079155712	
1302871766159720448	
1303344109013397506	
1303287006001233920	
1303290102911766530	
1303298554543452160	
1303388396321112070	
1303351666956218371	
1303445586734133249	
1303143787225583616	
1303450222706790407	
1303451322398760966	
1303448375455444993	
1303429847759216641	
1303447501987622913	
1303437631624278019	
1303427415339917313	
1303424419734392836	
1303403757980594176	
1303477812008038400	
1303457994705829888	
1303471520489115648	
1303464491854815234	
1303463831381979138	
1303229091555016705	
1303121150571143168	
1303124920004751361	
1303138084704329729	
1303140479224238080	
1303159770505973760	
1303141763540893696	
1303143162991521793	
1303143768133042176	
1303150582925078528	
1303454088953290753	
1303611885460361217	
1303698961920864257	
1303586719007215616	
1303683609530949634	
1303766384871178243	
1303764030390038528	
1303755836934754305	
1303726616716156928	
1303702468707180545	
1303594505053110272	
1303661183736655873	
1303637783861432320	
1303833245616951298	
1303656662675451910	
1303487544294862848	
1303490469230456832	
1303496338781413381	
1303511767050412032	
1303513076679942144	
1303841193663565825	
1303837246257270792	
1303812185290874881	
1303514272174084098	
1303645598487375872	
1303809512621535232	
1303814555399680000	
1303819816193662985	
1303819975451385863	
1303824714113179654	
1303563631460847622	
1303515286155309057	
1303800627861090305	
1303554081005465600	
1303813133367042048	
1303815580336697349	
1303705732265713668	
1304205710775943170	
1304036417371336704	
1304193061958889475	
1304023087864860672	
1304007985111478272	
1304201485694259201	
1304191691574972418	
1304034663275651072	
1304162352112181248	
1304123000028098561	
1303901996206952448	
1304167710033686534	
1304177835536510977	
1304189996157603841	
1304157864911540224	
1304159313414492162	
1304080457072619525	
1304084987331989516	
1303956896244805632	
1304105130887970820	
1304098559952850948	
1304059568385912832	
1303878086589517824	
1304051272446812161	
1303875963831246850	
1303874402195390464	
1303874091703652352	
1303873134995537921	
1303871899055915009	
1303862510072852480	
1304565125865668610	
1304417420166262788	
1304507214133043200	
1304507781073043456	
1304427004498935808	
1304443368274112515	
1304464988241833984	
1304522114914017281	
1304545078623387648	
1304546548358025216	
1304548290407563271	
1304548551448580101	
1304276230343073792	
1304234878662144000	
1304284926959857664	
1304354781356584961	
1304385462111408131	
1304370375405563904	
1304343947028946945	
1304328858775228416	
1304322640220491776	
1304305630958804997	
1304235964827463686	
1304236234932355072	
1304238481594605572	
1304271197006368769	
1304260900795355138	
1304374181908316160	
1304273713525911553	
1304233032639864832	
1304228883005239296	
1304225682122211328	
1304225225844953089	
1304233361649483776	
1304224337348751361	
1304220398956011520	
1304217344886145024	
1304213250565955586	
1304225028087705601	
1304211339594866689	
1304208786006200325	
1304927028890791936	
1304680169513381888	
1304661277273448449	
1304590455510835201	
1304578138945581056	
1304627570042900482	
1304625282998054912	
1304611381803651072	
1304870589652443137	
1304870414280253440	
1304865639463563265	
1304858393664983041	
1304729243390181376	
1304788780688248839	
1304872463977902081	
1304804745438261250	
1304762707263008768	
1304775546405040129	
1304785483021590531	
1305038774926221312	
1305200090261458950	
1305172664881995778	
1305178690020675584	
1305215694368370688	
1305284147745783812	
1304993467043581958	
1305023676295847937	
1305091626684080128	
1305590721265766401	
1305593794843291648	
1305597621097168897	
1305612511857778689	
1305624162917117957	
1305633272660201473	
1305378754781499393	
1305539320040828929	
1305574588877803520	
1305363407424679936	
1305628287830560775	
1305499109244252167	
1305355856154951680	
1305442424630767616	
1305450244503670784	
1305496533899583490	
1305707379682549760	
1305658748761907203	
1305659595621244928	
1305660853887201280	
1305662112228933635	
1305663941910114307	
1305856420240175105	
1305824203334189061	
1305699613505069056	
1305688817756708866	
1305685794640846854	
1305678730484908033	
1305681004850544641	
1305726299072233472	
1305725806359048192	
1305707959830286337	
1305858930053132293	
1305988195801329666	
1305962784220483585	
1305983799143141376	
1306015322579841031	
1306017228899397632	
1305876544490024968	
1305889132779048960	
1305896657733718017	
1305863966804111361	
1306370107774509057	
1306325362977185794	
1306319571427655680	
1306334101570375680	
1306335472541523968	
1306361715710455808	
1306359508059516930	
1306301854423355393	
1306228872753577995	
1306223851903299585	
1306246522481324032	
1306201167907627013	
1306299775927582724	
1306291784658681864	
1306274166765768705	
1306256561627635717	
1306226363712573440	
1306045400667877377	
1306030036458196993	
1306046477672697857	
1306026261660213248	
1306025255027179522	
1306073107678068736	
1306086596740034561	
1306022738381819904	
1306054172425490434	
1306076864700649472	
1306020330612256768	
1306157211761225728	
1306067956015611904	
1306094209267625984	
1306163447944679430	
1306731298535477253	
1306725142836506625	
1306721637170020354	
1306735455623315461	
1306743519235670019	
1306742310626099200	
1306619940494086144	
1306672149764157440	
1306634977141035009	
1306627817568899072	
1306612659492618240	
1306608886535856131	
1306542930220462081	
1306453035485454336	
1306473216651792388	
1306465668053848064	
1306536648604291073	
1306533397314105344	
1306495867046764544	
1306495373360459776	
1306491854943408129	
1306484298367799301	
1306639715198816256	
1306597801003028480	
1306552505178914818	
1306503175822807040	
1306567590152724480	
1306563567383056386	
1306688865156161536	
1306398744087334912	
1306397481287254016	
1306385656273424390	
1306385366916706304	
1306424084364845056	
1306406774682128384	
1306428915276161025	
1306588981992321025	
1306412492717993990	
1306428618550259718	
1306834275212419072	
1306839369416757248	
1306849804622991364	
1306805395546148864	
1306910881012428800	
1306902302096228354	
1306877667367682050	
1306874456313409539	
1306858518708998145	
1306854232637747203	
1306824269926629377	
1306881660063973377	
1306891992564142082	
1306823038143541249	
1306812945217851393	
1306746047608377346	
1306816720154304512	
1306749236294246401	
1306758342283534336	
1306745031169056769	
1306978842809184263	
1306991397392781314	
1307009003168428034	
1307012046882562048	
1306941116164509704	
1306946094971129857	
1306755801974034432	
1306956232364896257	
1307016578572185601	
1307069658865037314	
1307080752786538498	
1307084759990968322	
1307088125882241025	
1307094416264323072	
1307041972977381386	
1307029139019493383	
1307024113727418370	
1306772493403783168	
1306773439777329158	
1306782779212955648	
1306797845962526721	
1306958683180609536	
1307399838699487232	
1307114995323412480	
1307138114813558787	
1307157599926784000	
1307205792156786688	
1307305960881389569	
1307325854566014976	
1307409208237797379	
1307424273552859137	
1307445134334853122	
1307363935205629954	
1307382716002897927	
1307583786469724161	
1307507535147081728	
