1265127364687790083	
1265071685386067970	
1265072915365744641	
1265175889886818305	
1265092558675496960	
1265227087402713088	
1265075449333506053	
1265070164556603395	
1265274023241486336	
1265161498692812800	
1265304191318310918	
1265291624860581888	
1265281569784242178	
1265108177630236672	
1265309216962752515	
1265679186934595584	
1265758577932763140	
1265772768798355459	
1265631111662755840	
1265584939224965120	
1265643693521940481	
1265645952913866753	
1265647467053420544	
1265689318460403714	
1265681692959875072	
1265676667575549954	
1265686962310184962	
1265759293850206212	
1265761351491883009	
1265787417124012032	
1265775853171965952	
1265793526748635137	
1265483649744375809	
1265474326167511040	
1265470561012113409	
1265458023557988355	
1265489411552264193	
1265766289487912962	
1265496736543444997	
1265546061080297473	
1265553588236976129	
1265555865219878913	
1265566602998808578	
1265734547779584008	
1265732038486904832	
1265724472360869900	
1265716923691601925	
1265706864223846401	
1265719485098491910	
1265791366765752321	
1265789574531256320	
1265786403033477120	
1265784845898260480	
1265777521141796865	
1265552345892519937	
1265438103709323264	
1265780296936353794	
1265445164547371008	
1265538495378075649	
1265542041666301954	
1265534468472868865	
1265526928297074690	
1265519376243007488	
1265439904068251652	
1265508308829552651	
1265500761548640261	
1265530942485073923	
1265515851320569856	
1265445605775536128	
1265863129382215681	
1265852709003026432	
1265844928959188992	
1265842964603035648	
1265838668020961283	
1265871290268651521	
1265835423500324865	
1265935325710467072	
1265928075990175745	
1265913980129882113	
1265900865342156800	
1265898348638175232	
1265891091552759808	
1265874208598495232	
1265865793692069889	
1266051664097705984	
1265866901911220230	
1266084351189475329	
1266019322058739712	
1266018868415344640	
1265990480103383042	
1265983932815769601	
1265976140163878912	
1266059427691540481	
1266044073863008256	
1266036563294728192	
1266034014856663044	
1266022124575129600	
1265958008825294848	
1265870685991247873	
1265866866498473984	
1266157049584455680	
1266154524823228418	
1266154052775223296	
1266153766048448512	
1266149799595819008	
1266112831533060099	
1266104738338275328	
1266148789158645760	
1266146122583728135	
1266115337914847232	
1265832977390620672	
1265805957201891328	
1265825389269733378	
1265817857960615937	
1266089413530005506	
1266248181483884545	
1266243475629989898	
1266263268282077186	
1266290718709956616	
1266290630591840257	
1266157343034740737	
1266221538883317760	
1266217986559533062	
1266214201028116482	
1266206647715876864	
1266195326274322434	
1266195249367572481	
1266187741600944128	
1266183054126534656	
1266180247801573376	
1266172224362307586	
1266169499914514432	
1266166727114502145	
1266164460273700869	
1266162829037461504	
1266162242942201858	
1266157460148162565	
1266308342475116544	
1266357395216883712	
1266459372537950208	
1266457894532403206	
1266455510267674626	
1266453472054034433	
1266439442799230976	
1266414072263782400	
1266504882313465864	
1266504685650927617	
1266503773125521408	
1266473583951458305	
1266481998924824583	
1266479713540808704	
1266434148161421318	
1266824467784839168	
1266821711896481796	
1266735136747462657	
1266731360921751552	
1266610555160268800	
1266618100683886594	
1266579178557669377	
1266524985981579266	
1266835028450967553	
1266557480999489536	
1266689600086556672	
1266701170678038529	
1266625663647301633	
1266719771841769479	
1266655869350981632	
1266625717799968768	
1266557483180601345	
1266836806919651330	
1266678500288839682	
1266840586671263755	
1266878321322864643	
1266789731909677056	
1266794522895400960	
1266806614335643648	
1266775143944204293	
1266772374294233089	
1266739601848352769	
1266746948805165063	
1266817678485880840	
1266764326737715201	
1266761329223876612	
1266752499081457671	
1267048210389970944	
1266912311928934400	
1267052221516169216	
1267148586669703169	
1267149593323597824	
1267151103323279360	
1267147077110267905	
1266885884118470658	
1267146323125362688	
1267142605021855744	
1267145063542460416	
1267055983446102016	
1267074384663060487	
1267031579605504001	
1267018251843837952	
1266980503409889281	
1267167712700018693	
1267191658703192069	
1266957845737725952	
1267230391678709763	
1267086694454566913	
1267100794375020546	
1267116153371078657	
1267123700014383105	
1267136876122644480	
1267158101968510976	
1267140979460648960	
1267283224062902272	
1267463426034499589	
1267465949059452929	
1267471229751099395	
1267422773074366465	
1267437014191763457	
1267557968746332167	
1267848488605364224	
1267854614315106305	
1267857684067475456	
1267830845953282051	
1267657462750085121	
1267652415635050496	
1267825801333891073	
1267791850397712385	
1267815745666326528	
1267735477827895296	
1267788101310713858	
1267799408290271234	
1267772971306962947	
1267896000250871808	
1267626466218512385	
1267623571783901184	
1267609629716099079	
1267943092986019842	
1267959457507676166	
1267896290530201600	
1268188240202412033	
1268183185097195520	
1268180667122278401	
1268154235482505217	
1267973367245742080	
1268087040236797952	
1268178138368008192	
1268279923443204098	
1268279926190477312	
1268283837928411136	
1268286333572636673	
1268279919534014466	
1268300570055622657	
1268233532826058752	
1268231013441953792	
1268215906028617729	
1268203287465144320	
1267986887685349376	
1267997189474787330	
1268263724030267394	
1268535475502899201	
1268520427435016193	
1268509071939903488	
1268502751115444224	
1268543088613560329	
1268490184640933888	
1268558173474033669	
1268410936626470912	
1268418478035345415	
1268422505515167744	
1268438865636966402	
1268525442807541760	
1268575774115856385	
1268636590500347905	
1268651505676095491	
1268654034417844224	
1268693146675879937	
1268692738981138440	
1268674165390946306	
1268669124512829440	
1268662414406541312	
1268656271755866112	
1268655973381570561	
1268599648630996993	
1268430061008572416	
1268355890098458624	
1268371513859850241	
1269024312280875012	
1268958492876038144	
1268975892879085568	
1268905428664176641	
1268915495551545349	
1268918002432577543	
1268928260630622208	
1268929973051686918	
1268983455821565954	
1268900409982308352	
1269037882729271296	
1268996291083845635	
1269011138420723712	
1268897921233293312	
1269010860594417666	
1268727961357897728	
1268732034450706434	
1268750908088877056	
1268699325124751362	
1268788436359659525	
1268887797152321540	
1268802247212896256	
1268821885527220225	
1268797225154547712	
1269268088303820800	
1269237880284725249	
1269264302407585792	
1269098210338930688	
1269113288375308289	
1269341550187819009	
1269132185992298496	
1269328728204722177	
1269326961417084929	
1269324186473975811	
1269153565324574720	
1269158589018619904	
1269162386210131970	
1269177472777703424	
1269135944952709127	
1269128403178971136	
1269581389168627714	
1269585161580142594	
1269698172647100427	
1269615364054429696	
1269638001795178497	
1269634225948504066	
1269630466723897347	
1269600252140675072	
1269761076071186435	
1269539861394010113	
1269494555172274176	
1269433941339049985	
1269997624209408000	
1270012725402443776	
1270042936210841601	
1269995112874074115	
1269990085681971200	
1269987555656773638	
1270030355240804352	
1269977541835661315	
1270126017986920449	
1269936211176706049	
1270100059741356037	
1269879600953376769	
1269962388289306625	
1269954870372634626	
1269947557284847617	
1269909294297874433	
1269906522303336450	
1270111460321103875	
1270000181153587200	
1270074686672642049	
1270070770471964675	
1270060569916329988	
1270055520083357696	
1269969961021313025	
1270435510490673156	
1270438054810005505	
1270363793437200384	
1270386629136527360	
1270413113028984833	
1270410591572824064	
1270477079323312135	
1270480394169782272	
1270193507291082753	
1270491746879836162	
1270204242322694149	
1270299606136565760	
1270321022349312000	
1270324826977243136	
1270332364162547720	
1270351707814445058	
1270284771378200578	
1270219335563436032	
1270196689324912640	
1270528881796222978	
1270530582632632322	
1270702283429470209	
1270538356670283776	
1270574193046892546	
1270508734876463104	
1270698483708825600	
1270537184689479686	
1270709839501692928	
1270694750971138048	
1270652443693666305	
1270670451539423233	
1270690956342431746	
1270765204608032768	
1270757645947936771	
1270755121383825414	
1270747591798644739	
1270738268192231425	
1270714856748879878	
1270785312038494209	
1270812987079737352	
1270867513178492928	
1270853311990845442	
1270843265164677122	
1270847333668978697	
1270820806323511300	
1270821258066907137	
1270824011929391106	
1271162812048556033	
1271195350825656322	
1271226379619708928	
1271209097371811841	
1271206575865163776	
1271114136026562561	
1271109983158108169	
1271170373401395201	
1271104937565597696	
1271099893927612423	
1271097373708693506	
1271151550182744064	
1271150247587315723	
1270925389876035587	
1271142669687848961	
1271140178653065217	
1271102427878559745	
1271135139318333441	
1271176292222873606	
1271189993327923202	
1271009798750900224	
1270997717947482113	
1271021372202942464	
1271067185755062272	
1270986648390688768	
1271034969410940928	
1271185482781732864	
1271028174416158720	
1270953152720834560	
1270951672349687810	
1270948232932311042	
1270979358136680449	
1270971091419385856	
1270966778366214144	
1271078781877354497	
1271069698512338945	
1271049585960587269	
1270911460072448005	
1270870661477683206	
1270875932283330561	
1271242083370700801	
1271250755207532547	
1271393070324604929	
1271512611167899651	
1271521156877520896	
1271522676771782657	
1271540322896695296	
1271546342276509698	
1271551634154369024	
1271564223076851713	
1271507585330528258	
1271578062803656704	
1271432924328603648	
1271419498206199808	
1271411955430023168	
1271449733945610240	
1271457315733082113	
1271499026291200001	
1271487494891229185	
1271477386744401921	
1271469836405784576	
1271468552134856706	
1271389329999396864	
1271273168976728066	
1271266018824990720	
1271400886393282560	
1271302516601430016	
1271259675934076929	
1271586555228905472	
1271581430267576320	
1271339294498656256	
1271344250865758208	
1271353055271948288	
1271381766989852672	
1271348032433524738	
1271359363027030016	
1271355821629280256	
1271354314775199744	
1271932893804232705	
1271834963411972100	
1271829724348715008	
1271826940853399558	
1271818883058581504	
1271818022429372423	
1271729291206721537	
1271637276737454080	
1271636069260369920	
1271630911747080193	
1271627789075177472	
1271618307213451264	
1271596809677271043	
1271699096940744704	
1271665113766916096	
1271661837633888256	
1271805666747957248	
1271910264477229057	
1271898670796070914	
1271596929143767041	
1271885555626901513	
1271878280245846017	
1271870734818738178	
1271837766268190730	
1271840939326259203	
1271902433552277505	
1271864956888190984	
1271596178824507394	
1271845677312749568	
1271595866948689920	
1271812079603892226	
1271809214332141568	
1271800248739004416	
1271797025365987330	
1271759249685778433	
1271810797551996930	
1271963093560688640	
1272166965117890561	
1272231356043534338	
1272227338177130497	
1272223788663484422	
1272197147853807616	
1272182279062933504	
1272216420437372928	
1272132953909407746	
1271996792381587456	
1271981701804195840	
1272061469690081284	
1272261306364702722	
1272091665755525120	
1272287747018014722	
1272272616750006273	
1272268586585915393	
1271973889564909568	
1272336792994414593	
1272529453424562176	
1272536879955656704	
1272317942756184064	
1272521771602849793	
1272348362050809856	
1272393440278519809	
1272346748338520064	
1272363464942669824	
1272446273942106118	
1272516739008548864	
1272340810420322311	
1272502894164611074	
1272484013308104704	
1272474186502549504	
1272469671095263232	
1272495353321992192	
1272569589780660227	
1272665472618704896	
1272579651832107008	
1272584671931650049	
1272597006779912192	
1272597276435918854	
1272609594876014594	
1272614875227881476	
1272622409632362497	
1272650136305491968	
1272657637507690496	
1272617407442550792	
1272821485451776000	
1272840105670119425	
1272850164953350144	
1272853972689321985	
1272857734061469696	
1272834570921152512	
1272749016648998912	
1272995111052488704	
1272723096659689480	
1272738435556675584	
1272740720819011584	
1272756050282926080	
1272782240725024768	
1272997375976460288	
1273007710922059783	
1272693148234498055	
1272690632084119553	
1272685335244427271	
1272700697327407104	
1273033071835545600	
1273005879005196290	
1272921881209954305	
1272959659964596225	
1272964687366369283	
1272977273356943360	
1272982566136614915	
1272972241865715714	
1272881638192680966	
1272954618482438146	
1272910522598535168	
1272924414074671104	
1272934481222131713	
1272930706272944129	
1272925679697506308	
1272718045543350272	
1272913575066157056	
1272949576086048769	
1272869058963214337	
1272710766475595776	
1273037800405942275	
1272708248882249728	
1273198974166597632	
1273194953766821890	
1273188153269129216	
1273177323538350081	
1273185393366753281	
1273170794781257728	
1273216342297108492	
1273299370717347849	
1273299457350733830	
1273314494169702412	
1273324561250111488	
1273332342879330313	
1273294372629553157	
1273291847201361923	
1273239014301147136	
1273241505042501633	
1273269222135775232	
1273281768418873345	
1273402810546237443	
1273375139347017731	
1273196955561271298	
1273148638437539841	
1273124739440160771	
1273114414590447624	
1273110905216274435	
1273352494895124480	
1273369118209646598	
1273385210328027137	
1273061969273249792	
1273054452614922245	
1273054022895894530	
1273053887801458688	
1273053727616897024	
1273052935946145793	
1273052784095608832	
1273074410061279233	
1273102337683439619	
1273099581321076736	
1273076925599186945	
1273052143289860096	
1273433161637208064	
1273729109038948352	
1273488377652948993	
1273483634599739392	
1273473297590730752	
1273462665659088896	
1273733484570456065	
1273730498028867600	
1273751325562548226	
1273756145904164872	
1273765087434747909	
1273620260780998656	
1273460439297515521	
1273765886944559109	
1273604392323866625	
1273577224571097089	
1273703557863276546	
1273699586788507648	
1273697758902390788	
1273692227169128451	
1273686426262142977	
1273684687676940288	
1273661818054025217	
1273728967548325889	
1273616514122502145	
1273561864417484800	
1273567903699304448	
1273565137421717504	
1273826106882179072	
1273843229654421504	
1273847005123616769	
1273853265474662402	
1273771181397721088	
1273772839225757698	
1273775275650813952	
1273777587442114562	
1274046829865426946	
1274062006375440384	
1274059399812784135	
1274056871880597507	
1274051606837891073	
1274034225637883905	
1273776426227884032	
1274031748406562822	
1273780451191054337	
1273796220369199104	
1273800243340087297	
1273952454183464960	
1273963789478748166	
1273997110849961984	
1273998975801188356	
1274006547098750985	
1273944902880067589	
1273941116807757824	
1273868365107326976	
1273863331992891392	
1273937343448309762	
1273872643209351168	
1274099774761897986	
1274105304695873537	
1274109383912325121	
1274104572475252742	
1273768126916763653	
1273927436544204806	
1273911338687967232	
1273906629403193346	
1274084807836864517	
1274407450742001666	
1274337588585934848	
1274397624469262336	
1274333958466154498	
1274311303247679488	
1274273567585325056	
1274265999198519296	
1274402155827429379	
1274137443533545474	
1274362455897112579	
1274359312375255041	
1274352315764334592	
1274132572344287233	
1274131721135558656	
1274409949414785024	
1274376988048973824	
1274175415142268928	
1274445428289929218	
1274417505109450753	
1274162987767562246	
1274163810476208128	
1274148116279656449	
1274157865993994240	
1274721755098238977	
1274783167996624899	
1274756236232318981	
1274790200833716225	
1274726540438372353	
1274734345727680518	
1274685004606509058	
1274496031103889415	
1274677459460505604	
1274831740805222403	
1274673686923149312	
1274628380311388160	
1274635950690361344	
1274696332817596417	
1274534010987909123	
1274548618482024448	
1274526469419655174	
1275078605630959623	
1275083623146967047	
1275043392360194049	
1275053484207943680	
1275058500352323584	
1275126436945412096	
1275060988384088064	
1275086157064388609	
1274862212134420481	
1275091172491485186	
1275115663057698817	
1275098754455044096	
1275207870414499841	
1275198846130421770	
1275197137115066370	
1275187070336671746	
1275024497813356545	
1275014443794149376	
1275213252503334912	
1274992547992162304	
1275028292219928576	
1274907738099920900	
1274891888101920769	
1275035818856460289	
1275121390929293313	
1274985498201731072	
1275214004219068416	
1275118874166517762	
1275176944456392704	
1275172579515514883	
1275164425947840512	
1275151590257758209	
1275149098623078402	
1275159132157460480	
1275141557843304450	
1275139814694834189	
1275154101605711874	
1275175466677071872	
1275176607536250880	
1275146551745273860	
1275473731352252416	
1275285227875848193	
1275458203136884736	
1275386899411152898	
1275388648666562560	
1275390674251264005	
1275402004324589569	
1275469426817667073	
1275409533310062593	
1275241765101068290	
1275227342500171778	
1275227165055909888	
1275229860546428929	
1275224841302441986	
1275222311826862082	
1275415824296263680	
1275425908027994113	
1275435960310697984	
1275472055832625152	
1275329502143492097	
1275332796219830273	
1275335049815228416	
1275322995649773570	
1275291240737787904	
1275291150581026817	
1275270118810030082	
1275369775850573825	
1275560371764379648	
1275561361502765057	
1275562048919830528	
1275576708565889025	
1275576877910876160	
1275577840780693507	
1275556054013747208	
1275549463633965056	
1275491328458199042	
1275498890515668992	
1275501399955177473	
1275501995412127745	
1275503930676477954	
1275508949702279168	
1275513975917199360	
1275518081834590212	
1275521051573784578	
1275534368979771393	
1275663492037726208	
1275658502405525504	
1275627931872583681	
1275632020094242816	
1275670258884411392	
1275916953434161152	
1275813472337629188	
1275893287962972167	
1275897630732754944	
1275899275566821376	
1275911499719073799	
1275916860589047808	
1275677805100048384	
1275627642415349760	
1275759400792346624	
1275709045148725248	
1275917936310407169	
1275700456187203585	
1275745519684419590	
1275764390726336512	
1275769169913491457	
1275771920391311363	
1275785925100998656	
1275795846945214469	
1275733161691971586	
1275919629572083713	
1275864032847843331	
1275922540817457153	
1275592235762028545	
1275605081874935809	
1275612309164097537	
1275938776708263938	
1275941546085539847	
1275587223317098497	
1275884151930003460	
1275878758142980096	
1275871570402201600	
1275923728593940480	
1275926839425409024	
1275930470740570117	
1275931248364380161	
1275933152503103488	
1275935442999873536	
1275938447279128577	
1275892528353435650	
1275886901501648896	
1275828585459339264	
1275836864805720066	
1275846162763915265	
1275856247288406016	
1275861283208859648	
1275868818884243456	
1275921349706317824	
1276049999927926789	
1275960914869714944	
1276058828124106752	
1275996903403073536	
1275994626386726912	
1275959924741324809	
1275960913837858817	
1275961426599911426	
1275993628297568256	
1275985329397391361	
1275986585658560512	
1275989107609657345	
1275989592597020673	
1276025097829134339	
1275962930908082176	
1275996906783727616	
1275997142234984448	
1275948303553908737	
1275954868675579904	
1275943881671086080	
1275952548646707200	
1276100335333969920	
1276104127316209665	
1276135570784337921	
1275955649579548674	
1276126781200912386	
1275999658725330945	
1276279307543994368	
1276145651605217284	
1276141873153925121	
1276276412215775232	
1276272605520187392	
1276274487462330368	
1276301053911281664	
1276303943967084544	
1276289242608685058	
1276259910767034369	
1276261711083954178	
1276262251520053251	
1276295443631177728	
1276228672882524161	
1276231207689297926	
1276222398740692994	
1276243078987333634	
1276251787939512320	
1276244381142573068	
1276226151174688769	
1276217360970637314	
1276175843358900229	
1276190943012585472	
1276204464899325954	
1276211027194101766	
1276214851594080256	
1276168349702074374	
1276551054784630786	
1276659518143975424	
1276353511241011200	
1276362537995509761	
1276365066804162566	
1276374628865396736	
1276660010047565824	
1276374881240784896	
1276350998689320960	
1276601845557989376	
1276597095391285256	
1276594346544906241	
1276342759817969664	
1276377397776879618	
1276653970056810496	
1276649954208088066	
1276649480088158213	
1276649465311526914	
1276649210604027905	
1276500529557000192	
1276638885980897281	
1276632044597063681	
1276629064858689550	
1276644186079539203	
1276660009984651264	
1276392078969356288	
1276624033455517696	
1276510541339676673	
1276570689835864066	
1276308604501389312	
1276308339929088000	
1276565473593876481	
1276386983758176256	
1276382700908285953	
1276382179396706304	
1276534456115920897	
1276580761840300034	
1276537250143252481	
1276505516299165697	
1276386725997273089	
1276564815566254081	
1276386214753468418	
1276313260501790721	
1276519512796430336	
1276312248005394433	
1276522176271835138	
1276332623070203904	
1276326327466037248	
1276319792731959297	
1276319022208839680	
1276402590809567233	
