1307635892832608256	
1307560157405212679	
1307732174112686086	
1307794203196436480	
1307650977479131136	
1307786657685557248	
1308127161027571712	
1308028242805297153	
1307877248993824768	
1308039552704094210	
1308118845798912008	
1308055903804051457	
1308060933680443392	
1307990975248248833	
1307998045217402882	
1308091790180806658	
1308153983647838211	
1308166265824043009	
1308013143969406978	
1308066009794961408	
1307922554875777026	
1307903649138569216	
1307895837301800960	
1307945434665623552	
1307967885277564928	
1308068495406567424	
1307983190829793280	
1308491517112324097	
1308379290078248961	
1308330470057422849	
1308326697549340678	
1308447064582483968	
1308448285095604224	
1308447783016333314	
1308446821417656322	
1308446516101685252	
1308435956551352322	
1308430432581582851	
1308429414640881664	
1308427279308075008	
1308405691963637763	
1308425513233518594	
1308423198493609996	
1308410723949834248	
1308423782210711557	
1308341781675859968	
1308360445254946816	
1308408207014944768	
1308371983017693184	
1308260105876459521	
1308229135743942659	
1308227233618620417	
1308226483534487552	
1308267529815482368	
1308225349457592320	
1308368217967071233	
1308463586239483910	
1308295536328335360	
1308535606004375558	
1308538774561763328	
1308548471507554304	
1308542329578336256	
1308541782431395840	
1308520405385256960	
1308467698188324864	
1308481256284356608	
1308551140867481606	
1308560394236108801	
1308645268867301376	
1308760554081849348	
1308755647987675136	
1308730345936879619	
1308723063421390848	
1308715279346794498	
1308701147859951618	
1308765590149095425	
1308766991415681024	
1308768124125220873	
1308780724720488449	
1308604015815602177	
1308818425033240578	
1308798279287701504	
1308793244059344896	
1308873183706198018	
1308872263383609346	
1308842600401690628	
1308579108469735424	
1308583391432974336	
1308566525293604865	
1308573517626011649	
1308574311146545152	
1308810860203110402	
1308602752810057731	
1308863987992403968	
1308608301932908544	
1308596223482437633	
1308562323171414017	
1308614818228826112	
1308613308522659841	
1308562947304812546	
1308634950996983808	
1308630421089873920	
1308630185885958144	
1308632221088129026	
1308626528180281344	
1308625388017455104	
1308623897097572353	
1308619599693320192	
1308593956473704448	
1309009952938356737	
1309081662425362434	
1308993585707188224	
1309027638179233792	
1309040138765438976	
1309100291019739138	
1309096530146660352	
1309150654716403714	
1309070101833023488	
1308987679711924224	
1309126691298701318	
1308929297466494977	
1309125433028415490	
1308931901042946049	
1309135534791499784	
1309077653723451393	
1309247868511965185	
1308935443627618310	
1309212325065494529	
1309231583468158982	
1309269151450529795	
1309195666825019395	
1309251953407426561	
1308936436809302016	
1308954011601690625	
1308957215554969601	
1308947275411001345	
1309533153862856705	
1309349432106905601	
1309379872180129792	
1309282138861178880	
1309299059589558272	
1309301956922544129	
1309308329014046720	
1309535652585840646	
1309538199480479744	
1309481565467090944	
1309545739052371969	
1309515545780289538	
1309568387715141632	
1309570936379707397	
1309451860361740288	
1309444060038549504	
1309621782333227010	
1309598838945132547	
1309638845416304643	
1309579200056168449	
1309576748418424834	
1309590456800620544	
1309697649843613696	
1309694403376754688	
1309794367486468096	
1309868107368931329	
1309862554211147776	
1309707440104013824	
1309851240738811905	
1309727426583375872	
1309903323689086984	
1309768875144286208	
1309775815924645888	
1309874393665998848	
1309878167042170880	
1309968251154300929	
1309976109577056259	
1309666079120273415	
1309911555824377857	
1309926733978705920	
1309936292747243520	
1309945908331778050	
1309682600269709312	
1309757605028532224	
1310251881747361796	
1310315809173110784	
1310142396408254465	
1310157501761978368	
1310032682395545603	
1310051795759177728	
1310508318704705538	
1310500751714721792	
1310496992058114048	
1310582550046400513	
1310432812605079552	
1310474601441488896	
1310546072536846336	
1310569980044378112	
1310587619479257090	
1310590101710348294	
1310602693149429760	
1310519644030144513	
1310414197025628161	
1310567469677981696	
1310711855334281221	
1310699323030634496	
1310685995071832065	
1310727001674784769	
1310685064393445376	
1310622807613747201	
1310625347059224578	
1310632894642229255	
1310693563999674369	
1310613764371292160	
1310992882472497162	
1311085523369222144	
1310957562955804673	
1310970100120522754	
1310975142206615554	
1310994208602423302	
1310997684686393350	
1310872539690868738	
1310942452665266177	
1310892856136138753	
1310897145780862977	
1310912276757651456	
1311029254369480704	
1311055144440782849	
1311048151336448008	
1311045608577421313	
1311038978460717059	
1311049550317203456	
1311014154283683846	
1311020435547586560	
1310878268694900737	
1310832933868109824	
1310792306937729025	
1310785261907963905	
1310777549342019584	
1310767804199571456	
1310763247059062789	
1310760861871427584	
1310840512639893504	
1310867180951670789	
1310853094889132037	
1310763588533977088	
1310744942684372997	
1310738264366690309	
1310749458024534019	
1311263298185240576	
1311191411052642304	
1311221775410356226	
1311093675930390535	
1311154080803422209	
1311339221924356096	
1311384089707139073	
1311377799350038530	
1311124784126636032	
1311123702566748160	
1311113805984825344	
1311101505836118018	
1311098695883075584	
1311134901547171846	
1311808119190818816	
1311796727675064320	
1311795041392885760	
1311599492362313728	
1311587935322542081	
1311603029112741888	
1311618108101099522	
1311550444334964742	
1311539087178858498	
1311766583879053318	
1311700408109326339	
1311537094217564167	
1311463012092477444	
1311458959367299073	
1311480987906342917	
1311482212185972744	
1311484728881496067	
1311489761954029568	
1311499499253174273	
1311712521515139073	
1311727629477859334	
1311525511051513856	
1311633234170707970	
1311509241564475394	
1311670439345876992	
1311682296911745024	
1311832838325534723	
1311909264018092032	
1311822855835996160	
1311824585344548864	
1311828407999696898	
1311822707038851072	
1312018246435065857	
1311859975904530432	
1312177054184480769	
1312002942120136710	
1311867758028742656	
1312169404558266375	
1312173292757737472	
1311866749512548352	
1312001642108260358	
1311970889513291778	
1311994618200891393	
1312088029557858304	
1312142224298135552	
1312152518617526272	
1312158655412723712	
1312162608384860160	
1311965420124020737	
1312082974154907652	
1312081722264166401	
1311956315372126208	
1311951378399604736	
1311960898916020229	
1311943572275564544	
1311941181564170240	
1311937231553204226	
1311929408983232512	
1311946628849373191	
1311923461351256065	
1311923325615116288	
1311912069390884866	
1311928932992790530	
1312123823601250304	
1312104818022903808	
1312097674452115456	
1312093611518025730	
1311992169524342784	
1311988256565858304	
1311984290683670535	
1311977234379550721	
1311973633879879681	
1311973474576068608	
1312023042990759940	
1312027569399701504	
1312034738593566721	
1312037144312057856	
1311998872630239232	
1312040858947145728	
1312047195479302150	
1312049720081158149	
1312054735202062336	
1312061132623024131	
1312068122095087617	
1312073523473588227	
1312030603664072704	
1311969066677133313	
1312052262592827394	
1311962812332339205	
1312044710672904193	
1311886396215394304	
1311893944012333056	
1311898347205275649	
1311900721848094725	
1311905267370659840	
1312427712426971143	
1312442801443893248	
1312419158919962625	
1312467493596794880	
1312457926125133824	
1312464146403717122	
1312422186431512576	
1312470243613188097	
1312452418072846336	
1312385939109543937	
1312493902805434368	
1312416512402169856	
1312527882892140545	
1312188392679993346	
1312535441267019778	
1312524100246466561	
1312512811914780673	
1312509007840440320	
1312497929660190720	
1312402777721778176	
1312384919914663936	
1312384699143204864	
1312384140889731072	
1312377383144611840	
1312350460414750728	
1312342904577421315	
1312309186651357184	
1312294089891745794	
1312258840700874752	
1312245400703840256	
1312220172065869824	
1312211017800118272	
1312203491167727618	
1312200971620028416	
1312195936613933057	
1312192157915115522	
1312407346463809539	
1312433136995831811	
1312184602987950081	
1312448338793394177	
1312897824489713670	
1312878915740938240	
1312853506735378435	
1312851751628922881	
1312833362638385155	
1312768437496684546	
1312826835110187015	
1312825204930940928	
1312813747145265152	
1312678866880737281	
1312610158732808192	
1312595574647123969	
1312822953072037888	
1312573204423225344	
1312558090483568640	
1312588295445118976	
1312752349249761281	
1312758406172770310	
1312764621175033860	
1312777031122333697	
1312781373032325126	
1312788362470862848	
1312550773985861632	
1313055089536520195	
1313064142958473218	
1313066160775196673	
1313071463050686476	
1313082811633594369	
1312909145817911297	
1313026195324391426	
1313084040287850497	
1313143197749727232	
1313224796814147595	
1313222973390815232	
1313212474120974337	
1313209078479544333	
1313194769800142850	
1313189742289223681	
1313177169816936449	
1313158828184293377	
1313162875427598339	
1313167305002700801	
1313146971935342592	
1313169954804510721	
1313086558883508226	
1313094137294577664	
1313106690787684353	
1313109214575890432	
1313048808880828416	
1313041267878760449	
1313135884280238080	
1313029932029804545	
1313237532675510273	
1313240068841185280	
1313244261526142979	
1313248768582651905	
1313256705376112641	
1313258824598315008	
1313034681026252800	
1313230255998500865	
1313225213157441537	
1313004505080967171	
1313029163826188288	
1313235278522470401	
1313494250433253378	
1313487046875459586	
1313489202445778946	
1313501972637650944	
1313504324035674120	
1313471261964726272	
1313441441130127360	
1313411463063785475	
1313422275362852864	
1313426306567151616	
1313430066496524289	
1313437627765477376	
1313464068058107904	
1313478414981042177	
1313525830388256768	
1313275547628208128	
1313268004164120577	
1313309272139235329	
1313304992586100736	
1313377218677088258	
1313373458571689984	
1313316569926316032	
1313336183662039040	
1313331664140079106	
1313521218692276231	
1313445185884479488	
1313474116234752006	
1313456227679178753	
1313432066265157632	
1313460280790265859	
1313526959863984128	
1313569750396686338	
1313565704478765057	
1313547135330197512	
1313544571054325760	
1313542049036144642	
1313539554226442240	
1313537032388521986	
1313531620931100672	
1313617226830929927	
1313572495417651207	
1313581055107100675	
1313592367623045120	
1313593149785333761	
1313602700131684357	
1313947248888340480	
1313878023029116929	
1313842418819698688	
1313810818723655682	
1313815105621159936	
1313831471363379200	
1313834000880934918	
1313848966803578881	
1313853625525993472	
1313859292232118275	
1313939692266586112	
1313866702510321666	
1313985896987983874	
1313934650465824769	
1313868629646209025	
1313906964003516417	
1313919548513554432	
1313955022426775553	
1313698087697817600	
1313701847618777089	
1313713204720263171	
1313660380695199744	
1313754699854737408	
1313769814729674753	
1313985233839108096	
1313974312647512064	
1313643466698743810	
1313650769674096643	
1313739621189259264	
1313667889552076801	
1313988992308834304	
1313888101954183179	
1313899417926279168	
1314113324158799875	
1314075573204013057	
1314274369758261249	
1314271876156395520	
1314300060423909377	
1314340310978367489	
1314324717130702849	
1314317144188809217	
1314315155782721536	
1314312379841351680	
1314045879448371201	
1314117082687168512	
1314052920850214913	
1314017432063873026	
1314000325053952000	
1314216509057781760	
1314213991246225417	
1314209130849079297	
1314185056219471874	
1314173753119703042	
1314171209358151680	
1314158644594905088	
1314197569023750144	
1314019361859014656	
1314021840323518465	
1314024304456105985	
1314025991724032003	
1314147292086140929	
1314056701289656325	
1314236643587522560	
1314241683870101505	
1314254256636153859	
1314254260150980624	
1314261966135996419	
1314234161650114561	
1314644564439859201	
1314629222447677446	
1314675512665681923	
1314690865034661896	
1314693461451440128	
1314496299048333313	
1314483817315524608	
1314392903163285516	
1314609085967368192	
1314588957582209025	
1314532343051419648	
1314568818182807558	
1314660925052522498	
1314553732907044874	
1314561267936436225	
1314520258833723392	
1314543692565360641	
1314774172569042945	
1314894471885139968	
1314890966583717888	
1314887179768823808	
1314883445613563912	
1314800588392202246	
1314823021161517056	
1314770898361167872	
1314785743613628416	
1314845375933579265	
1314747997067059200	
1314737017109045250	
1314739445778837504	
1314717340911710208	
1314989595738677248	
1315005491395866626	
1314960131415855106	
1314926190650707970	
1314951592639180801	
1314935999630372864	
1315075917056745473	
1315032616362483712	
1315030358811914240	
1314909571824132097	
1315162741372411905	
1315298638235660290	
1315404344800555015	
1315411930350321664	
1315140336944021505	
1315110135774273536	
1315132546615836673	
1315238986034696198	
1315208052916867083	
1315302401155436550	
1315351525942865922	
1315328862994264064	
1315185632210292736	
1315079726369779712	
1315086979890057216	
1315381732904927232	
1315106185989754886	
1315688717764489221	
1315709533621235713	
1315681162233348096	
1315654983929532417	
1315666062646693890	
1315668595783987202	
1315671119463092232	
1315678634556952583	
1315721418957619200	
1315718899648868352	
1315716381745336322	
1315744329584041991	
1315782889829797888	
1315774000275034113	
1315769324490031104	
1315765967750823936	
1315754381569150978	
1315748493353529345	
1315747898592694274	
1315551538518134784	
1315728481062285312	
1315566651211952129	
1315575586350395392	
1315593102837547008	
1315502463072514050	
1315546138532028416	
1315525619741061120	
1315532919025397760	
1315542747739230208	
1315608174792183809	
1315619515217203200	
1315457198114459649	
1315630071563120642	
1315570922057879552	
1315726453854613504	
1315615743661273090	
1315794817654427654	
1315645939533721604	
1315847476390264832	
1316024922724999171	
1315851032946245632	
1315844779951882240	
1315887236680876032	
1316051088014008322	
1316063670082965504	
1315859304038178816	
1316032711585419266	
1315944379408883713	
1316115112525287431	
1315928528173572102	
1315921495076622337	
1315906631104958471	
1315906629376843776	
1315974350789632000	
1315978137566670848	
1316134460325322753	
1316127083685449732	
1316124341055168512	
1316138487121313794	
1316109947185303554	
1315936585968484352	
1316158940657389568	
1315895313698357248	
1316152254739738627	
1315819794382221312	
1316152009662361600	
1315804716551622656	
1315829046018813952	
1316095262583066626	
1316088831008026625	
1316086316652789760	
1316058626855968769	
1316265022394437632	
1316502291223064577	
1316336731646496769	
1316329174785720323	
1316341491594399745	
1316344763046662146	
1316348242695729152	
1316355608669564928	
1316365666728005636	
1316229266028232709	
1316245116399611905	
1316276341097074690	
1316283874431963136	
1316441163675598850	
1316443671626158081	
1316446194885971976	
1316453992973697024	
1316461540133003271	
1316468501213859843	
1316477404500692992	
1316479865038802945	
1316488188920303616	
1316405916636454915	
1316408517025202180	
1316417418714120193	
1316491043827838976	
1316174146204729344	
1316193555115913216	
1316204096198770688	
1316187497580433409	
1316190495723458560	
1316210539756834816	
1316216155434958849	
1316520271147405313	
1316517439287500800	
1316513403859619840	
1316205361775423489	
1316503795359252481	
1316184212828028938	
1316506842357526529	
1316219930463805442	
1316182949923033089	
1316204624861376512	
1316183957759758337	
1316553133766647808	
1316559444667322370	
1316756463700848642	
1316540306536509447	
1316589902755229697	
1316620110065524736	
1316742639874605058	
1316738094616502273	
1316710492287754240	
1316699108476956674	
1316675354711527426	
1316639462055706625	
1316563192223535104	
1316565708872970241	
1316567526453784577	
1316567740442914816	
1316578515177725953	
1316586115521015808	
1316589401162612738	
1316560113067409410	
1316845554991853569	
1316882684971487233	
1316883288150212608	
1316777006365892608	
1316813622434312192	
1316793475220877313	
1316779645107400704	
1317046393261928448	
1317050416228716544	
1317211892780335104	
1317232658947076096	
1317244363328638977	
1317235580896309248	
1317251147900588034	
1317029282829533185	
1317232578328289280	
1316970129968824326	
1317233644520562688	
1317067505991647232	
1317086571947057152	
1316958065359491072	
1316952290054602752	
1317069985894846464	
1317140784651653122	
1317120653946912768	
1317118283150249987	
1317106804845838336	
1317101274492489730	
1317092368462524416	
1317087928586297350	
1317076600224186373	
1317153366842232833	
1316964600710111235	
1317163434518118405	
1316938097117089792	
1317166286804275207	
1317108050382159873	
1317164667886817280	
1316950759993376768	
1317012429436559362	
1317004869434224640	
1317001111182708737	
1316999086319521792	
1317188562790600709	
1317186027648409601	
1316919800912891904	
1316895810026614784	
1316892034486145025	
1316898261693857793	
1316900944295153665	
1316902186375405569	
1316910522219061248	
1316911122826526720	
1316930730329604098	
1317446280369590274	
1317597541916155905	
1317605333871853568	
1317571122821562370	
1317435447749054466	
1317420365971324928	
1317382605323587587	
1317563809721090050	
1317519013237411841	
1317517536322293760	
1317285069376151553	
1317266457236021249	
1317317941038338053	
1317308100660047872	
1317287488369688576	
1317319956371996673	
1317344851478937602	
1317918449553854464	
1317912420229197825	
1317873094233591810	
1317929716796608512	
1317933761888198659	
1317941036434456577	
1317869057790648320	
1317861771546402819	
1317707249557569536	
1317623964965928962	
1317745000302641155	
1317967485161951232	
1317844144312778753	
1317827807024742400	
1317797845349564418	
1318171306299457542	
1318177612607459330	
1318140343972450304	
1318207803744452611	
1318102872417046530	
1318106881240584192	
1318133810618388480	
1318136063504863235	
1318152456916914176	
1318265708351000576	
1318180116879507457	
1318263166862766087	
1318258162764451842	
1318222901716393985	
1318243044563521538	
1318084488728092674	
1318068882159140864	
1318253098679308289	
1318041927497940992	
1318024109901729792	
1318278511937921028	
1318325581050728449	
1318288582533091339	
1318522424057626625	
1318514834602942464	
1318496453468299264	
1318492198938312704	
1318473286062395393	
1318469784917495809	
1318461993389592576	
1318435551989649409	
1318360545272057857	
1318694930831769611	
1318361390185205760	
1318368680737087489	
1318612948865122308	
1318611584021909509	
1318600377542021122	
1318567676193742850	
1318365900609884162	
1318555087489335298	
1318614242589855745	
1318564987674255360	
1318678653845360646	
1318663548768309248	
1318655992582766600	
1318620573686259713	
1318652205700972544	
1318537513762435078	
1318405348005466114	
1318411956815073283	
1318686195954614272	
1319047116363321346	
1319016859946156049	
1319030285091078156	
1318848005974478849	
1318705055546003456	
1319012948468101120	
1318714210960986114	
1318932590863200258	
1318934846232735744	
1318996958321790978	
1318896087000928259	
1318877204667912195	
1318899884523769857	
1319020738096058380	
1318838892037050368	
1318831913302458369	
1318704203435474951	
1318797428116606976	
1319036022827700225	
1318801954479480832	
1319044722447519745	
1319049092211892224	
1319052903471108096	
1319024422758526982	
1318772197540835329	
1319201082518765571	
1319266266968956929	
1319250162385096704	
1319273810663596042	
1319370704425537537	
1319190771413753856	
1319374443014217728	
1319417031893057536	
1319424566117257221	
1319348816194174979	
1319254706804396032	
1319186744965763073	
1319325414297317376	
1319167884157984769	
1319102701309956097	
1319105463007543296	
1319321627734269952	
1319103186188324864	
1319313084339671042	
1319295727265288192	
1319288417415434245	
1319082320394133507	
1319075933089898496	
1319286153732739073	
1319090870055014400	
1319141707536125952	
1319123587975028737	
1319122004365160448	
1319705181546778629	
1319693841268658179	
1319686851414863877	
1319667408781586432	
1319654845075329026	
1319642252151562242	
1319620862719545344	
1319785699206365184	
1319780414744088576	
1319774249310212099	
1319789287701819392	
1319770355788034048	
1319790505132216320	
1319760780875751424	
1319722807358607366	
1319732324024635401	
1319715260815769605	
1319455143193157635	
1319453642680901632	
1319451907749011456	
1319449522066608130	
1319445854076502021	
1319439688722190336	
1319601966490636288	
1319590641043705856	
1319579528608534533	
1319448839720402948	
1319524403235913729	
1319560702227587072	
1319489004941828096	
1319490488097964034	
1319812580316188679	
1319818563994095616	
1319822814078210053	
1319800435478233090	
1319792077262123009	
1319793904036810752	
1319798510691168256	
1320002885195829248	
1320028538142076929	
1320043902842343425	
1320055986535780355	
1320054488363896833	
1319975953959964672	
