1254921028289126403	
1254883434696187904	
1254865919131529219	
1254870701573537793	
1254873214209142786	
1254876838154964993	
1254885825122361354	
1254888321341370368	
1254890713839357952	
1254890831200337930	
1254898377394970626	
1254903419132956672	
1254905927716790274	
1254594884842983425	
1254780745421209602	
1254786367466246144	
1254790344677285891	
1254794506257522688	
1254799915814981633	
1254800177296281601	
1254802514190483457	
1254806705281605633	
1254810594290667521	
1254822663400366083	
1254824800419221506	
1254830188589977600	
1254837735984173057	
1254847551595053058	
1254853734099816450	
1254814324360699907	
1254591163811672064	
1254764926968770561	
1254572244556296195	
1254690666040504321	
1254651777565196288	
1254733735334985728	
1254723597383413765	
1254720837279797253	
1254711201457717248	
1254707060840771585	
1254729285820198913	
1254737669126569984	
1254741460534153216	
1254742459315339264	
1254750830156226561	
1254756463181955072	
1254757215124275201	
1254761042338623488	
1254703897974837248	
1254700222673977344	
1254683459806810113	
1254693874305548288	
1254603962126422017	
1254613787870724098	
1254617534684368903	
1254621577112621057	
1254627342565232645	
1254630814937157633	
1254636665550909440	
1254697308379324416	
1254640199646183425	
1254647747669524480	
1254685967107133442	
1254683229896007680	
1254905928253661190	
1254564699691237377	
1254576019983433728	
1254579790566260736	
1254910961212850177	
1255281177964969984	
1255285554914213888	
1255152887170138121	
1255219650390110214	
1255157354376638472	
1255215878284640261	
1255216618650644480	
1255276484454952960	
1255153008834482177	
1255162575932870656	
1255159872880082944	
1255270838129090562	
1255210225851863042	
1255207134083629056	
1255044348724609027	
1255196729206550528	
1255088147798597633	
1255084357049618432	
1255083157814161409	
1255079625115516928	
1255076316321329152	
1255014151409319937	
1255089898656354304	
1255182758483279877	
1254949361882025984	
1254948176055984128	
1254945821306560513	
1254938838700605445	
1254937154888712192	
1254936622065496065	
1254951299830837248	
1254930856566755330	
1255097774175125506	
1255107008828772354	
1255063982706241536	
1255059742814351360	
1255179992297807872	
1255051896605364224	
1255047877585506304	
1255101987697438720	
1255036925972557824	
1255025238959697921	
1255017675421556736	
1255069905021554690	
1255072031567200256	
1255132211902177280	
1255112050726113280	
1255028902587752448	
1254930602442309633	
1254928847520378880	
1254928594440257538	
1255241880578686979	
1255245074419585025	
1255254234066489345	
1255256925580800004	
1255258503855341568	
1255261698568716288	
1255238724037808135	
1255265578299854848	
1255274307653115905	
1255236595440967680	
1255234109175201793	
1255148512662024192	
1255188873040273409	
1255194025356857345	
1255270332514144258	
1255238608937791493	
1254958089297473536	
1254967347301027841	
1254927585554898944	
1254927329001865219	
1254926294984212480	
1254954713818238976	
1254957761990885379	
1255005331714965508	
1255000066689044480	
1254997545933250560	
1254993258276626432	
1254991487659585538	
1254985471442202625	
1254981937644613642	
1254981687471214598	
1254979643754582018	
1254976169386147843	
1255199181683273730	
1255553959789498370	
1255579962796576774	
1255557488914632705	
1255565682080710656	
1255570603978997771	
1255571691952095237	
1255577311522492418	
1255582649458069504	
1255549925162704898	
1255586813907021836	
1255548348951560192	
1255336293195808772	
1255539863958536193	
1255341568992718848	
1255336764664840193	
1255334686701871104	
1255334550017921025	
1255330957235752961	
1255329224078041089	
1255543176577892354	
1255611602302382080	
1255602806830043139	
1255607974157942784	
1255614609890906115	
1255615544742547456	
1255619664257916928	
1255600270081437696	
1255598229154156545	
1255602537035685891	
1255343603230138368	
1255344634521432066	
1255300031353143297	
1255346196421492737	
1255643296975785989	
1255644530780434433	
1255431814715506689	
1255297041682640896	
1255380820740771841	
1255379405104386048	
1255376543397883904	
1255643056428195841	
1255373275930284032	
1255371764814798849	
1255368745507328002	
1255364958956765191	
1255362951038611457	
1255362184084946944	
1255361448563347458	
1255381074823327747	
1255371770602967042	
1255381337739071491	
1255641432926425095	
1255636250234667010	
1255315376210092032	
1255315705496514561	
1255308077747879937	
1255309353944518658	
1255307945501433857	
1255307136420233216	
1255302861908586497	
1255637492096806912	
1255300611815485440	
1255646829951229954	
1255644816840331264	
1255644811484332043	
1255628716379713540	
1255632232435286017	
1255634605161484289	
1255634742663315456	
1255422333461897219	
1255294882501058560	
1255291744704499713	
1255318155473420288	
1255453325555875842	
1255527352316166144	
1255467161914675202	
1255482054650867716	
1255489978337034240	
1255497271581593601	
1255320574294982659	
1255501010723889152	
1255510821406478337	
1255325343684198400	
1255329114120126464	
1255355653067091969	
1255351523049160707	
1255351129774358530	
1255349615852912641	
1255504553199443979	
1255322933020557312	
1255324619130765312	
1255459340762451972	
1255290679334449152	
1255440213880569858	
1255437130538631173	
1255625673709887488	
1255427108853231617	
1255419820453105667	
1255384283373592578	
1255415290130837506	
1255413526539186184	
1255412014027091974	
1255405479163056128	
1255403709955178501	
1255401454678036483	
1255398490722775045	
1255626710684282880	
1255622849060012032	
1255624917363630080	
1255344822937882626	
1255287966999642112	
1255333759202799618	
1255980344685330433	
1255983174229938178	
1255695150069821440	
1255701420994703362	
1255711856951463936	
1255711987054641152	
1256008452977065985	
1255714452151959554	
1255719806680150016	
1256007421173968896	
1255997384653516807	
1255874574371164160	
1256002943255547906	
1256002416715145219	
1255999191274356743	
1256001331753615360	
1256003670321377281	
1255723825607696384	
1255937862773719044	
1255750009330548737	
1255968286262640641	
1255959517285810177	
1255950113249386496	
1255944202577498113	
1255941100054994950	
1255933326419996672	
1255653277640749056	
1255653857323036672	
1255653040331210752	
1255814192784965632	
1255809134752137216	
1255806649249542149	
1255799591175360515	
1255972298504441857	
1255797886387970050	
1255783992537886728	
1255774404849668096	
1255829322759274497	
1255835578668650497	
1255652845530968066	
1255650844697124865	
1255648167875534849	
1255874695154544642	
1256006177957261313	
1255869371458695169	
1255860166391668737	
1255846893801873409	
1255793730570903552	
1255750010110726144	
1255975981191507968	
1255920016161210370	
1255742465421848577	
1255731644587180032	
1255689644244680709	
1255687088252563456	
1255686083888758784	
1255683792427245570	
1256009205741486081	
1255683322019266560	
1255681558318649346	
1255676256353468416	
1255676253736239105	
1255676253560025093	
1255675626280886273	
1255976450278203394	
1255674834731839488	
1255660148602941440	
1255688825486991360	
1255662175055761411	
1255663157688836096	
1255663441655840772	
1255666313474818048	
1255667279481712641	
1255670078294700032	
1255653603148206082	
1255882120590999556	
1255889748062855171	
1255901302191796224	
1255918788337446912	
1255672797893967873	
1256009716838301703	
1256071127174123520	
1256067348257275904	
1256065085933596673	
1256115672578482177	
1256154144961937409	
1256172774273552386	
1256166274142556160	
1256163193895952384	
1256156532988878850	
1256072361369100290	
1256117912445882373	
1256173868093509633	
1256074640369364993	
1256089744955539456	
1256098539836444672	
1256299210045087750	
1256136542172651522	
1256086223304744962	
1256132008675364868	
1256338128861724672	
1256126731406188544	
1256338881944989697	
1256344029949759489	
1256347840684666882	
1256029351902171136	
1256036104433795072	
1256037935905996802	
1256026484617207809	
1256041007138791425	
1256044817093558272	
1256045806408232960	
1256046956541030405	
1256055796540071936	
1256058060663066625	
1256023647078117376	
1256023545953517569	
1256010913980854272	
1256010969895047169	
1256010970016681990	
1256012980300455938	
1256013543448752130	
1256019928995344384	
1256023372518920192	
1256058295833563136	
1256180256249176065	
1256058589057187840	
1256122221975810048	
1256129488548761606	
1256335097323642882	
1256331341370544129	
1256220854553370630	
1256320976737861633	
1256010473516027904	
1256327623694671872	
1256286042002513920	
1256289833879773184	
1256297372419796992	
1256301828834279425	
1256308490605170689	
1256308690853875712	
1256270943065976833	
1256268184262508544	
1256202158430662656	
1256206841803046912	
1256209302597111809	
1256229406965628930	
1256255853243629574	
1256263374981206018	
1256267139373166592	
1256318546184818688	
1256361546516697088	
1256363824040611841	
1256367628802801664	
1256371851338625024	
1256188772296921088	
1256505226963701762	
1256429455700103168	
1256512777394565121	
1256527875433529344	
1256444822732320770	
1256535417417072641	
1256577212016472064	
1256482582205804545	
1256478796141690885	
1256475026708144128	
1256471265315033089	
1256464184553938946	
1256463704968900608	
1256458647900733440	
1256531655919050752	
1256446094533369856	
1256437005338083328	
1256433482340933632	
1256490120947142656	
1256501449640591360	
1256573163913256960	
1256572702674030592	
1256561852273897472	
1256542609419493377	
1256539196505890816	
1256441031916236800	
1256394238897635328	
1256387953968009216	
1256398539783057408	
1256402289100718086	
1256403283255545857	
1256406037948583937	
1256406806319861760	
1256411243985993728	
1256414599173332992	
1256419650604281856	
1256422430253428739	
1256422688467439616	
1256406953229680642	
1256579248342564865	
1256421906028228610	
1256425932530712577	
1256580712368615424	
1256652952758075398	
1256650167719264257	
1256632304635699201	
1256629548508237825	
1256625519749206022	
1256622749797187590	
1256620149865676803	
1256619982886252545	
1256602875956023296	
1256599349301325824	
1256588278956011522	
1256635066781925382	
1256644686132973568	
1256647655217913857	
1256687930384539649	
1256685923040976896	
1256683147644764162	
1256674914075115521	
1256662508716331008	
1256659777293299712	
1256657961419550720	
1256647391546990594	
1256637842123567105	
1256689959043506177	
1256390624774885378	
1257037250237366272	
1256901382235475968	
1256905365867892737	
1256882719281352704	
1256943108811624448	
1256795892750921735	
1256810984154464256	
1256856279508795394	
1256818531754270722	
1256935547974672384	
1256863824252211200	
1256867629467348992	
1257018354386325505	
1256754108536586240	
1256750381448802304	
1256765481882660865	
1256742537945059330	
1256735262526373889	
1256995720038617088	
1256969305809444865	
1256991965532565504	
1257029672631762944	
1257090105937928193	
1257082536351731712	
1256946666189586433	
1257074990043856897	
1257059891732197383	
1256761655402397699	
1257063647022649344	
1257397096837197828	
1257399631849361408	
1257402129548967939	
1257402133797908482	
1257406391192616965	
1257426548233244672	
1257422078388682760	
1257364856719790094	
1257286379593228289	
1257282594116448260	
1257278849462743045	
1257414735596859393	
1257394578694553603	
1257442983617744896	
1257367209145503751	
1257275060303335424	
1257387031682048002	
1257354346192351241	
1257259948725153794	
1257301494552027138	
1257304501158993929	
1257309040918450176	
1257311379079327746	
1257313794813902851	
1257316580708372480	
1257321613676011526	
1257324131525124097	
1257326645268099072	
1257265586041692161	
1257331682815946752	
1257341736399110151	
1257357916514004992	
1257296438003994625	
1257290140373917697	
1257216659925995522	
1257218684625575937	
1257225735179309056	
1257226219478802432	
1257233768382967808	
1257236040634576897	
1257239573450670081	
1257254654192291846	
1257256920118972416	
1257336710989570060	
1257139174983024640	
1257459852898643968	
1257154237039030275	
1257157779032326147	
1257161791546765317	
1257176895327797248	
1257180939018481670	
1257184455376199680	
1257188494969110530	
1257191993769447424	
1257199566883037185	
1257146712189173761	
1257135377581780993	
1257131592935510017	
1257456947609194496	
1257454007192358919	
1257446607647379458	
1257376974735056898	
1257134857962037248	
1257105171827625985	
1257112735025946625	
1257120287700762625	
1257124068299616258	
1257671441916583940	
1257673927775653894	
1257676447575085057	
1257681693726642181	
1257680815040999425	
1257678976622960641	
1257683983942459392	
1257668896414408709	
1257666363075821570	
1257656312403505152	
1257734334188064772	
1257585516352069639	
1257596019270995968	
1257600950061215745	
1257603710844370944	
1257606733037539328	
1257612269111910400	
1257615364550201345	
1257663861471223811	
1257618589508665344	
1257626133035716608	
1257633662520242182	
1257540535956443142	
1257540793813929984	
1257548855157174273	
1257641240159563776	
1257644982195884034	
1257699087874510855	
1257701618641969158	
1257711121668231168	
1257722384313917443	
1257691551213502466	
1257686510507360259	
1257652536158404608	
1257622332887179264	
1257785470412619776	
1257485687730900993	
1257485962600419328	
1257490984713072641	
1257492474735583232	
1257492624472072193	
1257483173518336002	
1257479145875025921	
1257460279883051009	
1257470602388156423	
1257478630759903233	
1257492990974742530	
1257503029751762950	
1257505129097461760	
1257508062975471616	
1257508107669954560	
1257510579461373952	
1257511931696549889	
1257515866759012352	
1257520413078360064	
1257524191924011008	
1257531762118443011	
1257540044467965953	
1257779280752205824	
1257789882887520268	
1257804027900891139	
1257814532103290881	
1257778566693105665	
1257744384105353218	
1257749349477597185	
1257755174325694464	
1257759725762031624	
1257762279971524619	
1257764764467507204	
1257767302482845696	
1257769818217906176	
1257775293084758017	
1257819320261980162	
1257528240492752896	
1257772327938297856	
1257807266377539587	
1257536261071527941	
1257500289223049218	
1257497996679237633	
1257495508664401926	
1257495479950196737	
1257494745351413760	
1257501032478900224	
1257492986268659714	
1257495993148416001	
1257883052841283584	
1257886576543227904	
1257883033782247427	
1258180456262008832	
1258089145693544454	
1258079094320791553	
1258076573942583298	
1258074066596093952	
1258071559538978818	
1258069041224323075	
1258094193806839811	
1258066521181622272	
1258099233523142656	
1257962196434370560	
1258036313460289536	
1258026266038542337	
1258028774479876097	
1257898160657248256	
1258065251867729930	
1258096648049197056	
1258101778526109699	
1258104268223062022	
1258163035128152064	
1258134460094197760	
1258174954249519106	
1258156090275086336	
1258147147020730369	
1258147024098095104	
1258171208912310272	
1258140228633522177	
1258121888137691142	
1258121590702825479	
1258116855761379334	
1258111802082238465	
1258031282598170624	
1258033827915669508	
1258041075324813314	
1258046396894269447	
1258064008940269570	
1257948219587342336	
1257896143201148929	
1257889349611532288	
1257891864595881986	
1257890366201769985	
1257890103072100354	
1257889847160815616	
1257950680633036800	
1257887836071759874	
1257887084968280065	
1257958051623174146	
1257920572656422914	
1257914045157515264	
1257901675043528710	
1258052738451230720	
1258058955101810690	
1257979068923985925	
1257964992030277632	
1257965348168634371	
1257967603416551424	
1257969279422562305	
1258011163683704832	
1257987369690705920	
1258003620257320960	
1258007387295932417	
1258056435558211585	
1258061472711823365	
1257924335442038785	
1257904702815195143	
1257942449365880835	
1257871480492359680	
1257872967284871168	
1257865962977714181	
1257863141691502592	
1257858582663446531	
1257860314780950530	
1257862578035806213	
1257862901030965249	
1257857574839320577	
1257858003295846400	
1257855293557522441	
1257838195154268164	
1257834193125617674	
1257839024364019720	
1257850441922228225	
1257828957170384896	
1257858168585023488	
1257823903273058304	
1257832291256225792	
1257879036103139328	
1258381159542784003	
1258373523480948736	
1258365988896194562	
1258441520438546436	
1258445536291667969	
1258504556964691968	
1258500768526712836	
1258308243027365889	
1258489310506110982	
1258488687861456896	
1258488566835011585	
1258488222923010048	
1258486824315617283	
1258483750519934976	
1258475513762516992	
1258469176953446401	
1258464139590144000	
1258386129906270208	
1258207707955412992	
1258443998177513472	
1258451695375470592	
1258455682535362560	
1258393669138362369	
1258403838006038529	
1258319179465326593	
1258324712825987072	
1258328886502440961	
1258313383612502016	
1258311375186792448	
1258524542424608778	
1258533347019505666	
1258533447150104581	
1258539658704588801	
1258523033389563904	
1258334276329918464	
1258335815056404483	
1258338041766305792	
1258507933739958272	
1258508197184200705	
1258523033565712394	
1258409113199022080	
1258410273817460736	
1258411907419197443	
1258419900240060416	
1258426389356740609	
1258433937690562561	
1258398708720336896	
1258507352598122496	
1258523030386429952	
1258523030105382912	
1258517024415731714	
1258512391756582913	
1258510829928005633	
1258508623845584897	
1258509656676118528	
1258528002419249152	
1258294216289116160	
1258242666330030080	
1258206227701682177	
1258209714946670592	
1258215244947750913	
1258218003939954689	
1258220280851451907	
1258223286426763272	
1258223297214504963	
1258225819866083333	
1258280169309122561	
1258236386873933825	
1258234362266558464	
1258232845509840901	
1258232103063433216	
1258229910151331840	
1258267852227960832	
1258262553530118145	
1258264075315879936	
1258192696050700289	
1258184835589439491	
1258194364695797760	
1258184808460627978	
1258258520975314944	
1258256522200649729	
1258253744631930880	
1258252997508857856	
1258252222250582021	
1258258032049389568	
1258260553446850560	
1258248725530640384	
1258248465953546240	
1258246688260657152	
1258250986767953921	
1258720804197601280	
1258871798831239169	
1258713289305067520	
1258709504532926465	
1258706224113213440	
1258679406534557696	
1258700693415886848	
1258693386598563842	
1258689606620516353	
1258656642679390208	
1258682060862115840	
1258703205732581376	
1258699188470263810	
1258638534140985345	
1258654366170578944	
1258631716815675392	
1258634245293125632	
1258637080307122176	
1258637533103165440	
1258639532611850245	
1258641548918620161	
1258646816364662784	
1258650853084475393	
1258653141052129280	
1258728389525090304	
1258808914780528640	
1258819007072874501	
1258724614315835392	
1258675279763030016	
1258668224301932545	
1258821141147324421	
1258671033944625157	
1258869546288644100	
1258660336812597248	
1258821143483604992	
1258854947241840645	
1258826524096114689	
1258861746527363072	
1258569219190321152	
1258569805159739392	
1258588959187316738	
1258592722698584064	
1258594726158258176	
1258596512566784007	
1258600290074472448	
1258600471897550848	
1258601207783780352	
1258603547018645507	
1258604058937565184	
1258605694476890113	
1258607825183485952	
1258611357840224257	
1258620461900083202	
1258585176998907905	
1258582244874227712	
1258570270605897728	
1258570711293022208	
1258571753296744448	
1258573776985489408	
1258569542793453568	
1258577480300068869	
1258580665815183360	
1258581155562917888	
1258856738515804163	
1258846665877970945	
1258843109800046593	
1258622935675342848	
1258829302596067336	
1258831542815805441	
1258836238884392960	
1258803857221541888	
1258801359152963586	
1258800060923551745	
1258743471407607808	
1258749759298449410	
1258766431174475777	
1258630482704695296	
1258769007609556993	
1258777435572711432	
1258786266365267968	
1258824008717475840	
1258789204038991874	
1258558998858682369	
1258551972807901184	
1258548802018930688	
1258548245363437571	
1258560007781715969	
1258562419791716353	
1258564546375159808	
1258836583421292545	
1258567573525991425	
1258867041794240512	
1258568580108607490	
1258859238924980224	
1258841219657949184	
1258793799620403202	
1258547196984619008	
1258907306739326976	
1258897236873936896	
1258894735202299905	
1258887154371039234	
1258884653756248064	
1258879403347623936	
1258878269182611469	
1258548009123475456	
1259075936852545538	
1259079679912431616	
1259083443767439360	
1259156688948649985	
1259098571070210049	
1259064576097890306	
1259101846595153921	
1259247293863165954	
1259164225907417088	
1259226665185685505	
1259244519746424832	
1259256867383099392	
1259264154629804037	
1259060598534557697	
1259026853148323846	
1259049482911649798	
1259151186722279425	
1259222635180888064	
1259109422489579520	
1259121219317780480	
1259121958307889155	
1259128089440903169	
1259132530109931526	
1259136083343876096	
1259140075302146050	
1259147137755025411	
1259115540070752256	
1259171793790697478	
1259178466672607233	
1258925740080410624	
1258962680481820672	
1258970222616346624	
1258966445586886656	
1258977758711070721	
1258987830694612992	
1258909816539537408	
1258914849809104901	
1258917362373406721	
1259211630140891136	
1259147030288568320	
1259015511968538624	
1258951346209898497	
1258950851332321282	
1258947578487595009	
1258943795942625280	
