1258985329303961601	
1258939799710261249	
1258932986218758149	
1258932463382007809	
1258931370459459584	
1258931205203877888	
1258929945314840581	
1258927188398784513	
1258922407844331521	
1258919890905432070	
1259174559116406786	
1258941898393366533	
1259562619876397057	
1259555853465718791	
1259620880239427589	
1259619499722117123	
1259611967829966848	
1259483605245493249	
1259510563299876869	
1259544017181847553	
1259623021825966081	
1259627060567425026	
1259570172072992773	
1259596605264744448	
1259592822946234373	
1259600377810485248	
1259604395987292162	
1259377904099774466	
1259430764086689792	
1259283278105845767	
1259275732427079680	
1259468507651158016	
1259287072541757440	
1259385463183466496	
1259290852121120768	
1259445831314391041	
1259457186226454529	
1259340145234513925	
1259332609722716162	
1259324807281287170	
1259321033275957249	
1259294615955480576	
1259305923304206336	
1259298373464666112	
1259343681993216006	
1259347703718457345	
1259438126826692609	
1259464729921294338	
1259445858766028804	
1259456321721688065	
1259475808407748609	
1259755385981939713	
1259848414008918024	
1259850782821756928	
1259793148223553541	
1259745070405779457	
1259751370124656641	
1259847089825165316	
1259751365032792064	
1259789110136446978	
1259845744196009987	
1259796671124443136	
1259838227567042564	
1259833144888475648	
1259823121189797889	
1259819310035480578	
1259808003278155776	
1259800480345096192	
1259830699718295553	
1259740285170483201	
1259786380856758272	
1259843227466846214	
1259772245012078594	
1259784842687975424	
1259785589689323520	
1259774012533673984	
1259675868005388288	
1259881977127276550	
1259687431391117314	
1259953853857968132	
1259951931843362817	
1259959325251928065	
1259980603090448384	
1259994484944900096	
1259948542292000769	
1259898564529946628	
1259883482744004622	
1259947156787441664	
1259911172142370816	
1259908649897603077	
1259931311768289281	
1259926274442739712	
1259918726369095681	
1259916212202606593	
1259913713114644486	
1259954457221226498	
1259679903089393664	
1259956952148344834	
1259959784457097217	
1259690961568923649	
1259695011739906056	
1259697207852388352	
1259668338894143488	
1259702553618657285	
1259710082079764484	
1259713619635437568	
1259928788588269569	
1259717650021826568	
1259634588680323073	
1259638376317272066	
1259970160233979904	
1259959020204556301	
1259747852504481792	
1260141188297916416	
1260311052522307584	
1260307307679940608	
1260239590545338369	
1260235939776954373	
1260143958321180677	
1260233304625885191	
1260162830722109440	
1260159039377457153	
1260147733832368128	
1260314279179321349	
1260082044706619393	
1260155272921743360	
1260249628034977793	
1260324145998462978	
1260324454313398272	
1260345266231808001	
1260351191558619139	
1260328931938439169	
1260295261244526592	
1260242942075297798	
1260246070170451968	
1260253441429037057	
1260255943838834689	
1260260182376034306	
1260260994686820357	
1260121305996767234	
1260266012747890689	
1260321421663916033	
1260116526415347712	
1260082785978667008	
1260268652013785089	
1260085315177496577	
1260181697376763904	
1260195540068941826	
1260200555063898113	
1260203082350235648	
1260208149652537344	
1260177923530686464	
1260215930887569408	
1260218529074331649	
1260225754576687108	
1260226993804791813	
1260229522219249665	
1260231347865600000	
1260232645566439424	
1260166593088233473	
1260193020181467137	
1260276108550864896	
1260073978187694080	
1260283641982263297	
1260080024704749574	
1260050080767320064	
1260053363338731526	
1260055102502703104	
1260055359177347073	
1260062928214077441	
1260064695152771072	
1260049590058979328	
1260068213972520963	
1260068448442429441	
1260068699593150485	
1260072471287513094	
1260072485288054786	
1260020966882594824	
1260026584351649793	
1260027893125537794	
1260030599231713281	
1260034461011529728	
1260035490360639488	
1260036976541138944	
1260038390025793538	
1260039268237484033	
1260039515688837122	
1260044034225123328	
1260045301320167424	
1260023516050546688	
1260046043833675777	
1260027581518110721	
1260281111353180162	
1260286136796221440	
1260291206107594752	
1260238031849652230	
1260081038077972480	
1260078012139266050	
1260011395044659201	
1260019477057400837	
1260505070422106113	
1260502551931346948	
1260500555610324995	
1260540324696424448	
1260544080657997824	
1260555428100026368	
1260551645148086272	
1260560448228929536	
1260562979164127234	
1260565480605200386	
1260547869599203330	
1260510139607584769	
1260670148555374592	
1260525222203187201	
1260528995046694914	
1260425038819405829	
1260368994344861696	
1260366340692606976	
1260363809199398912	
1260646027595411456	
1260648521255940096	
1260653543767199744	
1260661512340938753	
1260372613471309827	
1260666383320391681	
1260521430032289792	
1260575849528647683	
1260468849461297155	
1260481686342635520	
1260673931083685897	
1260478399501475840	
1260461286430736385	
1260460287565729793	
1260453995883237383	
1260453742270431232	
1260449947884965888	
1260446185602584576	
1260443419387793409	
1260442431306244102	
1260437133845770240	
1260434009705906177	
1260433590107516928	
1260578097457442818	
1260680593542647814	
1260695092614041602	
1260585787143438337	
1260595670676881414	
1260600719494823936	
1260613290637615107	
1260588134900944897	
1260620854226046977	
1260628389276377089	
1260633406708187138	
1260688872897380354	
1260699752376737795	
1260667655595470851	
1260375356810448904	
1260375472573210625	
1260412219826855939	
1260408450800066562	
1260397138426712064	
1260385732914528256	
1260389354788343812	
1260390810807414785	
1260720902104367105	
1260567984453664770	
1260580601868017664	
1260640904379015174	
1260882115555733505	
1260892308779798528	
1260889365175242754	
1260887653488234496	
1260872505100730368	
1260857924433465344	
1260851625721241600	
1260847329952894977	
1260845311871856640	
1260842009125928960	
1260841551476985856	
1260840054676688896	
1260929835708239874	
1260823433623097349	
1260895168342962177	
1260898934119153666	
1260923408239509504	
1260758526441316352	
1260761769653481474	
1260762277772484609	
1260787436646473730	
1260789686475403265	
1260790953033547777	
1260786684494479360	
1260799268148908033	
1260800777750286336	
1260802288656007168	
1260804823252897793	
1260808572046397449	
1260812364657627136	
1260815354823168000	
1260784927299207168	
1260902715288403969	
1261063006139461632	
1261063993730326530	
1261066779994066951	
1260819909900144644	
1261074079488106496	
1261076364880478209	
1261076574725705734	
1260764520592662528	
1260756983457726466	
1260769553807626240	
1261014689019985927	
1261009659835678720	
1261008417478651905	
1261005873901637632	
1261003376902504449	
1261002946545934336	
1261000910228140033	
1260997097358229504	
1260932901425647623	
1260925154617700359	
1260768547162279936	
1261017215308095491	
1261029781933453312	
1260775602732314628	
1260774586943016962	
1261032318581583872	
1260777103466696704	
1260779620133212160	
1260780652884090883	
1260782136799289344	
1260783663123443712	
1260784401727713280	
1260980713140166657	
1260978242623856640	
1260973163762065410	
1260971920767569920	
1260970533140774912	
1260958062166278146	
1261034828088193029	
1261037325825511425	
1260965621262581760	
1260994918690013187	
1260990784691752960	
1260960588420743172	
1260934778032926720	
1261053743086403587	
1260947886432542720	
1260950512507269128	
1260953028464705538	
1260954309237313537	
1260955530383839232	
1260944227552329730	
1261367012019834880	
1261359476105494529	
1261160132525936641	
1261355736287678464	
1261330526557913089	
1261440357427888128	
1261442092410298373	
1261443051781853191	
1261445215589548032	
1261260069594902528	
1261262672525512704	
1261272668806041601	
1261238659736625154	
1261312905536049155	
1261435711623839744	
1261315415453597696	
1261383610675781632	
1261385927378731011	
1261235147707383810	
1261405007305474053	
1261420102647336960	
1261431435015012352	
1261433462487052291	
1261320461159403521	
1261325499642662919	
1261328007584768000	
1261408772825575424	
1261231628359172097	
1261223822323310594	
1261219483957551104	
1261283941874642945	
1261287756384403461	
1261290272106991616	
1261292783534473216	
1261297818054123522	
1261300324163293185	
1261258137912446976	
1261210564593844224	
1261166954909499392	
1261171178447802368	
1261200924896264192	
1261204950807437312	
1261208480846942209	
1261215775735545857	
1261242935091384320	
1261333052137054208	
1261084040440012802	
1261155627172278272	
1261152107127848963	
1261140520568524807	
1261132978014560262	
1261132208456302592	
1261116345699176448	
1261116576683618306	
1261125404636651523	
1261121402180157442	
1261118126848180225	
1261117867917021186	
1261128377164939265	
1261111392918073351	
1261085998806528000	
1261102524393820163	
1261109320009334784	
1261108948075253763	
1261108709721169920	
1261103981939441666	
1261085148461834246	
1261102524519645184	
1261100508871364611	
1261100062257508357	
1261096177237463047	
1261095965869604869	
1261089795494871041	
1261088422623686656	
1261113615031156737	
1261110576668979201	
1261157628375437312	
1261612630806073344	
1261736975855386624	
1261766975879098370	
1261623941103259648	
1261748307489161216	
1261744235843391494	
1261751030447996931	
1261802919092842497	
1261793596799365121	
1261776716038647813	
1261594480957886464	
1261510126156034048	
1261519354585284608	
1261522028865228800	
1261525348665131009	
1261553999045591041	
1261556510871760896	
1261532546124439554	
1261577328309817344	
1261582428591869952	
1261584809018654721	
1261569874133946368	
1261572520173547520	
1261476267423076352	
1261465164479639552	
1261564970480869379	
1261561787360718848	
1261490278445101056	
1261490176661970944	
1261540958677741568	
1261547035209216000	
1261446993534124032	
1261451545935114240	
1261452416647442432	
1261452665835454464	
1261454756020715520	
1261552232488722433	
1261453302945857538	
1261547716716498945	
1261702985509482497	
1261691300983660545	
1261657925354958850	
1261653125120684033	
1261646594849550336	
1261638548995952640	
1261635018813837313	
1261680583329173505	
1261726374743740418	
1261707005175226372	
1261723609724260357	
1261948578345422848	
1261838889775517696	
1261846157514465281	
1261857744837136391	
1261884412737859584	
1261944820966268929	
1261975019028205568	
1261986347692195843	
1262020314822737920	
1262038941676589056	
1262042708421550081	
1262046502102409217	
1262048081773768704	
1262057844364529665	
1262114455300853763	
1262126014194503680	
1262154451604865025	
1262061599042547722	
1262099346616651776	
1262080498542809091	
1262156207118340098	
1261914628310908930	
1261831825963565056	
1262129545869754368	
1261819754496565248	
1261827783224942592	
1261808929173983232	
1262348479499767810	
1262295634830397440	
1262263410890362880	
1262265424005214208	
1262272982640197632	
1262277000682749952	
1262282290828390401	
1262307209339420674	
1262315001202819073	
1262318273833639939	
1262224159276490752	
1262333376519909377	
1262330673186119680	
1262174822177669120	
1262197489538666499	
1262201518285094913	
1262227681950732297	
1262250345356570625	
1262246805275922433	
1262325830648242176	
1262237356595298304	
1262340927814860802	
1262483608121597953	
1262495697154322433	
1262425232532557824	
1262359810181341185	
1262363563726966785	
1262369861256306688	
1262372400739561477	
1262374902151237632	
1262382437826539520	
1262384979667030022	
1262397549790539778	
1262400065936728065	
1262405107301351430	
1262410141028290567	
1262392506307747844	
1262468024386424839	
1262465499461570560	
1262432793268797441	
1262457981687533568	
1262525228477022211	
1262516406547107842	
1262502158764838913	
1262494741419130882	
1262437819470970881	
1262440338762928130	
1262445370749202433	
1262447862497058817	
1262452925017853954	
1262455441101074432	
1262470527056326656	
1262782595357642754	
1262780078808805383	
1262850050058747912	
1262800208527855617	
1262849780352499713	
1262776702557700099	
1262837395847819265	
1262825385030451207	
1262815297179959297	
1262872168351895552	
1262817813573578759	
1262886145861582849	
1262881308994228225	
1262880845594935297	
1262879564822458369	
1262878199194677249	
1262867737598181381	
1262678407713865734	
1262862461989982208	
1262639400674111488	
1262642929128087554	
1262767506290356229	
1262734765028970496	
1262737311135137792	
1262739813029085184	
1262718428810543110	
1262747360678952960	
1262749924346572804	
1262752378479972352	
1262760669113434112	
1262744867186151426	
1262714655253938178	
1262725969388933121	
1262707098619719680	
1262657016516001793	
1262650591010004993	
1262682199926734849	
1262683687172390912	
1262687472250687488	
1262695765316689921	
1262703325847355392	
1262563877130125312	
1262560051727872000	
1262558554403352576	
1262557585535721477	
1262853909665722371	
1262764967352315904	
1262572237963616256	
1262580407142359041	
1262583036073238532	
1262594298765287425	
1262606939319607296	
1262863608909893632	
1262607684819472384	
1262627819139579904	
1262631837408649216	
1262603390787432448	
1262635621186703366	
1262566121556905986	
1262536540108075008	
1262542767353298944	
1262554858399252480	
1262555620525264896	
1262555825685458945	
1262557214696407040	
1262615228384186375	
1263073253993709570	
1263080802012860417	
1263119815277006850	
1263104721197215744	
1263097165989191684	
1263084582506725382	
1263102200907210752	
1263055184911007745	
1263175175513821185	
1263042806819565569	
1263139950360432641	
1263150002441986050	
1263155030472957953	
1263160095229214726	
1263167617294008324	
1263187517425233922	
1263192821097541634	
1263204716932104193	
1263216610862665729	
1263224426688065544	
1263172659136696320	
1263027951106392064	
1263034240524070912	
1263035173907640326	
1263018136179224577	
1263020648034689024	
1263065705089507328	
1262935382175309826	
1262937597875302413	
1262967823472766980	
1263014871513403397	
1263000286886494208	
1262994467990188033	
1262956488244506631	
1262954721570099200	
1262952694546915334	
1262948930515619841	
1262945183093657600	
1262944153941442560	
1262941385231081477	
1262948177294045187	
1262960256491106305	
1262963798723432448	
1262983935262408704	
1262981649752604672	
1262979252049317888	
1262976856258740225	
1262974041993904129	
1262907020665028614	
1262910593192861696	
1262913549828939776	
1262934454256807936	
1262933859483648000	
1262926115506728962	
1262922256038182914	
1262920552127385601	
1262918284006920192	
1262916709683539968	
1262930053400276994	
1262899316311670794	
1262901802766225408	
1262901586692456448	
1263293190389534721	
1263291193917652992	
1263279770172829696	
1263275332209184768	
1263265798505795584	
1263262898987696128	
1263262340272791555	
1263285047806660608	
1263509753109643266	
1263397916900818944	
1263400402302746625	
1263408968774365185	
1263612814750560256	
1263613071408467971	
1263614408107929602	
1263535374799966218	
1263535159229415426	
1263533786849054727	
1263530136298835970	
1263296202365374465	
1263298719044247553	
1263304765615808517	
1263370217209593856	
1263366445167194112	
1263308291003777030	
1263376492660219905	
1263379934560628736	
1263620171052331013	
1263351365792825344	
1263306548266360832	
1263387044480458753	
1263338740149338114	
1263282312587776000	
1263308553026232320	
1263308803967266817	
1263312375064809479	
1263316980121157634	
1263346292509609984	
1263307299214458880	
1263324901869527041	
1263329929820766211	
1263291169217208321	
1263305538559004679	
1263305537216708608	
1263303752439623682	
1263342539949715456	
1263499823103303681	
1263408669674352640	
1263527483539939329	
1263526167992205313	
1263517436311146496	
1263514975924035590	
1263414243996708864	
1263418699798794242	
1263443197428195328	
1263542605343834121	
1263545127810842625	
1263424351136886786	
1263547626739433477	
1263548489767817218	
1263552236292112385	
1263554611673214978	
1263559219103633408	
1263568000483016708	
1263578127046864904	
1263578547265757184	
1263578887209906179	
1263550141610557450	
1263494964660576256	
1263579317935603712	
1263484724187672579	
1263467362122113025	
1263497837523992578	
1263482208700059657	
1263595831015301120	
1263584692474789892	
1263582903637692417	
1263446985723518980	
1263734117025406976	
1263624897185615873	
1263626528887209985	
1263726551549579264	
1263620637014319105	
1263718998702768129	
1263647573765750790	
1263689915327410177	
1263924920683200512	
1263907401020911616	
1263899997633986566	
1263946846789160960	
1263699592878493696	
1263947479176839168	
1263798026784686081	
1263977922429440000	
1263633146244853765	
1263633315027841025	
1263634038163570689	
1263634759152013323	
1263637932851621890	
1263686793695657984	
1263686922154602497	
1263678035468914688	
1263743910595178497	
1263751468701679621	
1263751476050046980	
1263753986164826113	
1263759014166433793	
1263781020295409664	
1263739149380714496	
1263736584555372546	
1263981936365666306	
1263746937892855810	
1263663242884374534	
1263765821433810946	
1263656600083951616	
1263973573250764803	
1263648214084751361	
1263969624120582146	
1263952649361199105	
1263890278521491462	
1263842075524595718	
1263839551145066496	
1263830400754946051	
1263830037318586370	
1263952895940100104	
1263801827751079937	
1263878338659188737	
1263864704360996866	
1263859690074771456	
1263782669848059904	
1263854659812327426	
1263852141275426816	
1263824476946477056	
1264337846997057536	
1264322756151214081	
1264311409732734976	
1264307631868477446	
1264300352305803264	
1264134237038444544	
1264295299176112128	
1264278201137803272	
1264268116441337857	
1264221320226713607	
1263984660260012033	
1264164453702160385	
1264171476376264704	
1264244392614862848	
1264186863293693954	
1264260334317166593	
1264257805554528258	
1264254825447018498	
1264253276767293441	
1264273155419451397	
1264230125559853056	
1264213509480624128	
1264119140027191296	
1264036350753464321	
1264018871125553152	
1264020466945187847	
1263993295748902913	
1264025124061224960	
1264028540112179205	
1264017253596626945	
1264018516643966976	
1264013253740560385	
1264010079461879809	
1263998318826401797	
1263998126681194498	
1264038930858508289	
1264046668569329664	
1263990271726911488	
1264088956330786817	
1264019651605848064	
1264058740199825418	
1264070065588252672	
1264073833671208960	
1264077604476387333	
1264081386798972933	
1264085162901594119	
1264048935280271360	
1264670287179788290	
1264451338982825990	
1264554653183881216	
1264549476691333122	
1264556863976353794	
1264568349201182720	
1264572126863994888	
1264575900491939842	
1264583447655469061	
1264567282472235009	
1264481539372564480	
1264590996681248769	
1264496400924053505	
1264500399287013378	
1264526821330124800	
1264587224554917888	
1264617231314542593	
1264662741241024514	
1264655169461137410	
1264640093991710725	
1264632544009629708	
1264624978546352129	
1264598547367895041	
1264688570553466881	
1264692930767355905	
1264677621012578311	
1264360517801476107	
1264443778812776449	
1264436245213655040	
1264421135120240641	
1264390718547730434	
1264383154472747014	
1264432459749502976	
1264813710641704960	
1264824790977785857	
1264832364879974405	
1264847455549603841	
1264810717175336960	
1264806177042563076	
1265055082044968963	
1264794856603430913	
1265067047551205377	
1265067898940403712	
1265068263731425280	
1265068430849380353	
1265068648567173121	
1265057823823745024	
1265052803724124165	
1265051546858983425	
1265065363068334085	
1264956920579993601	
1265061372385267715	
1264798611394695168	
1265027381955346433	
1264964478417985537	
1264972037719801863	
1264980497849036801	
1264980741903077382	
1264983350374252546	
1264990907050397697	
1264994911788634112	
1264998434668412936	
1265022352225718274	
1265024873459564544	
1265029637589143553	
1265032421759766529	
1264870109413347328	
1264873897666711553	
1264881424789897216	
1264888976852254720	
1264900283081072640	
1264904129643720705	
1264906576055459841	
1264919173848850433	
1264926719242371073	
1264864054616698882	
1264787046129860613	
1264885189546819584	
1264783520880263175	
1265042729110769664	
1265037691151888385	
1265044837688016898	
1265047769863028737	
1265048910478835713	
1265050291944280066	
1264951400456478722	
1264715353545981953	
1264760878429339649	
1264711808033722370	
1264749302787780609	
1264745776212819968	
1264738211382910977	
1264730673958522881	
1264726900448034817	
1264741752721768450	
1265352019151409152	
1265406634685276161	
1265416985845755904	
1265419154724663296	
1265422722991108096	
1265423933836271618	
1265319283132895236	
1265349555907952640	
1265336912581218307	
1265334680401989632	
1265333366838132736	
1265083002423517184	
1265316808795598848	
1265377722479661064	
1265387295034802179	
1265387405114253318	
1265401269650223104	
1265404382453137409	
1265406237434359810	
1265406548903448578	
1265401170584956930	
1265326833098043392	
1265331376334811138	
1265381444106534913	
1265137254525284359	
1265153962438778882	
1265247583276072961	
1265262692048216064	
1265141894415355909	
1265243818993090561	
1265238032871034880	
1265228547184111616	
1265236298090119168	
1265172096264687616	
1265183417060208642	
1265192973295333376	
1265195996553842689	
1265168797721399297	
